#kindex  E(k,1)  orb=0,UP  orb=0,DOWN orb=1,UP  orb=1,DOWN ... E(k,2)  UP DOWN  .....
0   -0.612047   0   0.0391647   0   0.00526071   0   0.955575   -0.612047   0.0391647   0   0.955575   0   0.00526071   0   10.3596   0   0.959398   0   0.000573223   0   0.0400291   10.3596   0.959398   0   0.0400291   0   0.000573223   0   59.0971   0   0.0014376   0   0.994166   0   0.00439634   59.0971   0.0014376   0   0.00439634   0   0.994166   0   
1   -0.607848   0   0.0390133   0   0.0052177   0   0.955769   -0.607848   0.0390133   0   0.955769   0   0.0052177   0   10.358   0   0.959554   0   0.00057413   0   0.0398717   10.358   0.959554   0   0.0398717   0   0.00057413   0   59.0945   0   0.00143252   0   0.994208   0   0.00435931   59.0945   0.00143252   0   0.00435931   0   0.994208   0   
2   -0.59538   0   0.0385607   0   0.00509035   0   0.956349   -0.595379   0.0385607   0   0.956349   0   0.00509035   0   10.3531   0   0.960022   0   0.000576734   0   0.0394013   10.3531   0.960022   0   0.0394013   0   0.000576734   0   59.087   0   0.00141733   0   0.994333   0   0.00424976   59.087   0.00141733   0   0.00424976   0   0.994333   0   
3   -0.575024   0   0.037811   0   0.00488361   0   0.957305   -0.575023   0.037811   0   0.957305   0   0.00488361   0   10.3451   0   0.960797   0   0.000580681   0   0.0386225   10.3451   0.960797   0   0.0386225   0   0.000580681   0   59.0747   0   0.00139212   0   0.994536   0   0.00407217   59.0747   0.00139212   0   0.00407217   0   0.994536   0   
4   -0.547399   0   0.0367717   0   0.00460546   0   0.958623   -0.547399   0.0367717   0   0.958623   0   0.00460546   0   10.334   0   0.961871   0   0.000585388   0   0.0375434   10.334   0.961871   0   0.0375434   0   0.000585388   0   59.0581   0   0.00135706   0   0.994809   0   0.00383379   59.0581   0.00135706   0   0.00383379   0   0.994809   0   
5   -0.513334   0   0.0354537   0   0.00426657   0   0.96028   -0.513333   0.0354537   0   0.96028   0   0.00426657   0   10.3201   0   0.963234   0   0.000590048   0   0.0361761   10.3201   0.963234   0   0.0361761   0   0.000590048   0   59.0379   0   0.00131241   0   0.995143   0   0.0035442   59.0379   0.00131241   0   0.0035442   0   0.995143   0   
6   -0.473828   0   0.0338719   0   0.00387972   0   0.962248   -0.473828   0.0338719   0   0.962248   0   0.00387972   0   10.3038   0   0.96487   0   0.000593649   0   0.0345368   10.3038   0.96487   0   0.0345368   0   0.000593649   0   59.0148   0   0.00125856   0   0.995527   0   0.00321482   59.0148   0.00125856   0   0.00321482   0   0.995527   0   
7   -0.430013   0   0.0320459   0   0.00345925   0   0.964495   -0.430012   0.0320459   0   0.964495   0   0.00345925   0   10.2851   0   0.966758   0   0.000595015   0   0.0326468   10.2851   0.966758   0   0.0326468   0   0.000595015   0   58.9896   0   0.00119598   0   0.995946   0   0.00285828   58.9896   0.00119598   0   0.00285828   0   0.995946   0   
8   -0.3831   0   0.0299999   0   0.00302027   0   0.96698   -0.3831   0.0299999   0   0.96698   0   0.00302027   0   10.2646   0   0.968875   0   0.000592857   0   0.0305324   10.2646   0.968875   0   0.0305324   0   0.000592857   0   58.9632   0   0.00112535   0   0.996387   0   0.00248778   58.9632   0.00112535   0   0.00248778   0   0.996387   0   
9   -0.334334   0   0.0277636   0   0.00257795   0   0.969658   -0.334334   0.0277636   0   0.969658   0   0.00257795   0   10.2427   0   0.971189   0   0.000585856   0   0.0282252   10.2427   0.971189   0   0.0282252   0   0.000585856   0   58.9364   0   0.00104747   0   0.996836   0   0.00211634   58.9364   0.00104747   0   0.00211634   0   0.996836   0   
10   -0.284938   0   0.0253718   0   0.00214674   0   0.972481   -0.284937   0.0253718   0   0.972481   0   0.00214674   0   10.2196   0   0.973665   0   0.000572767   0   0.0257624   10.2196   0.973665   0   0.0257624   0   0.000572767   0   58.91   0   0.000963338   0   0.99728   0   0.00175617   58.91   0.000963338   0   0.00175617   0   0.99728   0   
11   -0.236066   0   0.0228641   0   0.0017396   0   0.975396   -0.236066   0.0228641   0   0.975396   0   0.0017396   0   10.196   0   0.976262   0   0.00055254   0   0.0231857   10.196   0.976262   0   0.0231857   0   0.00055254   0   58.8848   0   0.000874154   0   0.997708   0   0.00141799   58.8848   0.000874154   0   0.00141799   0   0.997708   0   
12   -0.188763   0   0.0202843   0   0.0013674   0   0.978348   -0.188763   0.0202843   0   0.978348   0   0.0013674   0   10.1721   0   0.978934   0   0.000524453   0   0.0205412   10.1721   0.978934   0   0.0205412   0   0.000524453   0   58.8613   0   0.000781285   0   0.998108   0   0.00111057   58.8613   0.000781285   0   0.00111057   0   0.998108   0   
13   -0.14393   0   0.0176796   0   0.00103836   0   0.981282   -0.14393   0.0176796   0   0.981282   0   0.00103836   0   10.1486   0   0.981634   0   0.000488239   0   0.0178776   10.1486   0.981634   0   0.0178777   0   0.000488239   0   58.8401   0   0.000686277   0   0.998473   0   0.000840321   58.8401   0.000686277   0   0.000840321   0   0.998473   0   
14   -0.102299   0   0.0150989   0   0.000757738   0   0.984143   -0.102298   0.0150989   0   0.984143   0   0.000757738   0   10.1257   0   0.98431   0   0.000444189   0   0.0152455   10.1257   0.98431   0   0.0152455   0   0.000444188   0   58.8213   0   0.000590823   0   0.998798   0   0.000611103   58.8213   0.000590823   0   0.000611103   0   0.998798   0   
15   -0.064419   0   0.0125916   0   0.000527705   0   0.986881   -0.0644185   0.0125916   0   0.986881   0   0.000527705   0   10.1038   0   0.986912   0   0.000393214   0   0.0126951   10.1038   0.986912   0   0.0126951   0   0.000393214   0   58.8053   0   0.000496729   0   0.999079   0   0.00042419   58.8053   0.000496729   0   0.00042419   0   0.999079   0   
16   -0.0306606   0   0.0102061   0   0.00034743   0   0.989446   -0.0306601   0.0102061   0   0.989446   0   0.00034743   0   10.0835   0   0.989388   0   0.000336866   0   0.0102751   10.0835   0.989388   0   0.0102751   0   0.000336866   0   58.7919   0   0.00040587   0   0.999316   0   0.000278426   58.7919   0.00040587   0   0.000278426   0   0.999316   0   
17   -0.00122302   0   0.00798798   0   0.000213399   0   0.991799   -0.00122255   0.00798799   0   0.991799   0   0.000213399   0   10.0648   0   0.991692   0   0.000277278   0   0.00803084   10.0648   0.991692   0   0.00803084   0   0.000277278   0   58.7811   0   0.000320136   0   0.999509   0   0.00017054   58.7811   0.000320136   0   0.00017054   0   0.999509   0   
18   0.0238421   0   0.00597923   0   0.00011993   0   0.993901   0.0238426   0.00597923   0   0.993901   0   0.00011993   0   10.0482   0   0.993779   0   0.000217059   0   0.00600355   10.0482   0.993779   0   0.00600355   0   0.000217059   0   58.7727   0   0.000241381   0   0.999663   0   9.56073e-05   58.7727   0.000241381   0   9.56073e-05   0   0.999663   0   
19   0.0446003   0   0.00421684   0   5.98381e-05   0   0.995723   0.0446007   0.00421684   0   0.995723   0   5.98381e-05   0   10.0338   0   0.995612   0   0.000159123   0   0.00422908   10.0338   0.995612   0   0.00422908   0   0.000159123   0   58.7663   0   0.00017136   0   0.999781   0   4.76014e-05   58.7663   0.00017136   0   4.76014e-05   0   0.999781   0   
20   0.0611981   0   0.00273238   0   2.51994e-05   0   0.997242   0.0611986   0.00273238   0   0.997242   0   2.51994e-05   0   10.0218   0   0.997156   0   0.000106483   0   0.00273756   10.0218   0.997156   0   0.00273756   0   0.000106483   0   58.7617   0   0.000111672   0   0.999868   0   2.0011e-05   58.7617   0.000111672   0   2.0011e-05   0   0.999868   0   
21   0.0738245   0   0.00155156   0   8.14678e-06   0   0.99844   0.0738249   0.00155156   0   0.99844   0   8.14678e-06   0   10.0123   0   0.998385   0   6.20209e-05   0   0.00155324   10.0123   0.998385   0   0.00155324   0   6.20209e-05   0   58.7586   0   6.37072e-05   0   0.99993   0   6.46046e-06   58.7586   6.37072e-05   0   6.46046e-06   0   0.99993   0   
22   0.0826729   0   0.000694183   0   1.63413e-06   0   0.999304   0.0826734   0.000694183   0   0.999304   0   1.63413e-06   0   10.0055   0   0.999277   0   2.82619e-05   0   0.000694522   10.0055   0.999277   0   0.000694522   0   2.82619e-05   0   58.7565   0   2.86014e-05   0   0.99997   0   1.29459e-06   58.7565   2.86014e-05   0   1.29459e-06   0   0.99997   0   
23   0.0879082   0   0.000174233   0   1.03076e-07   0   0.999826   0.0879087   0.000174233   0   0.999826   0   1.03076e-07   0   10.0014   0   0.999819   0   7.17236e-06   0   0.000174254   10.0014   0.999819   0   0.000174254   0   7.17236e-06   0   58.7554   0   7.19383e-06   0   0.999993   0   8.16105e-08   58.7554   7.19383e-06   0   8.16105e-08   0   0.999993   0   
24   0.0896405   0   0   0   2.61926e-32   0   1   0.0896409   0   0   1   0   1.54074e-33   0   10   0   1   0   0   0   0   10   1   0   0   0   0   0   58.7551   0   0   0   1   0   5.08446e-32   58.7551   0   0   7.85779e-32   0   1   0   
25   0.0879143   0   0.000174121   0   3.74914e-33   0   0.999826   0.0896409   1.51678e-34   0   1   0   3.72591e-33   0   9.99965   0.999993   0   1.5147e-34   0   7.19794e-06   0   10.0017   0   0.999826   0   6.98663e-36   0   0.000174121   58.7551   0   6.29119e-36   0   1   0   3.74806e-33   58.7554   7.19794e-06   0   1.02962e-35   0   0.999993   0   
26   0.0827688   0   0.000692426   0   3.88453e-33   0   0.999308   0.0896409   1.70573e-34   0   1   0   3.27341e-33   0   9.9986   0.999971   0   1.76842e-34   0   2.86668e-05   0   10.0069   0   0.999308   0   1.07951e-35   0   0.000692426   58.7551   0   6.5207e-36   0   1   0   2.37975e-33   58.7565   2.86668e-05   0   1.55572e-32   0   0.999971   0   
27   0.0743024   0   0.0015429   0   1.48326e-32   0   0.998457   0.0896409   2.07956e-34   0   1   0   3.39837e-32   0   9.99688   0.999936   0   2.24716e-34   0   6.40337e-05   0   10.0153   0   0.998457   0   3.27023e-35   0   0.0015429   58.7551   0   6.10756e-36   0   1   0   8.25044e-32   58.7582   6.40337e-05   0   1.46052e-32   0   0.999936   0   
28   0.0626766   0   0.00270606   0   3.92377e-33   0   0.997294   0.0896409   1.70247e-34   0   1   0   4.55075e-33   0   9.9945   0.999887   0   1.73921e-34   0   0.000112685   0   10.027   0   0.997294   0   2.09252e-35   0   0.00270606   58.7551   0   6.61562e-36   0   1   0   8.13296e-32   58.7605   0.000112685   0   1.87877e-34   0   0.999887   0   
29   0.0481113   0   0.00415565   0   3.73517e-33   0   0.995844   0.0896409   2.7818e-34   0   1   0   7.28932e-33   0   9.99152   0.999826   0   3.18588e-34   0   0.000173777   0   10.0415   0   0.995844   0   2.17114e-35   0   0.00415565   58.7551   0   5.74042e-36   0   1   0   7.86834e-32   58.7635   0.000173777   0   1.44996e-32   0   0.999826   0   
30   0.0308804   0   0.00585967   0   3.73904e-33   0   0.99414   0.0896409   1.97258e-34   0   1   0   4.84564e-33   0   9.98799   0.999754   0   2.13417e-34   0   0.000246252   0   10.0588   0   0.99414   0   2.89704e-35   0   0.00585967   58.7551   0   5.65085e-36   0   1   0   4.06736e-33   58.7671   0.000246252   0   4.89142e-33   0   0.999754   0   
31   0.0113042   0   0.00778147   0   3.73045e-33   0   0.992219   0.0896409   4.68747e-34   0   1   0   5.48319e-32   0   9.98396   0.999671   0   6.2684e-34   0   0.000328854   0   10.0783   0   0.992219   0   3.28755e-35   0   0.00778147   58.7551   0   4.83155e-36   0   1   0   2.51028e-31   58.7711   0.000328854   0   4.81398e-32   0   0.999671   0   
32   -0.0102571   0   0.00988091   0   3.93083e-33   0   0.990119   0.0896409   3.7469e-34   0   1   0   1.24654e-32   0   9.9795   0.99958   0   4.33965e-34   0   0.000420158   0   10.0999   0   0.990119   0   5.28403e-35   0   0.00988091   58.7551   0   6.17562e-36   0   1   0   7.4652e-33   58.7756   0.000420158   0   5.70676e-33   0   0.99958   0   
33   -0.0334117   0   0.0121157   0   4.83553e-33   0   0.987884   0.0896409   1.85192e-34   0   1   0   8.85227e-33   0   9.97469   0.999481   0   2.05924e-34   0   0.000518588   0   10.1231   0   0.987884   0   4.96124e-35   0   0.0121157   58.7551   0   2.78593e-36   0   1   0   1.50382e-32   58.7804   0.000518588   0   4.61283e-33   0   0.999481   0   
34   -0.0577446   0   0.0144423   0   4.17465e-33   0   0.985558   0.0896409   1.44651e-33   0   1   0   2.41096e-32   0   9.96961   0.999378   0   1.99756e-33   0   0.000622448   0   10.1474   0   0.985558   0   5.48e-35   0   0.0144423   58.7551   0   3.35163e-36   0   1   0   7.04493e-32   58.7854   0.000622448   0   7.79198e-32   0   0.999378   0   
35   -0.0828258   0   0.0168173   0   6.23766e-33   0   0.983183   0.0896409   5.87906e-34   0   1   0   1.88527e-32   0   9.96436   0.99927   0   7.60182e-34   0   0.000729954   0   10.1725   0   0.983183   0   1.613e-34   0   0.0168173   58.7551   0   1.07446e-35   0   1   0   6.78138e-33   58.7907   0.000729954   0   1.93413e-32   0   0.99927   0   
36   -0.108218   0   0.0191983   0   3.47051e-33   0   0.980802   0.0896409   1.95512e-33   0   1   0   6.64569e-32   0   9.95901   0.999161   0   2.68586e-33   0   0.000839259   0   10.1979   0   0.980802   0   1.41764e-34   0   0.0191983   58.7551   0   1.54499e-35   0   1   0   8.47617e-32   58.796   0.000839259   0   7.30117e-32   0   0.999161   0   
37   -0.133486   0   0.0215444   0   8.05561e-33   0   0.978456   0.0896409   8.50888e-34   0   1   0   1.50857e-32   0   9.95367   0.999052   0   1.14787e-33   0   0.000948493   0   10.2231   0   0.978456   0   2.65947e-34   0   0.0215444   58.7551   0   1.39757e-35   0   1   0   9.86762e-32   58.8014   0.000948493   0   2.74903e-32   0   0.999052   0   
38   -0.158202   0   0.0238172   0   5.2921e-33   0   0.976183   0.0896409   3.79315e-34   0   1   0   2.35823e-32   0   9.94842   0.998944   0   4.6152e-34   0   0.00105579   0   10.2478   0   0.976183   0   2.39215e-34   0   0.0238172   58.7551   0   1.94556e-35   0   1   0   1.22906e-32   58.8066   0.00105579   0   5.77505e-33   0   0.998944   0   
39   -0.181954   0   0.0259811   0   6.17949e-33   0   0.974019   0.0896409   9.3824e-34   0   1   0   1.62124e-32   0   9.94335   0.998841   0   1.20905e-33   0   0.00115931   0   10.2716   0   0.974019   0   2.93711e-34   0   0.0259811   58.7551   0   2.13737e-35   0   1   0   1.39774e-32   58.8117   0.00115931   0   1.61199e-32   0   0.998841   0   
40   -0.204352   0   0.0280037   0   1.50152e-33   0   0.971996   0.0896409   5.65929e-33   0   1   0   1.6229e-33   0   9.93855   0.998743   0   8.06896e-33   0   0.00125731   0   10.294   0   0.971996   0   5.72634e-35   0   0.0280037   58.7551   0   8.58183e-36   0   1   0   1.67758e-31   58.8165   0.00125731   0   1.72112e-31   0   0.998743   0   
41   -0.225031   0   0.0298558   0   7.3147e-34   0   0.970144   0.0896409   6.83348e-33   0   1   0   1.5899e-33   0   9.9341   0.998652   0   9.7905e-33   0   0.0013481   0   10.3147   0   0.970144   0   5.99558e-35   0   0.0298558   58.7551   0   1.47517e-35   0   1   0   1.75416e-31   58.821   0.0013481   0   1.98804e-31   0   0.998652   0   
42   -0.24366   0   0.0315119   0   1.00516e-33   0   0.968488   0.0896409   2.57997e-34   0   1   0   7.42168e-33   0   9.93007   0.99857   0   2.89684e-34   0   0.00143016   0   10.3333   0   0.968488   0   7.7267e-35   0   0.0315119   58.7551   0   1.56776e-35   0   1   0   6.69294e-33   58.825   0.00143016   0   1.23245e-33   0   0.99857   0   
43   -0.259943   0   0.03295   0   2.31632e-33   0   0.96705   0.0896409   2.71193e-34   0   1   0   7.42611e-33   0   9.92654   0.998498   0   3.54255e-34   0   0.00150209   0   10.3496   0   0.96705   0   1.11031e-34   0   0.03295   58.7551   0   1.03074e-35   0   1   0   3.08778e-32   58.8285   0.00150209   0   6.59525e-33   0   0.998498   0   
44   -0.273625   0   0.0341515   0   1.6285e-33   0   0.965849   0.0896409   2.20566e-34   0   1   0   5.80457e-33   0   9.92357   0.998437   0   2.91632e-34   0   0.00156267   0   10.3633   0   0.965849   0   1.1606e-34   0   0.0341515   58.7551   0   1.71795e-35   0   1   0   1.43144e-32   58.8315   0.00156267   0   6.15395e-33   0   0.998437   0   
45   -0.284492   0   0.0351014   0   2.28324e-33   0   0.964899   0.0896409   7.27986e-34   0   1   0   1.85821e-32   0   9.92121   0.998389   0   9.58377e-34   0   0.00161089   0   10.3741   0   0.964899   0   1.33026e-34   0   0.0351014   58.7551   0   1.38501e-35   0   1   0   5.22411e-33   58.8338   0.00161089   0   1.18136e-32   0   0.998389   0   
46   -0.292375   0   0.0357881   0   2.86799e-33   0   0.964212   0.0896409   8.27825e-34   0   1   0   1.48267e-32   0   9.91949   0.998354   0   1.13033e-33   0   0.00164592   0   10.382   0   0.964212   0   1.54344e-34   0   0.0357881   58.7551   0   9.50449e-36   0   1   0   4.48886e-32   58.8356   0.00164592   0   1.6823e-32   0   0.998354   0   
47   -0.297155   0   0.0362034   0   2.74462e-33   0   0.963797   0.0896409   1.44184e-33   0   1   0   6.1875e-33   0   9.91844   0.998333   0   2.01934e-33   0   0.00166718   0   10.3868   0   0.963797   0   1.79965e-34   0   0.0362034   58.7551   0   1.83699e-35   0   1   0   2.01983e-32   58.8366   0.00166718   0   3.16739e-32   0   0.998333   0   
48   -0.298756   0   0.0363424   0   3.20711e-33   0   0.963658   0.0896409   3.28095e-34   0   1   0   8.05597e-33   0   9.91809   0.998326   0   4.00196e-34   0   0.00167431   0   10.3884   0   0.963658   0   1.98395e-34   0   0.0363424   58.7551   0   1.74152e-35   0   1   0   6.30939e-33   58.837   0.00167431   0   3.66769e-33   0   0.998326   0   
49   -0.3001   0   0.0363547   0   2.27622e-05   0   0.963623   0.0864914   0.000201366   0   0.999774   0   2.44274e-05   0   9.92013   0.998125   0   0.000206799   0   0.00166781   0   10.3883   0   0.963639   0   2.63567e-06   0   0.0363583   58.7565   0   6.26698e-06   0   0.999975   0   1.91309e-05   58.8381   0.00167325   0   1.89943e-05   0   0.998308   0   
50   -0.30411   0   0.0363913   0   9.06462e-05   0   0.963518   0.0771051   0.000799938   0   0.999103   0   9.71767e-05   0   9.92619   0.99753   0   0.000821472   0   0.00164855   0   10.3879   0   0.963584   0   1.04877e-05   0   0.0364058   58.7609   0   2.49546e-05   0   0.999899   0   7.61793e-05   58.8414   0.00167008   0   7.56427e-05   0   0.998254   0   
51   -0.310715   0   0.0364517   0   0.000202452   0   0.963346   0.0616673   0.00177942   0   0.998004   0   0.000216669   0   9.93614   0.996556   0   0.00182714   0   0.00161715   0   10.3873   0   0.963493   0   2.3393e-05   0   0.036484   58.7681   0   5.57251e-05   0   0.999774   0   0.00017012   58.8469   0.00166488   0   0.000168947   0   0.998166   0   
52   -0.319803   0   0.0365347   0   0.000356204   0   0.963109   0.0404808   0.0031136   0   0.996506   0   0.000380337   0   9.94978   0.995229   0   0.00319667   0   0.00157466   0   10.3864   0   0.963367   0   4.10849e-05   0   0.0365916   58.7781   0   9.80236e-05   0   0.999603   0   0.000299266   58.8544   0.00165773   0   0.000297266   0   0.998045   0   
53   -0.331216   0   0.0366388   0   0.000549193   0   0.962812   0.0139578   0.00476765   0   0.994648   0   0.000584713   0   9.96683   0.993584   0   0.00489402   0   0.00152241   0   10.3853   0   0.96321   0   6.32018e-05   0   0.0367267   58.7906   0   0.000151089   0   0.999388   0   0.000461306   58.8639   0.00164878   0   0.000458345   0   0.997893   0   
54   -0.344757   0   0.0367622   0   0.000778023   0   0.96246   -0.0173911   0.00669979   0   0.992475   0   0.000825545   0   9.98694   0.991662   0   0.00687598   0   0.00146202   0   10.3841   0   0.963024   0   8.92968e-05   0   0.0368869   58.8054   0   0.000213971   0   0.999133   0   0.000653348   58.8751   0.0016382   0   0.00064936   0   0.997712   0   
55   -0.360194   0   0.0369027   0   0.00103868   0   0.962059   -0.0529703   0.00886317   0   0.990039   0   0.00109794   0   10.0097   0.989511   0   0.00909414   0   0.00139522   0   10.3826   0   0.962812   0   0.000118851   0   0.0370694   58.8223   0   0.000285548   0   0.998842   0   0.00087198   58.888   0.00162619   0   0.000866968   0   0.997507   0   
56   -0.377261   0   0.0370577   0   0.0013266   0   0.961616   -0.0921136   0.0112077   0   0.987396   0   0.00139648   0   10.0347   0.987179   0   0.0114968   0   0.00132387   0   10.381   0   0.962578   0   0.000151288   0   0.037271   58.8409   0   0.000364548   0   0.998522   0   0.00111333   58.9021   0.00161298   0   0.00110737   0   0.99728   0   
57   -0.395663   0   0.0372246   0   0.00163676   0   0.961139   -0.1341   0.013682   0   0.984603   0   0.00171542   0   10.0614   0.984719   0   0.0140311   0   0.00124977   0   10.3793   0   0.962326   0   0.000185987   0   0.0374882   58.8611   0   0.000449579   0   0.998177   0   0.00137317   58.9174   0.0015988   0   0.00136639   0   0.997035   0   
58   -0.415085   0   0.0374005   0   0.00196378   0   0.960636   -0.17817   0.016235   0   0.981716   0   0.00204877   0   10.0893   0.982181   0   0.0166442   0   0.00117468   0   10.3775   0   0.96206   0   0.000222299   0   0.0377173   58.8823   0   0.000539149   0   0.997814   0   0.00164693   58.9335   0.00158391   0   0.00163954   0   0.996777   0   
59   -0.435194   0   0.0375822   0   0.002302   0   0.960116   -0.223538   0.0188171   0   0.978792   0   0.00239049   0   10.118   0.979614   0   0.0192855   0   0.00110019   0   10.3756   0   0.961786   0   0.000259563   0   0.0379543   58.9042   0   0.000631699   0   0.997438   0   0.00192986   58.9502   0.00156859   0   0.0019221   0   0.996509   0   
60   -0.455645   0   0.0377666   0   0.00264559   0   0.959588   -0.269415   0.0213817   0   0.975884   0   0.00273455   0   10.1469   0.977065   0   0.021907   0   0.00102774   0   10.3738   0   0.961508   0   0.000297117   0   0.0381951   58.9266   0   0.000725629   0   0.997057   0   0.00221708   58.9672   0.00155309   0   0.0022092   0   0.996238   0   
61   -0.476087   0   0.0379506   0   0.00298866   0   0.959061   -0.315012   0.0238855   0   0.973039   0   0.00307509   0   10.1755   0.974577   0   0.0244647   0   0.000958527   0   10.3719   0   0.96123   0   0.000334314   0   0.0384356   58.9489   0   0.000819325   0   0.996677   0   0.00250365   58.9842   0.0015377   0   0.00249592   0   0.995966   0   
62   -0.496172   0   0.038131   0   0.00332536   0   0.958544   -0.359564   0.0262894   0   0.970304   0   0.00340646   0   10.2034   0.972188   0   0.0269185   0   0.000893567   0   10.3701   0   0.960958   0   0.000370529   0   0.0386716   58.9708   0   0.000911193   0   0.996304   0   0.0027847   59.0009   0.00152266   0   0.00277737   0   0.9957   0   
63   -0.515555   0   0.0383047   0   0.00364996   0   0.958045   -0.402332   0.0285585   0   0.967718   0   0.00372335   0   10.2301   0.969933   0   0.0292331   0   0.000833643   0   10.3683   0   0.960696   0   0.000405172   0   0.0388992   58.992   0   0.000999678   0   0.995945   0   0.00305545   59.017   0.00150823   0   0.00304877   0   0.995443   0   
64   -0.533907   0   0.0384689   0   0.00395697   0   0.957574   -0.442622   0.0306622   0   0.965317   0   0.0040208   0   10.2551   0.967843   0   0.0313775   0   0.000779344   0   10.3666   0   0.960448   0   0.000437696   0   0.0391145   59.012   0   0.00108329   0   0.995605   0   0.00331137   59.0322   0.00149464   0   0.0033055   0   0.9952   0   
65   -0.550915   0   0.0386208   0   0.00424121   0   0.957138   -0.479787   0.0325743   0   0.963131   0   0.00429428   0   10.2782   0.965944   0   0.0333254   0   0.000731081   0   10.3651   0   0.960219   0   0.000467599   0   0.0393139   59.0305   0   0.00116065   0   0.995291   0   0.00354816   59.0463   0.00148211   0   0.00354325   0   0.994975   0   
66   -0.566289   0   0.0387579   0   0.00449792   0   0.956744   -0.513242   0.0342726   0   0.961188   0   0.00453973   0   10.2988   0.964257   0   0.0350543   0   0.000689118   0   10.3637   0   0.960012   0   0.000494435   0   0.0394939   59.0473   0   0.00123046   0   0.995008   0   0.0037619   59.0591   0.00147084   0   0.00375801   0   0.994771   0   
67   -0.579768   0   0.0388779   0   0.00472281   0   0.956399   -0.542465   0.0357385   0   0.959508   0   0.00475357   0   10.3169   0.962801   0   0.0365459   0   0.000653599   0   10.3625   0   0.95983   0   0.000517811   0   0.0396517   59.0619   0   0.00129157   0   0.994759   0   0.00394905   59.0703   0.001461   0   0.00394617   0   0.994593   0   
68   -0.591122   0   0.0389789   0   0.00491212   0   0.956109   -0.567004   0.036957   0   0.95811   0   0.00493275   0   10.332   0.96159   0   0.0377852   0   0.000624581   0   10.3615   0   0.959678   0   0.000537393   0   0.0397845   59.0743   0   0.00134299   0   0.99455   0   0.00410653   59.0797   0.00145274   0   0.00410459   0   0.994443   0   
69   -0.600159   0   0.0390592   0   0.00506272   0   0.955878   -0.586486   0.0379165   0   0.957009   0   0.00507474   0   10.344   0.960637   0   0.0387606   0   0.000602067   0   10.3607   0   0.959557   0   0.000552908   0   0.0398902   59.0842   0   0.00138387   0   0.994384   0   0.00423176   59.0872   0.00144619   0   0.00423062   0   0.994323   0   
70   -0.606726   0   0.0391175   0   0.00517211   0   0.95571   -0.600615   0.0386079   0   0.956215   0   0.00517759   0   10.3526   0.959951   0   0.0394633   0   0.000586026   0   10.3601   0   0.959469   0   0.000564143   0   0.0399669   59.0913   0   0.00141356   0   0.994264   0   0.00432269   59.0927   0.00144144   0   0.00432217   0   0.994236   0   
71   -0.610711   0   0.0391528   0   0.00523847   0   0.955609   -0.609178   0.0390252   0   0.955735   0   0.00523986   0   10.3579   0.959536   0   0.0398873   0   0.000576421   0   10.3598   0   0.959416   0   0.000570945   0   0.0400134   59.0956   0   0.00143156   0   0.994191   0   0.00437785   59.096   0.00143856   0   0.00437772   0   0.994184   0   
72   -0.612047   0   0.0391647   0   0.00526071   0   0.955575   -0.612047   0.0391647   0   0.955575   0   0.00526071   0   10.3596   0   0.959398   0   0.000573223   0   0.0400291   10.3596   0.959398   0   0.0400291   0   0.000573223   0   59.0971   0   0.0014376   0   0.994166   0   0.00439634   59.0971   0.0014376   0   0.00439634   0   0.994166   0   
73   -0.610711   0.0391528   0   0.955609   0   0.00523847   0   -0.609179   0   0.0390252   0   0.00523986   0   0.955735   10.3579   0   0.959536   0   0.000576421   0   0.0398873   10.3598   0.959416   0   0.0400135   0   0.000570945   0   59.0956   0.00143156   0   0.00437785   0   0.994191   0   59.096   0   0.00143856   0   0.994184   0   0.00437772   
74   -0.606726   0.0391175   0   0.95571   0   0.00517211   0   -0.600616   0   0.0386079   0   0.00517759   0   0.956215   10.3526   0   0.959951   0   0.000586026   0   0.0394633   10.3601   0.959469   0   0.0399669   0   0.000564143   0   59.0913   0.00141356   0   0.00432269   0   0.994264   0   59.0927   0   0.00144144   0   0.994236   0   0.00432217   
75   -0.600159   0.0390592   0   0.955878   0   0.00506272   0   -0.586487   0   0.0379165   0   0.00507474   0   0.957009   10.344   0   0.960637   0   0.000602067   0   0.0387606   10.3607   0.959557   0   0.0398902   0   0.000552908   0   59.0842   0.00138387   0   0.00423176   0   0.994384   0   59.0872   0   0.00144619   0   0.994323   0   0.00423062   
76   -0.591121   0.0389789   0   0.956109   0   0.00491212   0   -0.567005   0   0.036957   0   0.00493275   0   0.95811   10.332   0   0.96159   0   0.000624581   0   0.0377852   10.3615   0.959678   0   0.0397845   0   0.000537393   0   59.0743   0.00134299   0   0.00410653   0   0.99455   0   59.0797   0   0.00145274   0   0.994443   0   0.00410459   
77   -0.579767   0.0388779   0   0.956399   0   0.00472281   0   -0.542465   0   0.0357385   0   0.00475357   0   0.959508   10.3169   0   0.962801   0   0.000653599   0   0.0365459   10.3625   0.95983   0   0.0396517   0   0.00051781   0   59.0619   0.00129157   0   0.00394905   0   0.994759   0   59.0703   0   0.001461   0   0.994593   0   0.00394617   
78   -0.566289   0.0387579   0   0.956744   0   0.00449792   0   -0.513243   0   0.0342726   0   0.00453973   0   0.961188   10.2988   0   0.964257   0   0.000689118   0   0.0350543   10.3637   0.960012   0   0.039494   0   0.000494435   0   59.0473   0.00123046   0   0.0037619   0   0.995008   0   59.0591   0   0.00147084   0   0.994771   0   0.00375801   
79   -0.550915   0.0386208   0   0.957138   0   0.00424121   0   -0.479788   0   0.0325743   0   0.00429428   0   0.963131   10.2782   0   0.965944   0   0.000731082   0   0.0333254   10.3651   0.960219   0   0.0393139   0   0.000467599   0   59.0305   0.00116065   0   0.00354816   0   0.995291   0   59.0463   0   0.00148211   0   0.994975   0   0.00354325   
80   -0.533907   0.0384689   0   0.957574   0   0.00395697   0   -0.442622   0   0.0306622   0   0.0040208   0   0.965317   10.2551   0   0.967843   0   0.000779344   0   0.0313775   10.3666   0.960448   0   0.0391145   0   0.000437696   0   59.012   0.00108329   0   0.00331137   0   0.995605   0   59.0322   0   0.00149464   0   0.9952   0   0.0033055   
81   -0.515555   0.0383047   0   0.958045   0   0.00364996   0   -0.402332   0   0.0285585   0   0.00372335   0   0.967718   10.2301   0   0.969933   0   0.000833643   0   0.0292331   10.3683   0.960696   0   0.0388992   0   0.000405172   0   58.992   0.000999678   0   0.00305545   0   0.995945   0   59.017   0   0.00150823   0   0.995443   0   0.00304877   
82   -0.496171   0.038131   0   0.958544   0   0.00332536   0   -0.359564   0   0.0262894   0   0.00340646   0   0.970304   10.2034   0   0.972188   0   0.000893567   0   0.0269185   10.3701   0.960958   0   0.0386716   0   0.000370529   0   58.9708   0.000911193   0   0.0027847   0   0.996304   0   59.0009   0   0.00152266   0   0.9957   0   0.00277737   
83   -0.476087   0.0379506   0   0.959061   0   0.00298866   0   -0.315013   0   0.0238855   0   0.00307509   0   0.973039   10.1755   0   0.974577   0   0.000958527   0   0.0244647   10.3719   0.96123   0   0.0384356   0   0.000334314   0   58.9489   0.000819325   0   0.00250365   0   0.996677   0   58.9842   0   0.0015377   0   0.995966   0   0.00249592   
84   -0.455644   0.0377666   0   0.959588   0   0.00264559   0   -0.269415   0   0.0213817   0   0.00273455   0   0.975884   10.1469   0   0.977065   0   0.00102774   0   0.021907   10.3738   0.961508   0   0.0381951   0   0.000297117   0   58.9266   0.000725629   0   0.00221708   0   0.997057   0   58.9672   0   0.00155309   0   0.996238   0   0.0022092   
85   -0.435194   0.0375822   0   0.960116   0   0.002302   0   -0.223539   0   0.0188171   0   0.00239049   0   0.978792   10.118   0   0.979614   0   0.00110019   0   0.0192855   10.3756   0.961786   0   0.0379543   0   0.000259563   0   58.9042   0.000631699   0   0.00192986   0   0.997438   0   58.9502   0   0.00156859   0   0.996509   0   0.0019221   
86   -0.415085   0.0374005   0   0.960636   0   0.00196378   0   -0.17817   0   0.016235   0   0.00204877   0   0.981716   10.0893   0   0.982181   0   0.00117468   0   0.0166442   10.3775   0.96206   0   0.0377173   0   0.000222299   0   58.8823   0.000539149   0   0.00164693   0   0.997814   0   58.9335   0   0.00158391   0   0.996777   0   0.00163954   
87   -0.395663   0.0372246   0   0.961139   0   0.00163676   0   -0.134101   0   0.013682   0   0.00171542   0   0.984603   10.0614   0   0.984719   0   0.00124977   0   0.0140311   10.3793   0.962326   0   0.0374882   0   0.000185987   0   58.8611   0.000449579   0   0.00137317   0   0.998177   0   58.9174   0   0.0015988   0   0.997035   0   0.00136639   
88   -0.37726   0.0370577   0   0.961616   0   0.0013266   0   -0.0921141   0   0.0112077   0   0.00139648   0   0.987396   10.0347   0   0.987179   0   0.00132387   0   0.0114968   10.381   0.962578   0   0.037271   0   0.000151288   0   58.8409   0.000364548   0   0.00111333   0   0.998522   0   58.9021   0   0.00161298   0   0.99728   0   0.00110737   
89   -0.360194   0.0369027   0   0.962059   0   0.00103868   0   -0.0529707   0   0.00886317   0   0.00109794   0   0.990039   10.0097   0   0.989511   0   0.00139522   0   0.00909414   10.3826   0.962812   0   0.0370694   0   0.000118851   0   58.8223   0.000285548   0   0.00087198   0   0.998842   0   58.888   0   0.00162619   0   0.997507   0   0.000866968   
90   -0.344757   0.0367622   0   0.96246   0   0.000778023   0   -0.0173915   0   0.00669979   0   0.000825545   0   0.992475   9.98694   0   0.991662   0   0.00146202   0   0.00687598   10.3841   0.963024   0   0.0368869   0   8.92968e-05   0   58.8054   0.000213971   0   0.000653348   0   0.999133   0   58.8751   0   0.0016382   0   0.997712   0   0.00064936   
91   -0.331215   0.0366388   0   0.962812   0   0.000549193   0   0.0139574   0   0.00476765   0   0.000584713   0   0.994648   9.96683   0   0.993584   0   0.00152241   0   0.00489402   10.3853   0.96321   0   0.0367267   0   6.32018e-05   0   58.7906   0.000151089   0   0.000461306   0   0.999388   0   58.8639   0   0.00164878   0   0.997893   0   0.000458345   
92   -0.319803   0.0365347   0   0.963109   0   0.000356204   0   0.0404803   0   0.0031136   0   0.000380337   0   0.996506   9.94978   0   0.995229   0   0.00157466   0   0.00319667   10.3864   0.963367   0   0.0365916   0   4.10849e-05   0   58.7781   9.80236e-05   0   0.000299266   0   0.999603   0   58.8544   0   0.00165773   0   0.998045   0   0.000297266   
93   -0.310715   0.0364517   0   0.963346   0   0.000202452   0   0.0616668   0   0.00177942   0   0.000216669   0   0.998004   9.93614   0   0.996556   0   0.00161715   0   0.00182714   10.3873   0.963493   0   0.036484   0   2.3393e-05   0   58.7681   5.57251e-05   0   0.00017012   0   0.999774   0   58.8469   0   0.00166488   0   0.998166   0   0.000168947   
94   -0.304109   0.0363913   0   0.963518   0   9.06462e-05   0   0.0771046   0   0.000799938   0   9.71767e-05   0   0.999103   9.92619   0   0.99753   0   0.00164855   0   0.000821472   10.3879   0.963584   0   0.0364058   0   1.04877e-05   0   58.7609   2.49546e-05   0   7.61793e-05   0   0.999899   0   58.8414   0   0.00167008   0   0.998254   0   7.56427e-05   
95   -0.3001   0.0363547   0   0.963623   0   2.27622e-05   0   0.0864909   0   0.000201366   0   2.44274e-05   0   0.999774   9.92013   0   0.998125   0   0.00166781   0   0.000206799   10.3883   0.963639   0   0.0363583   0   2.63567e-06   0   58.7565   6.26698e-06   0   1.91309e-05   0   0.999975   0   58.8381   0   0.00167325   0   0.998308   0   1.89943e-05   
96   -0.298755   0.0363424   0   0.963658   0   5.1603e-35   0   0.0896405   0   1.76657e-34   0   2.14197e-35   0   1   9.91809   0   0.998326   0   0.00167431   0   1.81427e-34   10.3884   0.963658   0   0.0363424   0   2.31096e-36   0   58.7551   8.1896e-36   0   4.57243e-35   0   1   0   58.837   0   0.00167431   0   0.998326   0   1.66498e-35   
97   -0.297154   0.0362034   0   0.963797   0   2.95269e-35   0   0.0896405   0   1.65263e-34   0   9.15635e-36   0   1   9.91844   0   0.998333   0   0.00166718   0   1.67623e-34   10.3868   0.963797   0   0.0362034   0   4.25149e-36   0   58.7551   8.83016e-36   0   2.49483e-35   0   1   0   58.8366   0   0.00166718   0   0.998333   0   6.79654e-36   
98   -0.292375   0.0357881   0   0.964212   0   8.93999e-35   0   0.0896405   0   1.89485e-34   0   5.02095e-35   0   1   9.91949   0   0.998354   0   0.00164592   0   1.97116e-34   10.382   0.964212   0   0.0357881   0   9.98386e-37   0   58.7551   7.53068e-36   0   8.28676e-35   0   1   0   58.8356   0   0.00164592   0   0.998354   0   4.25791e-35   
99   -0.284491   0.0351014   0   0.964899   0   4.66251e-35   0   0.0896405   0   1.73714e-34   0   1.77989e-35   0   1   9.92121   0   0.998389   0   0.00161089   0   1.77861e-34   10.3741   0.964899   0   0.0351014   0   2.72791e-36   0   58.7551   8.33513e-36   0   4.10179e-35   0   1   0   58.8338   0   0.00161089   0   0.998389   0   1.36514e-35   
100   -0.273624   0.0341515   0   0.965849   0   3.21218e-35   0   0.0896405   0   1.66268e-34   0   9.33422e-36   0   1   9.92357   0   0.998437   0   0.00156267   0   1.68843e-34   10.3633   0.965849   0   0.0341515   0   3.96226e-36   0   58.7551   8.74087e-36   0   2.73431e-35   0   1   0   58.8315   0   0.00156267   0   0.998437   0   6.75862e-36   
101   -0.259943   0.03295   0   0.96705   0   8.06869e-35   0   0.0896405   0   1.84543e-34   0   4.12555e-35   0   1   9.92654   0   0.998498   0   0.00150209   0   1.91086e-34   10.3496   0.96705   0   0.03295   0   1.37222e-36   0   58.7551   7.74208e-36   0   7.4317e-35   0   1   0   58.8285   0   0.00150209   0   0.998498   0   3.47124e-35   
102   -0.243659   0.0315119   0   0.968488   0   4.70013e-35   0   0.0896405   0   1.71319e-34   0   1.7403e-35   0   1   9.93007   0   0.99857   0   0.00143016   0   1.74995e-34   10.3333   0.968488   0   0.0315119   0   3.11385e-36   0   58.7551   8.42897e-36   0   4.16861e-35   0   1   0   58.825   0   0.00143016   0   0.99857   0   1.3727e-35   
103   -0.22503   0.0298558   0   0.970144   0   4.75942e-36   0   0.0896405   0   1.62201e-34   0   5.06266e-36   0   1   9.9341   0   0.998652   0   0.0013481   0   1.63949e-34   10.3147   0.970144   0   0.0298558   0   4.58868e-36   0   58.7551   6.01398e-36   0   3.33411e-36   0   1   0   58.821   0   0.0013481   0   0.998652   0   3.31501e-36   
104   -0.204351   0.0280037   0   0.971996   0   1.2753e-35   0   0.0896405   0   1.46472e-34   0   1.32139e-35   0   1   9.93855   0   0.998743   0   0.00125731   0   1.45124e-34   10.294   0.971996   0   0.0280037   0   8.70549e-36   0   58.7551   9.88647e-36   0   1.1572e-35   0   1   0   58.8165   0   0.00125731   0   0.998743   0   1.45626e-35   
105   -0.181954   0.0259811   0   0.974019   0   3.81468e-35   0   0.0896405   0   1.65358e-34   0   9.21189e-36   0   1   9.94335   0   0.998841   0   0.00115931   0   1.67796e-34   10.2716   0.974019   0   0.0259811   0   3.93441e-36   0   58.7551   8.68781e-36   0   3.33934e-35   0   1   0   58.8117   0   0.00115931   0   0.998841   0   6.77359e-36   
106   -0.158202   0.0238172   0   0.976183   0   3.98729e-35   0   0.0896405   0   1.64809e-34   0   9.12713e-36   0   1   9.94842   0   0.998944   0   0.00105579   0   1.67148e-34   10.2478   0.976183   0   0.0238172   0   4.00091e-36   0   58.7551   8.69327e-36   0   3.51805e-35   0   1   0   58.8066   0   0.00105579   0   0.998944   0   6.78818e-36   
107   -0.133486   0.0215444   0   0.978456   0   5.54175e-35   0   0.0896405   0   1.67863e-34   0   1.70669e-35   0   1   9.95367   0   0.999052   0   0.000948493   0   1.70876e-34   10.2231   0.978456   0   0.0215444   0   3.49393e-36   0   58.7551   8.50053e-36   0   5.04109e-35   0   1   0   58.8014   0   0.000948493   0   0.999052   0   1.40542e-35   
108   -0.108218   0.0191983   0   0.980802   0   3.74765e-35   0   0.0896405   0   1.61226e-34   0   6.03803e-36   0   1   9.95901   0   0.999161   0   0.000839259   0   1.62851e-34   10.1979   0.980802   0   0.0191983   0   4.63337e-36   0   58.7551   8.84534e-36   0   3.32646e-35   0   1   0   58.796   0   0.000839259   0   0.999161   0   4.41341e-36   
109   -0.0828254   0.0168173   0   0.983183   0   5.21411e-35   0   0.0896405   0   1.63794e-34   0   1.10015e-35   0   1   9.96436   0   0.99927   0   0.000729954   0   1.65974e-34   10.1725   0.983183   0   0.0168173   0   4.10334e-36   0   58.7551   8.67138e-36   0   4.7573e-35   0   1   0   58.7907   0   0.000729954   0   0.99927   0   8.82193e-36   
110   -0.0577442   0.0144423   0   0.985558   0   8.40176e-36   0   0.0896405   0   1.61689e-34   0   8.6336e-36   0   1   9.96961   0   0.999378   0   0.000622448   0   1.63445e-34   10.1474   0.985558   0   0.0144423   0   4.48142e-36   0   58.7551   5.98711e-36   0   6.89607e-36   0   1   0   58.7854   0   0.000622448   0   0.999378   0   6.87768e-36   
111   -0.0334112   0.0121157   0   0.987884   0   8.293e-36   0   0.0896405   0   1.60747e-34   0   8.48235e-36   0   1   9.97469   0   0.999481   0   0.000518588   0   1.62323e-34   10.1231   0.987884   0   0.0121157   0   4.64604e-36   0   58.7551   6.0177e-36   0   6.92133e-36   0   1   0   58.7804   0   0.000518588   0   0.999481   0   6.90594e-36   
112   -0.0102566   0.00988091   0   0.990119   0   8.17482e-36   0   0.0896405   0   1.5977e-34   0   8.32491e-36   0   1   9.9795   0   0.99958   0   0.000420158   0   1.6116e-34   10.0999   0.990119   0   0.00988091   0   4.82354e-36   0   58.7551   6.05019e-36   0   6.94817e-36   0   1   0   58.7756   0   0.000420158   0   0.99958   0   6.93564e-36   
113   0.0113047   0.00778147   0   0.992219   0   4.19891e-36   0   0.0896405   0   1.56896e-34   0   4.26011e-36   0   1   9.98396   0   0.999671   0   0.000328854   0   1.57705e-34   10.0783   0.992219   0   0.00778147   0   5.41644e-36   0   58.7551   6.15916e-36   0   3.45618e-36   0   1   0   58.7711   0   0.000328854   0   0.999671   0   3.45131e-36   
114   0.0308808   0.00585967   0   0.99414   0   4.13483e-36   0   0.0896405   0   1.56375e-34   0   4.17958e-36   0   1   9.98799   0   0.999754   0   0.000246252   0   1.57089e-34   10.0588   0.99414   0   0.00585967   0   5.50935e-36   0   58.7551   6.17485e-36   0   3.46933e-36   0   1   0   58.7671   0   0.000246252   0   0.999754   0   3.46566e-36   
115   0.0481118   0.00415565   0   0.995844   0   1.80835e-38   0   0.0896405   0   1.52919e-34   0   1.83635e-38   0   1   9.99152   0   0.999826   0   0.000173777   0   1.52936e-34   10.0415   0.995844   0   0.00415565   0   6.29382e-36   0   58.7551   6.31114e-36   0   7.57883e-40   0   1   0   58.7635   0   0.000173777   0   0.999826   0   7.5705e-40   
116   0.062677   0.00270606   0   0.997294   0   1.17814e-38   0   0.0896405   0   1.52842e-34   0   1.18996e-38   0   1   9.9945   0   0.999887   0   0.000112685   0   1.52854e-34   10.027   0.997294   0   0.00270606   0   6.29921e-36   0   58.7551   6.3105e-36   0   4.91306e-40   0   1   0   58.7605   0   0.000112685   0   0.999887   0   4.90956e-40   
117   0.0743029   0.0015429   0   0.998457   0   6.72e-39   0   0.0896405   0   1.52781e-34   0   6.7583e-39   0   1   9.99688   0   0.999936   0   6.40337e-05   0   1.52788e-34   10.0153   0.998457   0   0.0015429   0   6.30355e-36   0   58.7551   6.30999e-36   0   2.79123e-40   0   1   0   58.7582   0   6.40337e-05   0   0.999936   0   2.7901e-40   
118   0.0827692   0.000692426   0   0.999308   0   3.01668e-39   0   0.0896405   0   1.52737e-34   0   3.02438e-39   0   1   9.9986   0   0.999971   0   2.86668e-05   0   1.5274e-34   10.0069   0.999308   0   0.000692426   0   6.30673e-36   0   58.7551   6.30962e-36   0   1.24938e-40   0   1   0   58.7565   0   2.86668e-05   0   0.999971   0   1.24915e-40   
119   0.0879147   0.000174121   0   0.999826   0   7.58723e-40   0   0.0896405   0   1.5271e-34   0   7.59209e-40   0   1   9.99965   0   0.999993   0   7.19794e-06   0   1.52711e-34   10.0017   0.999826   0   0.000174121   0   6.30867e-36   0   58.7551   6.30939e-36   0   3.13675e-41   0   1   0   58.7554   0   7.19794e-06   0   0.999993   0   3.13661e-41   
120   0.0896405   0   0   0   2.61926e-32   0   1   0.0896409   0   0   1   0   1.54074e-33   0   10   0   1   0   0   0   0   10   1   0   0   0   0   0   58.7551   0   0   0   1   0   5.08446e-32   58.7551   0   0   7.85779e-32   0   1   0   
121   0.0879082   0   0.000174233   0   1.03076e-07   0   0.999826   0.0879087   0.000174233   0   0.999826   0   1.03076e-07   0   10.0014   0   0.999819   0   7.17236e-06   0   0.000174254   10.0014   0.999819   0   0.000174254   0   7.17236e-06   0   58.7554   0   7.19383e-06   0   0.999993   0   8.16105e-08   58.7554   7.19383e-06   0   8.16105e-08   0   0.999993   0   
122   0.0826729   0   0.000694183   0   1.63413e-06   0   0.999304   0.0826734   0.000694183   0   0.999304   0   1.63413e-06   0   10.0055   0   0.999277   0   2.82619e-05   0   0.000694522   10.0055   0.999277   0   0.000694522   0   2.82619e-05   0   58.7565   0   2.86014e-05   0   0.99997   0   1.29459e-06   58.7565   2.86014e-05   0   1.29459e-06   0   0.99997   0   
123   0.0738245   0   0.00155156   0   8.14678e-06   0   0.99844   0.0738249   0.00155156   0   0.99844   0   8.14678e-06   0   10.0123   0   0.998385   0   6.20209e-05   0   0.00155324   10.0123   0.998385   0   0.00155324   0   6.20209e-05   0   58.7586   0   6.37072e-05   0   0.99993   0   6.46046e-06   58.7586   6.37072e-05   0   6.46046e-06   0   0.99993   0   
124   0.0611981   0   0.00273238   0   2.51994e-05   0   0.997242   0.0611986   0.00273238   0   0.997242   0   2.51994e-05   0   10.0218   0   0.997156   0   0.000106483   0   0.00273756   10.0218   0.997156   0   0.00273756   0   0.000106483   0   58.7617   0   0.000111672   0   0.999868   0   2.0011e-05   58.7617   0.000111672   0   2.0011e-05   0   0.999868   0   
125   0.0446003   0   0.00421684   0   5.98381e-05   0   0.995723   0.0446007   0.00421684   0   0.995723   0   5.98381e-05   0   10.0338   0   0.995612   0   0.000159123   0   0.00422908   10.0338   0.995612   0   0.00422908   0   0.000159123   0   58.7663   0   0.00017136   0   0.999781   0   4.76014e-05   58.7663   0.00017136   0   4.76014e-05   0   0.999781   0   
126   0.0238421   0   0.00597923   0   0.00011993   0   0.993901   0.0238426   0.00597923   0   0.993901   0   0.00011993   0   10.0482   0   0.993779   0   0.000217059   0   0.00600355   10.0482   0.993779   0   0.00600355   0   0.000217059   0   58.7727   0   0.000241381   0   0.999663   0   9.56073e-05   58.7727   0.000241381   0   9.56073e-05   0   0.999663   0   
127   -0.00122302   0   0.00798798   0   0.000213399   0   0.991799   -0.00122255   0.00798799   0   0.991799   0   0.000213399   0   10.0648   0   0.991692   0   0.000277278   0   0.00803084   10.0648   0.991692   0   0.00803084   0   0.000277278   0   58.7811   0   0.000320136   0   0.999509   0   0.00017054   58.7811   0.000320136   0   0.00017054   0   0.999509   0   
128   -0.0306606   0   0.0102061   0   0.00034743   0   0.989446   -0.0306601   0.0102061   0   0.989446   0   0.00034743   0   10.0835   0   0.989388   0   0.000336866   0   0.0102751   10.0835   0.989388   0   0.0102751   0   0.000336866   0   58.7919   0   0.00040587   0   0.999316   0   0.000278426   58.7919   0.00040587   0   0.000278426   0   0.999316   0   
129   -0.064419   0   0.0125916   0   0.000527705   0   0.986881   -0.0644185   0.0125916   0   0.986881   0   0.000527705   0   10.1038   0   0.986912   0   0.000393214   0   0.0126951   10.1038   0.986912   0   0.0126951   0   0.000393214   0   58.8053   0   0.000496729   0   0.999079   0   0.00042419   58.8053   0.000496729   0   0.00042419   0   0.999079   0   
130   -0.102299   0   0.0150989   0   0.000757738   0   0.984143   -0.102298   0.0150989   0   0.984143   0   0.000757738   0   10.1257   0   0.98431   0   0.000444189   0   0.0152455   10.1257   0.98431   0   0.0152455   0   0.000444188   0   58.8213   0   0.000590823   0   0.998798   0   0.000611103   58.8213   0.000590823   0   0.000611103   0   0.998798   0   
131   -0.14393   0   0.0176796   0   0.00103836   0   0.981282   -0.14393   0.0176796   0   0.981282   0   0.00103836   0   10.1486   0   0.981634   0   0.000488239   0   0.0178776   10.1486   0.981634   0   0.0178777   0   0.000488239   0   58.8401   0   0.000686277   0   0.998473   0   0.000840321   58.8401   0.000686277   0   0.000840321   0   0.998473   0   
132   -0.188763   0   0.0202843   0   0.0013674   0   0.978348   -0.188763   0.0202843   0   0.978348   0   0.0013674   0   10.1721   0   0.978934   0   0.000524453   0   0.0205412   10.1721   0.978934   0   0.0205412   0   0.000524453   0   58.8613   0   0.000781285   0   0.998108   0   0.00111057   58.8613   0.000781285   0   0.00111057   0   0.998108   0   
133   -0.236066   0   0.0228641   0   0.0017396   0   0.975396   -0.236066   0.0228641   0   0.975396   0   0.0017396   0   10.196   0   0.976262   0   0.00055254   0   0.0231857   10.196   0.976262   0   0.0231857   0   0.00055254   0   58.8848   0   0.000874154   0   0.997708   0   0.00141799   58.8848   0.000874154   0   0.00141799   0   0.997708   0   
134   -0.284938   0   0.0253718   0   0.00214674   0   0.972481   -0.284937   0.0253718   0   0.972481   0   0.00214674   0   10.2196   0   0.973665   0   0.000572767   0   0.0257624   10.2196   0.973665   0   0.0257624   0   0.000572767   0   58.91   0   0.000963338   0   0.99728   0   0.00175617   58.91   0.000963338   0   0.00175617   0   0.99728   0   
135   -0.334334   0   0.0277636   0   0.00257795   0   0.969658   -0.334334   0.0277636   0   0.969658   0   0.00257795   0   10.2427   0   0.971189   0   0.000585856   0   0.0282252   10.2427   0.971189   0   0.0282252   0   0.000585856   0   58.9364   0   0.00104747   0   0.996836   0   0.00211634   58.9364   0.00104747   0   0.00211634   0   0.996836   0   
136   -0.3831   0   0.0299999   0   0.00302027   0   0.96698   -0.3831   0.0299999   0   0.96698   0   0.00302027   0   10.2646   0   0.968875   0   0.000592857   0   0.0305324   10.2646   0.968875   0   0.0305324   0   0.000592857   0   58.9632   0   0.00112535   0   0.996387   0   0.00248778   58.9632   0.00112535   0   0.00248778   0   0.996387   0   
137   -0.430013   0   0.0320459   0   0.00345925   0   0.964495   -0.430012   0.0320459   0   0.964495   0   0.00345925   0   10.2851   0   0.966758   0   0.000595015   0   0.0326468   10.2851   0.966758   0   0.0326468   0   0.000595015   0   58.9896   0   0.00119598   0   0.995946   0   0.00285828   58.9896   0.00119598   0   0.00285828   0   0.995946   0   
138   -0.473828   0   0.0338719   0   0.00387972   0   0.962248   -0.473828   0.0338719   0   0.962248   0   0.00387972   0   10.3038   0   0.96487   0   0.000593649   0   0.0345368   10.3038   0.96487   0   0.0345368   0   0.000593649   0   59.0148   0   0.00125856   0   0.995527   0   0.00321482   59.0148   0.00125856   0   0.00321482   0   0.995527   0   
139   -0.513334   0   0.0354537   0   0.00426657   0   0.96028   -0.513333   0.0354537   0   0.96028   0   0.00426657   0   10.3201   0   0.963234   0   0.000590048   0   0.0361761   10.3201   0.963234   0   0.0361761   0   0.000590048   0   59.0379   0   0.00131241   0   0.995143   0   0.0035442   59.0379   0.00131241   0   0.0035442   0   0.995143   0   
140   -0.547399   0   0.0367717   0   0.00460546   0   0.958623   -0.547399   0.0367717   0   0.958623   0   0.00460546   0   10.334   0   0.961871   0   0.000585388   0   0.0375434   10.334   0.961871   0   0.0375434   0   0.000585388   0   59.0581   0   0.00135706   0   0.994809   0   0.00383379   59.0581   0.00135706   0   0.00383379   0   0.994809   0   
141   -0.575024   0   0.037811   0   0.00488361   0   0.957305   -0.575023   0.037811   0   0.957305   0   0.00488361   0   10.3451   0   0.960797   0   0.000580681   0   0.0386225   10.3451   0.960797   0   0.0386225   0   0.000580681   0   59.0747   0   0.00139212   0   0.994536   0   0.00407217   59.0747   0.00139212   0   0.00407217   0   0.994536   0   
142   -0.59538   0   0.0385607   0   0.00509035   0   0.956349   -0.595379   0.0385607   0   0.956349   0   0.00509035   0   10.3531   0   0.960022   0   0.000576734   0   0.0394013   10.3531   0.960022   0   0.0394013   0   0.000576734   0   59.087   0   0.00141733   0   0.994333   0   0.00424976   59.087   0.00141733   0   0.00424976   0   0.994333   0   
143   -0.607848   0   0.0390133   0   0.0052177   0   0.955769   -0.607848   0.0390133   0   0.955769   0   0.0052177   0   10.358   0   0.959554   0   0.00057413   0   0.0398717   10.358   0.959554   0   0.0398717   0   0.00057413   0   59.0945   0   0.00143252   0   0.994208   0   0.00435931   59.0945   0.00143252   0   0.00435931   0   0.994208   0   
144   -0.612047   0   0.0391647   0   0.00526071   0   0.955575   -0.612047   0.0391647   0   0.955575   0   0.00526071   0   10.3596   0   0.959398   0   0.000573223   0   0.0400291   10.3596   0.959398   0   0.0400291   0   0.000573223   0   59.0971   0   0.0014376   0   0.994166   0   0.00439634   59.0971   0.0014376   0   0.00439634   0   0.994166   0   
145   -0.612047   0   0.0391647   0   0.00526071   0   0.955575   -0.612047   0.0391647   0   0.955575   0   0.00526071   0   10.3596   0   0.959398   0   0.000573223   0   0.0400291   10.3596   0.959398   0   0.0400291   0   0.000573223   0   59.0971   0   0.0014376   0   0.994166   0   0.00439634   59.0971   0.0014376   0   0.00439634   0   0.994166   0   
