#kindex  E(k,1)  orb=0,UP  orb=0,DOWN orb=1,UP  orb=1,DOWN ... E(k,2)  UP DOWN  .....
0   -1.01407   0   0.0446321   0   0.0434728   0   0.911895   -1.01407   0.0446321   0   0.911895   0   0.0434728   0   10.2671   0   0.931992   0   0.0117316   0   0.0562768   10.2671   0.931992   0   0.0562768   0   0.0117316   0   20.3811   0.0233764   0   0.031828   0   0.944796   0   20.3811   0   0.0233764   0   0.944796   0   0.031828   
1   -1.00517   0   0.0444748   0   0.0431626   0   0.912363   -1.00517   0.0444748   0   0.912363   0   0.0431626   0   10.2651   0   0.932168   0   0.011773   0   0.0560588   10.2651   0.932168   0   0.0560588   0   0.011773   0   20.3741   0.0233569   0   0.0315786   0   0.945064   0   20.3741   0   0.0233569   0   0.945064   0   0.0315786   
2   -0.978742   0   0.0440026   0   0.0422404   0   0.913757   -0.978741   0.0440026   0   0.913757   0   0.0422404   0   10.2594   0   0.932701   0   0.0118946   0   0.0554039   10.2594   0.932701   0   0.0554039   0   0.0118946   0   20.3535   0.0232959   0   0.0308391   0   0.945865   0   20.3535   0   0.0232959   0   0.945865   0   0.0308391   
3   -0.935646   0   0.0432147   0   0.0407314   0   0.916054   -0.935646   0.0432147   0   0.916054   0   0.0407314   0   10.2499   0   0.9336   0   0.0120891   0   0.0543111   10.2499   0.9336   0   0.0543111   0   0.0120891   0   20.3199   0.0231855   0   0.029635   0   0.94718   0   20.3199   0   0.0231855   0   0.94718   0   0.029635   
4   -0.87727   0   0.0421104   0   0.0386777   0   0.919212   -0.87727   0.0421104   0   0.919212   0   0.0386777   0   10.237   0   0.934877   0   0.0123433   0   0.05278   10.237   0.934877   0   0.05278   0   0.0123433   0   20.2743   0.0230129   0   0.0280081   0   0.948979   0   20.2743   0   0.0230129   0   0.948979   0   0.0280081   
5   -0.805486   0   0.0406908   0   0.036138   0   0.923171   -0.805486   0.0406908   0   0.923171   0   0.036138   0   10.2211   0   0.936548   0   0.0126382   0   0.0508134   10.2211   0.936548   0   0.0508134   0   0.0126382   0   20.2185   0.0227609   0   0.0260153   0   0.951224   0   20.2185   0   0.0227609   0   0.951224   0   0.0260153   
6   -0.722579   0   0.0389605   0   0.0331869   0   0.927853   -0.722579   0.0389605   0   0.927853   0   0.0331869   0   10.2027   0   0.938631   0   0.0129483   0   0.048421   10.2027   0.938631   0   0.048421   0   0.0129483   0   20.154   0.0224088   0   0.0237265   0   0.953865   0   20.154   0   0.0224088   0   0.953865   0   0.0237265   
7   -0.631159   0   0.0369297   0   0.0299142   0   0.933156   -0.631159   0.0369297   0   0.933156   0   0.0299142   0   10.1822   0   0.941137   0   0.0132411   0   0.0456222   10.1822   0.941137   0   0.0456222   0   0.0132411   0   20.0831   0.0219336   0   0.0212217   0   0.956845   0   20.0831   0   0.0219336   0   0.956845   0   0.0212217   
8   -0.534051   0   0.034616   0   0.0264221   0   0.938962   -0.534051   0.034616   0   0.938962   0   0.0264221   0   10.1603   0   0.944072   0   0.0134778   0   0.04245   10.1603   0.944072   0   0.04245   0   0.0134778   0   20.0078   0.0213118   0   0.018588   0   0.9601   0   20.0078   0   0.0213118   0   0.9601   0   0.018588   
9   -0.434173   0   0.0320471   0   0.0228221   0   0.945131   -0.434173   0.0320471   0   0.945131   0   0.0228221   0   10.1378   0   0.947431   0   0.0136151   0   0.0389535   10.1378   0.947431   0   0.0389535   0   0.0136151   0   19.9304   0.0205216   0   0.0159156   0   0.963563   0   19.9304   0   0.0205216   0   0.963563   0   0.0159156   
10   -0.334406   0   0.0292611   0   0.0192303   0   0.951509   -0.334406   0.0292611   0   0.951509   0   0.0192303   0   10.1155   0   0.951194   0   0.0136074   0   0.035199   10.1155   0.951194   0   0.035199   0   0.0136074   0   19.8531   0.0195453   0   0.0132925   0   0.967162   0   19.8531   0   0.0195453   0   0.967162   0   0.0132925   
11   -0.237459   0   0.026308   0   0.0157613   0   0.957931   -0.237459   0.026308   0   0.957931   0   0.0157613   0   10.0939   0   0.95532   0   0.0134113   0   0.0312691   10.0939   0.95532   0   0.0312691   0   0.0134113   0   19.7777   0.0183724   0   0.0108001   0   0.970827   0   19.7777   0   0.0183724   0   0.970827   0   0.0108001   
12   -0.145737   0   0.0232476   0   0.0125209   0   0.964232   -0.145737   0.0232476   0   0.964232   0   0.0125209   0   10.0738   0   0.95975   0   0.0129905   0   0.0272596   10.0738   0.95975   0   0.0272596   0   0.0129905   0   19.706   0.0170025   0   0.00850887   0   0.974489   0   19.706   0   0.0170025   0   0.974489   0   0.00850887   
13   -0.0612319   0   0.020148   0   0.00959892   0   0.970253   -0.0612315   0.020148   0   0.970253   0   0.00959892   0   10.0558   0   0.964405   0   0.0123216   0   0.0232733   10.0558   0.964405   0   0.0232733   0   0.0123216   0   19.6395   0.015447   0   0.00647356   0   0.978079   0   19.6395   0   0.015447   0   0.978079   0   0.00647356   
14   0.0145669   0   0.0170815   0   0.00706286   0   0.975856   0.0145672   0.0170815   0   0.975856   0   0.00706286   0   10.0403   0   0.969188   0   0.011399   0   0.0194133   10.0403   0.969188   0   0.0194133   0   0.011399   0   19.5793   0.0137309   0   0.00473097   0   0.981538   0   19.5793   0   0.0137309   0   0.981538   0   0.00473097   
15   0.080719   0   0.0141201   0   0.00495267   0   0.980927   0.0807194   0.0141201   0   0.980927   0   0.00495267   0   10.0275   0   0.973987   0   0.0102387   0   0.0157746   10.0275   0.973987   0   0.0157746   0   0.0102387   0   19.5259   0.0118932   0   0.00329821   0   0.984809   0   19.5259   0   0.0118932   0   0.984809   0   0.00329821   
16   0.136842   0   0.0113315   0   0.0032786   0   0.98539   0.136842   0.0113315   0   0.98539   0   0.0032786   0   10.0175   0   0.978683   0   0.00887973   0   0.0124372   10.0175   0.978683   0   0.0124372   0   0.00887973   0   19.4798   0.00998542   0   0.00217292   0   0.987842   0   19.4798   0   0.00998542   0   0.987842   0   0.00217292   
17   0.183071   0   0.00877436   0   0.00202211   0   0.989204   0.183071   0.00877436   0   0.989204   0   0.00202211   0   10.0101   0   0.983156   0   0.0073826   0   0.00946136   10.0101   0.983156   0   0.00946136   0   0.0073826   0   19.4409   0.0080696   0   0.0013351   0   0.990595   0   19.4409   0   0.0080696   0   0.990595   0   0.0013351   
18   0.219981   0   0.0064965   0   0.00113974   0   0.992364   0.219982   0.0064965   0   0.992364   0   0.00113974   0   10.0051   0   0.987289   0   0.00582514   0   0.00688585   10.0051   0.987289   0   0.00688586   0   0.00582514   0   19.409   0.0062145   0   0.000750385   0   0.993035   0   19.409   0   0.0062145   0   0.993035   0   0.000750385   
19   0.248472   0   0.00453349   0   0.000569754   0   0.994897   0.248473   0.00453349   0   0.994897   0   0.000569755   0   10.0021   0   0.990975   0   0.00429612   0   0.00472888   10.0021   0.990975   0   0.00472888   0   0.00429612   0   19.3836   0.00449151   0   0.000374359   0   0.995134   0   19.3836   0   0.00449151   0   0.995134   0   0.000374359   
20   0.269635   0   0.0029094   0   0.00024021   0   0.99685   0.269635   0.0029094   0   0.99685   0   0.00024021   0   10.0005   0   0.99412   0   0.00288757   0   0.00299199   10.0005   0.99412   0   0.00299199   0   0.00288757   0   19.364   0.00297016   0   0.000157619   0   0.996872   0   19.364   0   0.00297016   0   0.996872   0   0.000157619   
21   0.284608   0   0.00163868   0   7.77034e-05   0   0.998284   0.284608   0.00163868   0   0.998284   0   7.77034e-05   0   9.9999   0   0.996648   0   0.001687   0   0.00166544   9.9999   0.996648   0   0.00166544   0   0.001687   0   19.3496   0.00171376   0   5.09439e-05   0   0.998235   0   19.3496   0   0.00171376   0   0.998235   0   5.09439e-05   
22   0.294441   0   0.000728643   0   1.559e-05   0   0.999256   0.294441   0.000728643   0   0.999256   0   1.559e-05   0   9.99983   0   0.998496   0   0.000770254   0   0.000734017   9.99983   0.998496   0   0.000734017   0   0.000770254   0   19.3398   0.000775628   0   1.02163e-05   0   0.999214   0   19.3398   0   0.000775627   0   0.999214   0   1.02163e-05   
23   0.299977   0   0.000182177   0   9.83452e-07   0   0.999817   0.299977   0.000182177   0   0.999817   0   9.83452e-07   0   9.99994   0   0.999622   0   0.00019569   0   0.000182516   9.99994   0.999622   0   0.000182516   0   0.00019569   0   19.3342   0.000196029   0   6.44313e-07   0   0.999803   0   19.3342   0   0.000196029   0   0.999803   0   6.44313e-07   
24   0.301759   0   0   0   2.46519e-32   0   1   0.30176   0   0   1   0   1.38667e-32   0   10   0   1   0   0   0   0   10   1   0   0   0   0   0   19.3323   0   0   5.08446e-32   0   1   0   19.3323   0   0   0   1   0   5.54668e-32   
25   0.299995   0   0.000181817   0   1.03109e-33   0   0.999818   0.30176   1.62102e-34   0   1   0   3.05231e-32   0   9.99817   0.999804   0   1.74038e-34   0   0.000196345   0   10.0018   0   0.999818   0   1.73954e-34   0   0.000181817   19.3323   0   1.72916e-34   0   1   0   2.52314e-33   19.3342   0.000196345   0   2.39102e-32   0   0.999804   0   
26   0.294738   0   0.000722981   0   1.58142e-32   0   0.999277   0.30176   2.43323e-34   0   1   0   1.13385e-32   0   9.9927   0.999219   0   4.35074e-34   0   0.000780648   0   10.007   0   0.999277   0   2.29247e-34   0   0.000722981   19.3323   0   1.89439e-34   0   1   0   8.21272e-32   19.3396   0.000780648   0   6.82744e-32   0   0.999219   0   
27   0.286087   0   0.0016108   0   1.59423e-32   0   0.998389   0.30176   1.94453e-34   0   1   0   3.19601e-32   0   9.98372   0.998261   0   2.85103e-34   0   0.00173892   0   10.0157   0   0.998389   0   2.98643e-34   0   0.0016108   19.3323   0   2.10013e-34   0   1   0   3.1961e-32   19.3486   0.00173892   0   1.59391e-32   0   0.998261   0   
28   0.274209   0   0.00282471   0   1.73944e-32   0   0.997175   0.30176   1.55584e-34   0   1   0   8.04021e-32   0   9.97138   0.996952   0   1.73735e-34   0   0.00304849   0   10.0276   0   0.997175   0   3.56682e-34   0   0.00282471   19.3323   0   2.15094e-34   0   1   0   7.84573e-33   19.361   0.00304849   0   3.758e-33   0   0.996952   0   
29   0.25933   0   0.00433704   0   2.66125e-33   0   0.995663   0.30176   2.13917e-34   0   1   0   1.11942e-32   0   9.95592   0.995321   0   4.5183e-34   0   0.00467893   0   10.0424   0   0.995663   0   1.22407e-34   0   0.00433704   19.3323   0   1.35002e-34   0   1   0   1.06371e-31   19.3764   0.00467893   0   1.96309e-32   0   0.995321   0   
30   0.24173   0   0.00611407   0   1.99334e-33   0   0.993886   0.30176   3.31072e-34   0   1   0   9.94487e-33   0   9.93765   0.993407   0   5.69806e-34   0   0.00659326   0   10.06   0   0.993886   0   1.55223e-34   0   0.00611407   19.3323   0   1.51163e-34   0   1   0   4.11463e-32   19.3947   0.00659326   0   4.76295e-33   0   0.993407   0   
31   0.221737   0   0.00811724   0   1.6383e-32   0   0.991883   0.30176   3.65512e-34   0   1   0   6.60989e-33   0   9.91689   0.991251   0   8.635e-34   0   0.00874929   0   10.08   0   0.991883   0   8.82884e-34   0   0.00811724   19.3323   0   3.94867e-34   0   1   0   6.60547e-33   19.4155   0.00874929   0   1.63661e-32   0   0.991251   0   
32   0.199722   0   0.0103044   0   4.50875e-33   0   0.989696   0.30176   9.59871e-34   0   1   0   4.48284e-32   0   9.89405   0.988899   0   3.48201e-33   0   0.0111011   0   10.102   0   0.989696   0   1.78414e-34   0   0.0103044   19.3323   0   1.2647e-34   0   1   0   4.41963e-32   19.4383   0.0111011   0   7.59759e-32   0   0.988899   0   
33   0.176083   0   0.0126313   0   3.00356e-33   0   0.987369   0.30176   1.44893e-33   0   1   0   4.61067e-32   0   9.86953   0.9864   0   4.56006e-33   0   0.0136003   0   10.1257   0   0.987369   0   2.19416e-34   0   0.0126313   19.3323   0   1.5656e-34   0   1   0   3.32967e-33   19.4628   0.0136003   0   6.48909e-32   0   0.9864   0   
34   0.151247   0   0.0150524   0   7.04871e-33   0   0.984948   0.30176   3.48874e-34   0   1   0   1.2047e-32   0   9.84377   0.983802   0   7.7272e-34   0   0.0161979   0   10.1505   0   0.984948   0   7.93429e-34   0   0.0150524   19.3323   0   3.77006e-34   0   1   0   1.20412e-32   19.4886   0.0161979   0   7.0351e-33   0   0.983802   0   
35   0.125652   0   0.0175223   0   5.7494e-33   0   0.982478   0.30176   6.97699e-34   0   1   0   3.94822e-32   0   9.81724   0.981155   0   1.84639e-33   0   0.018845   0   10.1761   0   0.982478   0   3.94318e-34   0   0.0175223   19.3323   0   1.77422e-34   0   1   0   7.41106e-33   19.5151   0.018845   0   1.55538e-32   0   0.981155   0   
36   0.0997444   0   0.019997   0   4.62408e-33   0   0.980003   0.30176   1.89349e-33   0   1   0   6.87022e-32   0   9.7904   0.978506   0   6.70868e-33   0   0.0214941   0   10.202   0   0.980003   0   4.30425e-34   0   0.019997   19.3323   0   2.04664e-34   0   1   0   9.33608e-32   19.5419   0.0214941   0   6.8618e-32   0   0.978506   0   
37   0.0739692   0   0.0224339   0   1.068e-32   0   0.977566   0.30176   1.39541e-33   0   1   0   1.80705e-32   0   9.7637   0.9759   0   4.53874e-33   0   0.0240999   0   10.2278   0   0.977566   0   9.15294e-34   0   0.0224339   19.3323   0   2.90084e-34   0   1   0   9.28724e-33   19.5686   0.0240999   0   3.76785e-32   0   0.9759   0   
38   0.048762   0   0.0247934   0   3.08312e-33   0   0.975207   0.30176   5.99285e-34   0   1   0   1.05843e-32   0   9.7376   0.97338   0   1.83202e-33   0   0.02662   0   10.253   0   0.975207   0   5.0269e-34   0   0.0247934   19.3323   0   2.5916e-34   0   1   0   2.74132e-32   19.5947   0.02662   0   1.41754e-32   0   0.97338   0   
39   0.0245424   0   0.0270385   0   1.85443e-33   0   0.972961   0.30176   2.64019e-34   0   1   0   9.39102e-32   0   9.71253   0.970984   0   7.43007e-34   0   0.0290156   0   10.2772   0   0.972961   0   8.19843e-35   0   0.0270385   19.3323   0   7.1367e-35   0   1   0   4.34276e-32   19.6198   0.0290156   0   6.17001e-33   0   0.970984   0   
40   0.00170818   0   0.0291359   0   1.66325e-32   0   0.970864   0.30176   2.9434e-33   0   1   0   3.45092e-32   0   9.68891   0.968749   0   1.06525e-32   0   0.0312513   0   10.3001   0   0.970864   0   2.1029e-33   0   0.0291359   19.3323   0   6.21044e-34   0   1   0   3.51816e-32   19.6434   0.0312513   0   7.39392e-32   0   0.968749   0   
41   -0.0193708   0   0.0310556   0   1.46472e-32   0   0.968944   0.30176   4.01339e-33   0   1   0   5.64669e-33   0   9.6671   0.966704   0   1.53246e-32   0   0.0332958   0   10.3211   0   0.968944   0   1.64811e-33   0   0.0310556   19.3323   0   4.17336e-34   0   1   0   1.25735e-31   19.6652   0.0332958   0   1.04615e-31   0   0.966704   0   
42   -0.0383573   0   0.0327714   0   1.41535e-32   0   0.967229   0.30176   3.48825e-34   0   1   0   4.09619e-32   0   9.64747   0.964878   0   1.36818e-33   0   0.0351216   0   10.3401   0   0.967229   0   2.23724e-33   0   0.0327714   19.3323   0   7.10158e-34   0   1   0   1.81153e-32   19.6849   0.0351216   0   1.10704e-32   0   0.964878   0   
43   -0.0549511   0   0.0342607   0   1.22573e-32   0   0.965739   0.30176   2.15969e-35   0   1   0   1.14594e-33   0   9.63031   0.963295   0   2.26742e-35   0   0.0367053   0   10.3567   0   0.965739   0   1.8991e-33   0   0.0342607   19.3323   0   5.83997e-34   0   1   0   1.46822e-33   19.702   0.0367053   0   1.83229e-33   0   0.963295   0   
44   -0.0688922   0   0.0355046   0   1.12962e-32   0   0.964495   0.30176   3.8264e-34   0   1   0   1.63258e-32   0   9.6159   0.961973   0   1.16239e-33   0   0.0380273   0   10.3707   0   0.964495   0   1.90686e-33   0   0.0355046   19.3323   0   6.08679e-34   0   1   0   1.42044e-32   19.7164   0.0380273   0   6.83927e-33   0   0.961973   0   
45   -0.0799641   0   0.0364878   0   3.73793e-34   0   0.963512   0.30176   1.51033e-33   0   1   0   9.00092e-32   0   9.60446   0.960928   0   5.34797e-33   0   0.0390716   0   10.3817   0   0.963512   0   5.80972e-35   0   0.0364878   19.3323   0   1.00542e-34   0   1   0   1.62708e-34   19.7279   0.0390716   0   2.9416e-32   0   0.960928   0   
46   -0.087996   0   0.0371984   0   9.55368e-33   0   0.962802   0.30176   1.90126e-33   0   1   0   1.70302e-32   0   9.59616   0.960174   0   6.73892e-33   0   0.0398262   0   10.3898   0   0.962802   0   1.73657e-33   0   0.0371984   19.3323   0   5.7204e-34   0   1   0   2.14768e-32   19.7362   0.0398262   0   3.58532e-32   0   0.960174   0   
47   -0.0928649   0   0.0376281   0   8.77217e-33   0   0.962372   0.30176   5.0735e-34   0   1   0   5.24358e-32   0   9.59113   0.959718   0   1.49829e-33   0   0.0402824   0   10.3946   0   0.962372   0   1.76094e-33   0   0.0376281   19.3323   0   6.14009e-34   0   1   0   5.1426e-32   19.7412   0.0402824   0   7.41804e-33   0   0.959718   0   
48   -0.0944961   0   0.0377719   0   8.2299e-33   0   0.962228   0.30176   6.31125e-34   0   1   0   1.48403e-32   0   9.58944   0.959565   0   1.81106e-33   0   0.040435   0   10.3963   0   0.962228   0   1.55844e-33   0   0.0377719   19.3323   0   5.31241e-34   0   1   0   1.46483e-32   19.7429   0.040435   0   8.13373e-33   0   0.959565   0   
49   -0.0985902   0   0.0378048   0   0.000210663   0   0.961985   0.295526   0.000277816   0   0.999482   0   0.00023994   0   9.59296   0.959376   0   0.000377848   0   0.0402464   0   10.3956   0   0.962067   0   7.50087e-05   0   0.0378579   19.3371   0   0.00012811   0   0.999714   0   0.000157561   19.7456   0.0403465   0   0.000139908   0   0.959514   0   
50   -0.110794   0   0.0379027   0   0.000837614   0   0.96126   0.276968   0.00110009   0   0.997948   0   0.00095187   0   9.6034   0.958817   0   0.00149487   0   0.0396885   0   10.3936   0   0.961589   0   0.000297047   0   0.0381141   19.3513   0   0.000508418   0   0.998865   0   0.000626243   19.7537   0.0400832   0   0.000557091   0   0.95936   0   
51   -0.130872   0   0.0380634   0   0.00186595   0   0.960071   0.246515   0.00243427   0   0.995453   0   0.00211269   0   9.62048   0.957913   0   0.00330299   0   0.0387836   0   10.3903   0   0.960807   0   0.000657392   0   0.0385352   19.3747   0   0.00112911   0   0.997477   0   0.00139424   19.7671   0.0396523   0   0.00124397   0   0.959104   0   
52   -0.158441   0   0.0382833   0   0.00327152   0   0.958445   0.20486   0.00422928   0   0.992085   0   0.00368575   0   9.64373   0.956706   0   0.00572696   0   0.0375675   0   10.3859   0   0.959745   0   0.00114227   0   0.0391123   19.4067   0   0.00197132   0   0.995586   0   0.00244247   19.7855   0.0390652   0   0.00218806   0   0.958747   0   
53   -0.192976   0   0.0385573   0   0.00502187   0   0.956421   0.152935   0.00641965   0   0.987957   0   0.00562329   0   9.67253   0.955243   0   0.0086707   0   0.0360858   0   10.3804   0   0.958432   0   0.00173389   0   0.0398337   19.4467   0   0.00301029   0   0.993244   0   0.00374547   19.8086   0.0383369   0   0.00337224   0   0.958291   0   
54   -0.233827   0   0.0388794   0   0.00707749   0   0.954043   0.0918697   0.00893049   0   0.9832   0   0.00786947   0   9.70613   0.953584   0   0.0120249   0   0.0343914   0   10.374   0   0.956904   0   0.00241171   0   0.0406844   19.494   0   0.00421672   0   0.990511   0   0.00527248   19.8361   0.0374858   0   0.00477503   0   0.957739   0   
55   -0.28023   0   0.0392427   0   0.00939327   0   0.951364   0.0229576   0.0116825   0   0.977954   0   0.0103634   0   9.74371   0.951785   0   0.0156749   0   0.0325405   0   10.3668   0   0.955199   0   0.00315377   0   0.0416473   19.5476   0   0.00555839   0   0.987453   0   0.00698864   19.8674   0.0365329   0   0.00637107   0   0.957096   0   
56   -0.331329   0   0.0396396   0   0.01192   0   0.94844   -0.0523911   0.0145965   0   0.972361   0   0.0130424   0   9.7844   0.949903   0   0.0195073   0   0.0305895   0   10.359   0   0.953359   0   0.00393797   0   0.0427033   19.6064   0   0.0070016   0   0.984142   0   0.00885636   19.9021   0.0355003   0   0.00813158   0   0.956368   0   
57   -0.386193   0   0.0400621   0   0.0146059   0   0.945332   -0.132689   0.0175973   0   0.966559   0   0.0158439   0   9.82729   0.947991   0   0.0234162   0   0.0285923   0   10.3508   0   0.951425   0   0.00474313   0   0.0438315   19.6695   0   0.00851258   0   0.980651   0   0.0108365   19.9395   0.0344113   0   0.010025   0   0.955564   0   
58   -0.443838   0   0.0405019   0   0.0173983   0   0.9421   -0.216408   0.020616   0   0.960676   0   0.0187084   0   9.8715   0.946095   0   0.027307   0   0.0265981   0   10.3424   0   0.949439   0   0.00554991   0   0.0450106   19.7356   0   0.0100587   0   0.977052   0   0.0128895   19.979   0.033289   0   0.0120175   0   0.954694   0   
59   -0.503241   0   0.0409507   0   0.0202444   0   0.938805   -0.302019   0.0235923   0   0.954828   0   0.0215801   0   9.91617   0.944252   0   0.0310985   0   0.0246495   0   10.3339   0   0.94744   0   0.00634129   0   0.0462186   19.8035   0   0.0116092   0   0.973414   0   0.0149765   20.02   0.0321558   0   0.0140738   0   0.95377   0   
60   -0.563367   0   0.0414006   0   0.0230933   0   0.935506   -0.388014   0.0264744   0   0.949117   0   0.0244084   0   9.9605   0.942493   0   0.0347248   0   0.0227825   0   10.3254   0   0.945463   0   0.00710297   0   0.0474337   19.8721   0   0.0131361   0   0.969804   0   0.0170602   20.0616   0.031033   0   0.0161579   0   0.952809   0   
61   -0.623185   0   0.0418436   0   0.0258962   0   0.93226   -0.472938   0.0292196   0   0.943632   0   0.027148   0   10.0037   0.940841   0   0.0381339   0   0.0210255   0   10.3171   0   0.943542   0   0.00782339   0   0.0486347   19.9401   0   0.0146145   0   0.96628   0   0.0191051   20.1033   0.0299398   0   0.0182337   0   0.951827   0   
62   -0.681682   0   0.0422727   0   0.0286073   0   0.92912   -0.555404   0.0317938   0   0.938447   0   0.0297593   0   10.0452   0.939312   0   0.0412876   0   0.0194   0   10.3092   0   0.941705   0   0.00849362   0   0.0498015   20.0065   0   0.0160224   0   0.962899   0   0.0210785   20.1443   0.0288938   0   0.0202655   0   0.950841   0   
63   -0.737885   0   0.0426809   0   0.0311847   0   0.926134   -0.634114   0.0341701   0   0.933622   0   0.0322081   0   10.0844   0.93792   0   0.0441592   0   0.017921   0   10.3018   0   0.939978   0   0.00910712   0   0.050915   20.0702   0   0.0173412   0   0.959708   0   0.0229506   20.1838   0.0279102   0   0.022219   0   0.949871   0   
64   -0.79087   0   0.0430623   0   0.0335903   0   0.923347   -0.707866   0.0363281   0   0.929207   0   0.0344653   0   10.1206   0.93667   0   0.0467319   0   0.0165982   0   10.2949   0   0.938383   0   0.00965941   0   0.051958   20.1301   0   0.0185551   0   0.95675   0   0.0246946   20.2213   0.0270019   0   0.0240616   0   0.948937   0   
65   -0.83978   0   0.0434114   0   0.0357903   0   0.920798   -0.77557   0.038253   0   0.92524   0   0.0365065   0   10.1536   0.935567   0   0.0489964   0   0.0154364   0   10.2886   0   0.936937   0   0.0101477   0   0.0529148   20.1853   0   0.0196511   0   0.954062   0   0.0262868   20.2561   0.0261798   0   0.0257631   0   0.948057   0   
66   -0.883832   0   0.0437233   0   0.037755   0   0.918522   -0.836252   0.0399341   0   0.921754   0   0.0383115   0   10.1828   0.934613   0   0.0509497   0   0.0144371   0   10.2831   0   0.935658   0   0.0105705   0   0.0537716   20.2349   0   0.0206188   0   0.951674   0   0.0277067   20.2875   0.0254527   0   0.0272959   0   0.947251   0   
67   -0.922332   0   0.043994   0   0.0394593   0   0.916547   -0.889058   0.041364   0   0.918772   0   0.0398638   0   10.2081   0.933808   0   0.0525922   0   0.0135994   0   10.2783   0   0.934556   0   0.0109272   0   0.0545166   20.2782   0   0.0214498   0   0.949614   0   0.0289367   20.3151   0.0248276   0   0.0286356   0   0.946537   0   
68   -0.954675   0   0.0442201   0   0.0408818   0   0.914898   -0.933262   0.0425381   0   0.916311   0   0.0411504   0   10.2291   0.933152   0   0.0539274   0   0.0129205   0   10.2743   0   0.933642   0   0.011218   0   0.0551395   20.3145   0   0.0221375   0   0.9479   0   0.0299624   20.3383   0.0243098   0   0.0297612   0   0.945929   0   
69   -0.980361   0   0.0443988   0   0.0420057   0   0.913596   -0.968265   0.0434533   0   0.914386   0   0.042161   0   10.2456   0.932643   0   0.0549594   0   0.0123974   0   10.2711   0   0.932924   0   0.0114433   0   0.0556324   20.3433   0   0.022677   0   0.946551   0   0.030772   20.3568   0.0239034   0   0.030655   0   0.945442   0   
70   -0.998994   0   0.0445279   0   0.0428176   0   0.912654   -0.993603   0.0441079   0   0.913004   0   0.0428881   0   10.2575   0.932281   0   0.0556927   0   0.0120265   0   10.2689   0   0.932407   0   0.0116037   0   0.055989   20.3642   0   0.0230648   0   0.945579   0   0.0313566   20.3702   0.0236112   0   0.0313033   0   0.945085   0   
71   -1.01029   0   0.0446059   0   0.0433085   0   0.912086   -1.00894   0.044501   0   0.912173   0   0.0433263   0   10.2647   0.932064   0   0.056131   0   0.0118052   0   10.2675   0   0.932096   0   0.0116997   0   0.0562046   20.3769   0   0.0232984   0   0.944992   0   0.0317098   20.3784   0.0234352   0   0.0316963   0   0.944868   0   
72   -1.01407   0   0.0446321   0   0.0434728   0   0.911895   -1.01407   0.0446321   0   0.911895   0   0.0434728   0   10.2671   0   0.931992   0   0.0117316   0   0.0562768   10.2671   0.931992   0   0.0562768   0   0.0117316   0   20.3811   0.0233764   0   0.031828   0   0.944796   0   20.3811   0   0.0233764   0   0.944796   0   0.031828   
73   -1.01029   0.0446059   0   0.912086   0   0.0433085   0   -1.00894   0   0.044501   0   0.0433263   0   0.912173   10.2647   0   0.932064   0   0.0118052   0   0.056131   10.2675   0.932096   0   0.0562046   0   0.0116997   0   20.3769   0.0232984   0   0.0317098   0   0.944992   0   20.3784   0   0.0234352   0   0.944868   0   0.0316963   
74   -0.998994   0.0445279   0   0.912654   0   0.0428176   0   -0.993603   0   0.0441079   0   0.0428881   0   0.913004   10.2575   0   0.932281   0   0.0120265   0   0.0556927   10.2689   0.932407   0   0.055989   0   0.0116037   0   20.3642   0.0230648   0   0.0313566   0   0.945579   0   20.3702   0   0.0236112   0   0.945085   0   0.0313033   
75   -0.980361   0.0443988   0   0.913596   0   0.0420057   0   -0.968266   0   0.0434533   0   0.042161   0   0.914386   10.2456   0   0.932643   0   0.0123974   0   0.0549594   10.2711   0.932924   0   0.0556324   0   0.0114433   0   20.3433   0.022677   0   0.030772   0   0.946551   0   20.3568   0   0.0239034   0   0.945442   0   0.030655   
76   -0.954675   0.0442201   0   0.914898   0   0.0408818   0   -0.933262   0   0.0425381   0   0.0411504   0   0.916311   10.2291   0   0.933152   0   0.0129205   0   0.0539273   10.2743   0.933642   0   0.0551395   0   0.011218   0   20.3145   0.0221375   0   0.0299624   0   0.9479   0   20.3383   0   0.0243098   0   0.945929   0   0.0297612   
77   -0.922331   0.043994   0   0.916547   0   0.0394593   0   -0.889058   0   0.041364   0   0.0398638   0   0.918772   10.2081   0   0.933808   0   0.0135994   0   0.0525922   10.2783   0.934556   0   0.0545166   0   0.0109272   0   20.2782   0.0214498   0   0.0289367   0   0.949614   0   20.3151   0   0.0248276   0   0.946537   0   0.0286356   
78   -0.883832   0.0437233   0   0.918522   0   0.037755   0   -0.836252   0   0.0399341   0   0.0383115   0   0.921754   10.1828   0   0.934613   0   0.0144371   0   0.0509496   10.2831   0.935658   0   0.0537716   0   0.0105705   0   20.2349   0.0206188   0   0.0277067   0   0.951674   0   20.2875   0   0.0254527   0   0.947251   0   0.0272959   
79   -0.839779   0.0434114   0   0.920798   0   0.0357903   0   -0.775571   0   0.038253   0   0.0365065   0   0.92524   10.1536   0   0.935567   0   0.0154364   0   0.0489964   10.2886   0.936937   0   0.0529148   0   0.0101477   0   20.1853   0.0196511   0   0.0262868   0   0.954062   0   20.2561   0   0.0261798   0   0.948057   0   0.0257631   
80   -0.790869   0.0430623   0   0.923347   0   0.0335903   0   -0.707866   0   0.0363281   0   0.0344653   0   0.929207   10.1206   0   0.93667   0   0.0165982   0   0.0467319   10.2949   0.938383   0   0.051958   0   0.00965941   0   20.1301   0.0185551   0   0.0246946   0   0.95675   0   20.2213   0   0.0270019   0   0.948937   0   0.0240616   
81   -0.737884   0.042681   0   0.926134   0   0.0311847   0   -0.634114   0   0.0341701   0   0.0322081   0   0.933622   10.0844   0   0.93792   0   0.017921   0   0.0441592   10.3018   0.939978   0   0.050915   0   0.00910712   0   20.0702   0.0173412   0   0.0229506   0   0.959708   0   20.1838   0   0.0279102   0   0.949871   0   0.022219   
82   -0.681682   0.0422727   0   0.92912   0   0.0286073   0   -0.555405   0   0.0317938   0   0.0297593   0   0.938447   10.0452   0   0.939312   0   0.0194   0   0.0412876   10.3092   0.941705   0   0.0498015   0   0.00849362   0   20.0065   0.0160224   0   0.0210785   0   0.962899   0   20.1443   0   0.0288938   0   0.950841   0   0.0202655   
83   -0.623185   0.0418436   0   0.93226   0   0.0258962   0   -0.472938   0   0.0292196   0   0.027148   0   0.943632   10.0037   0   0.940841   0   0.0210255   0   0.0381339   10.3171   0.943542   0   0.0486347   0   0.00782339   0   19.9401   0.0146145   0   0.0191051   0   0.96628   0   20.1033   0   0.0299398   0   0.951827   0   0.0182337   
84   -0.563367   0.0414006   0   0.935506   0   0.0230933   0   -0.388015   0   0.0264744   0   0.0244084   0   0.949117   9.9605   0   0.942493   0   0.0227825   0   0.0347248   10.3254   0.945463   0   0.0474337   0   0.00710297   0   19.8721   0.0131361   0   0.0170602   0   0.969804   0   20.0616   0   0.031033   0   0.952809   0   0.0161579   
85   -0.503241   0.0409507   0   0.938805   0   0.0202444   0   -0.302019   0   0.0235923   0   0.0215801   0   0.954828   9.91617   0   0.944252   0   0.0246495   0   0.0310985   10.3339   0.94744   0   0.0462186   0   0.00634129   0   19.8035   0.0116092   0   0.0149765   0   0.973414   0   20.02   0   0.0321558   0   0.95377   0   0.0140738   
86   -0.443837   0.0405019   0   0.9421   0   0.0173983   0   -0.216409   0   0.020616   0   0.0187084   0   0.960676   9.8715   0   0.946095   0   0.0265981   0   0.027307   10.3424   0.949439   0   0.0450106   0   0.00554991   0   19.7356   0.0100587   0   0.0128895   0   0.977052   0   19.979   0   0.033289   0   0.954694   0   0.0120175   
87   -0.386193   0.0400621   0   0.945332   0   0.0146059   0   -0.132689   0   0.0175973   0   0.0158439   0   0.966559   9.82729   0   0.947991   0   0.0285923   0   0.0234162   10.3508   0.951425   0   0.0438315   0   0.00474313   0   19.6695   0.00851258   0   0.0108365   0   0.980651   0   19.9395   0   0.0344113   0   0.955564   0   0.010025   
88   -0.331329   0.0396396   0   0.94844   0   0.01192   0   -0.0523915   0   0.0145965   0   0.0130424   0   0.972361   9.7844   0   0.949903   0   0.0305895   0   0.0195073   10.359   0.953359   0   0.0427033   0   0.00393797   0   19.6064   0.0070016   0   0.00885636   0   0.984142   0   19.9021   0   0.0355003   0   0.956368   0   0.00813158   
89   -0.280229   0.0392427   0   0.951364   0   0.00939327   0   0.0229573   0   0.0116825   0   0.0103634   0   0.977954   9.74371   0   0.951785   0   0.0325405   0   0.0156749   10.3668   0.955199   0   0.0416473   0   0.00315377   0   19.5476   0.00555839   0   0.00698864   0   0.987453   0   19.8674   0   0.0365329   0   0.957096   0   0.00637107   
90   -0.233826   0.0388794   0   0.954043   0   0.00707749   0   0.0918693   0   0.00893048   0   0.00786947   0   0.9832   9.70613   0   0.953584   0   0.0343914   0   0.0120249   10.374   0.956904   0   0.0406844   0   0.00241171   0   19.494   0.00421672   0   0.00527248   0   0.990511   0   19.8361   0   0.0374858   0   0.957739   0   0.00477503   
91   -0.192976   0.0385573   0   0.956421   0   0.00502187   0   0.152934   0   0.00641964   0   0.00562329   0   0.987957   9.67253   0   0.955243   0   0.0360858   0   0.0086707   10.3804   0.958432   0   0.0398337   0   0.00173389   0   19.4467   0.00301029   0   0.00374547   0   0.993244   0   19.8086   0   0.0383369   0   0.958291   0   0.00337224   
92   -0.158441   0.0382833   0   0.958445   0   0.00327152   0   0.20486   0   0.00422928   0   0.00368575   0   0.992085   9.64373   0   0.956706   0   0.0375675   0   0.00572696   10.3859   0.959745   0   0.0391123   0   0.00114227   0   19.4067   0.00197132   0   0.00244247   0   0.995586   0   19.7855   0   0.0390652   0   0.958747   0   0.00218806   
93   -0.130872   0.0380634   0   0.960071   0   0.00186595   0   0.246514   0   0.00243427   0   0.00211269   0   0.995453   9.62048   0   0.957913   0   0.0387836   0   0.00330299   10.3903   0.960807   0   0.0385352   0   0.000657392   0   19.3747   0.00112911   0   0.00139424   0   0.997477   0   19.7671   0   0.0396523   0   0.959104   0   0.00124397   
94   -0.110793   0.0379027   0   0.96126   0   0.000837614   0   0.276967   0   0.00110009   0   0.000951869   0   0.997948   9.6034   0   0.958817   0   0.0396885   0   0.00149486   10.3936   0.961589   0   0.0381141   0   0.000297047   0   19.3513   0.000508418   0   0.000626243   0   0.998865   0   19.7537   0   0.0400832   0   0.95936   0   0.000557091   
95   -0.0985899   0.0378048   0   0.961985   0   0.000210663   0   0.295525   0   0.000277816   0   0.00023994   0   0.999482   9.59296   0   0.959376   0   0.0402464   0   0.000377848   10.3956   0.962067   0   0.0378579   0   7.50087e-05   0   19.3371   0.00012811   0   0.000157561   0   0.999714   0   19.7456   0   0.0403465   0   0.959514   0   0.000139908   
96   -0.0944957   0.0377719   0   0.962228   0   1.84757e-34   0   0.301759   0   2.43991e-34   0   2.10595e-34   0   1   9.58944   0   0.959565   0   0.040435   0   3.31941e-34   10.3963   0.962228   0   0.0377719   0   6.58735e-35   0   19.3323   1.12428e-34   0   1.38203e-34   0   1   0   19.7429   0   0.040435   0   0.959565   0   1.22644e-34   
97   -0.0928645   0.0376281   0   0.962372   0   7.89492e-35   0   0.301759   0   2.03251e-34   0   9.0097e-35   0   1   9.59113   0   0.959718   0   0.0402824   0   2.44186e-34   10.3946   0.962372   0   0.0376281   0   1.23417e-34   0   19.3323   1.47022e-34   0   5.53443e-35   0   1   0   19.7412   0   0.0402824   0   0.959718   0   4.91625e-35   
98   -0.0879957   0.0371984   0   0.962802   0   4.34288e-34   0   0.301759   0   2.93799e-34   0   4.9269e-34   0   1   9.59616   0   0.960174   0   0.0398262   0   4.49911e-34   10.3898   0.962802   0   0.0371984   0   2.74979e-35   0   19.3323   8.17136e-35   0   3.80072e-34   0   1   0   19.7362   0   0.0398262   0   0.960174   0   3.36578e-34   
99   -0.0799637   0.0364878   0   0.963512   0   1.54054e-34   0   0.301759   0   2.33096e-34   0   1.74834e-34   0   1   9.60446   0   0.960928   0   0.0390716   0   3.08221e-34   10.3817   0.963512   0   0.0364878   0   7.79896e-35   0   19.3323   1.20242e-34   0   1.11801e-34   0   1   0   19.7279   0   0.0390716   0   0.960928   0   9.97097e-35   
100   -0.0688918   0.0355046   0   0.964495   0   8.09549e-35   0   0.301759   0   2.06361e-34   0   9.17005e-35   0   1   9.6159   0   0.961973   0   0.0380273   0   2.50533e-34   10.3707   0.964495   0   0.0355046   0   1.14272e-34   0   19.3323   1.42215e-34   0   5.30116e-35   0   1   0   19.7164   0   0.0380273   0   0.961973   0   4.75287e-35   
101   -0.0549507   0.0342607   0   0.965739   0   3.59679e-34   0   0.301759   0   2.73959e-34   0   4.0383e-34   0   1   9.63031   0   0.963295   0   0.0367053   0   4.03813e-34   10.3567   0.965739   0   0.0342607   0   3.80506e-35   0   19.3323   9.16265e-35   0   3.06103e-34   0   1   0   19.702   0   0.0367053   0   0.963295   0   2.73976e-34   
102   -0.038357   0.0327714   0   0.967229   0   1.52243e-34   0   0.301759   0   2.24493e-34   0   1.70316e-34   0   1   9.64747   0   0.964878   0   0.0351216   0   2.91406e-34   10.3401   0.967229   0   0.0327714   0   8.87492e-35   0   19.3323   1.26335e-34   0   1.14657e-34   0   1   0   19.6849   0   0.0351216   0   0.964878   0   1.03404e-34   
103   -0.0193704   0.0310556   0   0.968944   0   4.44326e-35   0   0.301759   0   1.91684e-34   0   4.96209e-35   0   1   9.6671   0   0.966704   0   0.0332958   0   2.19863e-34   10.3211   0.968944   0   0.0310556   0   1.31573e-34   0   19.3323   1.52543e-34   0   2.34632e-35   0   1   0   19.6652   0   0.0332958   0   0.966704   0   2.14417e-35   
104   0.00170854   0.0291359   0   0.970864   0   1.17029e-34   0   0.301759   0   1.42064e-34   0   1.28181e-34   0   1   9.68891   0   0.968749   0   0.0312513   0   1.28671e-34   10.3001   0.970864   0   0.0291359   0   2.52145e-34   0   19.3323   2.12425e-34   0   1.5675e-34   0   1   0   19.6434   0   0.0312513   0   0.968749   0   1.41574e-34   
105   0.0245428   0.0270385   0   0.972961   0   8.18378e-35   0   0.301759   0   2.0252e-34   0   8.98147e-35   0   1   9.71253   0   0.970984   0   0.0290156   0   2.43992e-34   10.2772   0.972961   0   0.0270385   0   1.11483e-34   0   19.3323   1.40874e-34   0   5.24463e-35   0   1   0   19.6198   0   0.0290156   0   0.970984   0   4.83428e-35   
106   0.0487623   0.0247934   0   0.975207   0   8.15936e-35   0   0.301759   0   2.00507e-34   0   8.88073e-35   0   1   9.7376   0   0.97338   0   0.02662   0   2.40264e-34   10.253   0.975207   0   0.0247934   0   1.12918e-34   0   19.3323   1.41658e-34   0   5.28542e-35   0   1   0   19.5947   0   0.02662   0   0.97338   0   4.90506e-35   
107   0.0739696   0.0224339   0   0.977566   0   1.53582e-34   0   0.301759   0   2.11461e-34   0   1.65474e-34   0   1   9.7637   0   0.9759   0   0.0240999   0   2.65728e-34   10.2278   0.977566   0   0.0224339   0   9.78412e-35   0   19.3323   1.32121e-34   0   1.19303e-34   0   1   0   19.5686   0   0.0240999   0   0.9759   0   1.11207e-34   
108   0.0997448   0.019997   0   0.980003   0   5.46918e-35   0   0.301759   0   1.88022e-34   0   5.85414e-35   0   1   9.7904   0   0.978506   0   0.0214941   0   2.14888e-34   10.202   0.980003   0   0.019997   0   1.30068e-34   0   19.3323   1.51152e-34   0   3.36077e-35   0   1   0   19.542   0   0.0214941   0   0.978506   0   3.16752e-35   
109   0.125652   0.0175223   0   0.982478   0   1.00299e-34   0   0.301759   0   1.96794e-34   0   1.06298e-34   0   1   9.81724   0   0.981155   0   0.018845   0   2.34395e-34   10.1761   0.982478   0   0.0175223   0   1.14302e-34   0   19.3323   1.42116e-34   0   7.24858e-35   0   1   0   19.5151   0   0.018845   0   0.981155   0   6.8697e-35   
110   0.151247   0.0150524   0   0.984948   0   7.92276e-35   0   0.301759   0   1.89493e-34   0   8.32698e-35   0   1   9.84377   0   0.983802   0   0.0161979   0   2.19297e-34   10.1505   0.984948   0   0.0150524   0   1.24552e-34   0   19.3323   1.47811e-34   0   5.59691e-35   0   1   0   19.4886   0   0.0161979   0   0.983802   0   5.34656e-35   
111   0.176084   0.0126313   0   0.987369   0   7.83244e-35   0   0.301759   0   1.86245e-34   0   8.16325e-35   0   1   9.86953   0   0.9864   0   0.0136003   0   2.12989e-34   10.1257   0.987369   0   0.0126313   0   1.28681e-34   0   19.3323   1.4996e-34   0   5.70461e-35   0   1   0   19.4628   0   0.0136003   0   0.9864   0   5.48882e-35   
112   0.199722   0.0103045   0   0.989696   0   7.73202e-35   0   0.301759   0   1.82907e-34   0   7.99485e-35   0   1   9.89405   0   0.988899   0   0.0111011   0   2.06459e-34   10.102   0.989696   0   0.0103045   0   1.33169e-34   0   19.3323   1.52282e-34   0   5.82072e-35   0   1   0   19.4383   0   0.0111011   0   0.988899   0   5.63964e-35   
113   0.221738   0.00811724   0   0.991883   0   3.98011e-35   0   0.301759   0   1.73256e-34   0   4.08667e-35   0   1   9.91689   0   0.991251   0   0.00874928   0   1.86536e-34   10.08   0.991883   0   0.00811724   0   1.49378e-34   0   19.3323   1.60907e-34   0   2.82719e-35   0   1   0   19.4155   0   0.00874928   0   0.991251   0   2.7586e-35   
114   0.24173   0.00611407   0   0.993886   0   3.92389e-35   0   0.301759   0   1.71495e-34   0   4.00202e-35   0   1   9.93765   0   0.993407   0   0.00659326   0   1.83232e-34   10.06   0.993886   0   0.00611407   0   1.51471e-34   0   19.3323   1.61897e-34   0   2.88135e-35   0   1   0   19.3947   0   0.00659326   0   0.993407   0   2.82832e-35   
115   0.25933   0.00433704   0   0.995663   0   1.78803e-37   0   0.301759   0   1.60171e-34   0   1.82783e-37   0   1   9.95592   0   0.995321   0   0.00467893   0   1.60161e-34   10.0424   0.995663   0   0.00433704   0   1.73026e-34   0   19.3323   1.73007e-34   0   1.97432e-37   0   1   0   19.3764   0   0.00467893   0   0.995321   0   1.92865e-37   
116   0.274209   0.00282471   0   0.997175   0   1.16637e-37   0   0.301759   0   1.59918e-34   0   1.18317e-37   0   1   9.97138   0   0.996952   0   0.00304849   0   1.59911e-34   10.0276   0.997175   0   0.00282471   0   1.72735e-34   0   19.3323   1.72723e-34   0   1.27791e-37   0   1   0   19.361   0   0.00304849   0   0.996952   0   1.25862e-37   
117   0.286087   0.0016108   0   0.998389   0   6.65955e-38   0   0.301759   0   1.59718e-34   0   6.71397e-38   0   1   9.98372   0   0.998261   0   0.00173892   0   1.59713e-34   10.0157   0.998389   0   0.0016108   0   1.72504e-34   0   19.3323   1.72498e-34   0   7.25123e-38   0   1   0   19.3486   0   0.00173892   0   0.998261   0   7.18875e-38   
118   0.294738   0.000722981   0   0.999277   0   2.99174e-38   0   0.301759   0   1.59572e-34   0   3.00267e-38   0   1   9.9927   0   0.999219   0   0.000780648   0   1.5957e-34   10.007   0.999277   0   0.000722981   0   1.72337e-34   0   19.3323   1.72335e-34   0   3.24283e-38   0   1   0   19.3396   0   0.000780648   0   0.999219   0   3.23028e-38   
119   0.299996   0.000181817   0   0.999818   0   7.52785e-39   0   0.301759   0   1.59484e-34   0   7.53475e-39   0   1   9.99817   0   0.999804   0   0.000196345   0   1.59483e-34   10.0018   0.999818   0   0.000181817   0   1.72236e-34   0   19.3323   1.72236e-34   0   8.13722e-39   0   1   0   19.3342   0   0.000196345   0   0.999804   0   8.12929e-39   
120   0.301759   0   0   0   2.46519e-32   0   1   0.30176   0   0   1   0   1.38667e-32   0   10   0   1   0   0   0   0   10   1   0   0   0   0   0   19.3323   0   0   5.08446e-32   0   1   0   19.3323   0   0   0   1   0   5.54668e-32   
121   0.299977   0   0.000182177   0   9.83452e-07   0   0.999817   0.299977   0.000182177   0   0.999817   0   9.83452e-07   0   9.99994   0   0.999622   0   0.00019569   0   0.000182516   9.99994   0.999622   0   0.000182516   0   0.00019569   0   19.3342   0.000196029   0   6.44313e-07   0   0.999803   0   19.3342   0   0.000196029   0   0.999803   0   6.44313e-07   
122   0.294441   0   0.000728643   0   1.559e-05   0   0.999256   0.294441   0.000728643   0   0.999256   0   1.559e-05   0   9.99983   0   0.998496   0   0.000770254   0   0.000734017   9.99983   0.998496   0   0.000734017   0   0.000770254   0   19.3398   0.000775628   0   1.02163e-05   0   0.999214   0   19.3398   0   0.000775627   0   0.999214   0   1.02163e-05   
123   0.284608   0   0.00163868   0   7.77034e-05   0   0.998284   0.284608   0.00163868   0   0.998284   0   7.77034e-05   0   9.9999   0   0.996648   0   0.001687   0   0.00166544   9.9999   0.996648   0   0.00166544   0   0.001687   0   19.3496   0.00171376   0   5.09439e-05   0   0.998235   0   19.3496   0   0.00171376   0   0.998235   0   5.09439e-05   
124   0.269635   0   0.0029094   0   0.00024021   0   0.99685   0.269635   0.0029094   0   0.99685   0   0.00024021   0   10.0005   0   0.99412   0   0.00288757   0   0.00299199   10.0005   0.99412   0   0.00299199   0   0.00288757   0   19.364   0.00297016   0   0.000157619   0   0.996872   0   19.364   0   0.00297016   0   0.996872   0   0.000157619   
125   0.248472   0   0.00453349   0   0.000569754   0   0.994897   0.248473   0.00453349   0   0.994897   0   0.000569755   0   10.0021   0   0.990975   0   0.00429612   0   0.00472888   10.0021   0.990975   0   0.00472888   0   0.00429612   0   19.3836   0.00449151   0   0.000374359   0   0.995134   0   19.3836   0   0.00449151   0   0.995134   0   0.000374359   
126   0.219981   0   0.0064965   0   0.00113974   0   0.992364   0.219982   0.0064965   0   0.992364   0   0.00113974   0   10.0051   0   0.987289   0   0.00582514   0   0.00688585   10.0051   0.987289   0   0.00688586   0   0.00582514   0   19.409   0.0062145   0   0.000750385   0   0.993035   0   19.409   0   0.0062145   0   0.993035   0   0.000750385   
127   0.183071   0   0.00877436   0   0.00202211   0   0.989204   0.183071   0.00877436   0   0.989204   0   0.00202211   0   10.0101   0   0.983156   0   0.0073826   0   0.00946136   10.0101   0.983156   0   0.00946136   0   0.0073826   0   19.4409   0.0080696   0   0.0013351   0   0.990595   0   19.4409   0   0.0080696   0   0.990595   0   0.0013351   
128   0.136842   0   0.0113315   0   0.0032786   0   0.98539   0.136842   0.0113315   0   0.98539   0   0.0032786   0   10.0175   0   0.978683   0   0.00887973   0   0.0124372   10.0175   0.978683   0   0.0124372   0   0.00887973   0   19.4798   0.00998542   0   0.00217292   0   0.987842   0   19.4798   0   0.00998542   0   0.987842   0   0.00217292   
129   0.080719   0   0.0141201   0   0.00495267   0   0.980927   0.0807194   0.0141201   0   0.980927   0   0.00495267   0   10.0275   0   0.973987   0   0.0102387   0   0.0157746   10.0275   0.973987   0   0.0157746   0   0.0102387   0   19.5259   0.0118932   0   0.00329821   0   0.984809   0   19.5259   0   0.0118932   0   0.984809   0   0.00329821   
130   0.0145669   0   0.0170815   0   0.00706286   0   0.975856   0.0145672   0.0170815   0   0.975856   0   0.00706286   0   10.0403   0   0.969188   0   0.011399   0   0.0194133   10.0403   0.969188   0   0.0194133   0   0.011399   0   19.5793   0.0137309   0   0.00473097   0   0.981538   0   19.5793   0   0.0137309   0   0.981538   0   0.00473097   
131   -0.0612319   0   0.020148   0   0.00959892   0   0.970253   -0.0612315   0.020148   0   0.970253   0   0.00959892   0   10.0558   0   0.964405   0   0.0123216   0   0.0232733   10.0558   0.964405   0   0.0232733   0   0.0123216   0   19.6395   0.015447   0   0.00647356   0   0.978079   0   19.6395   0   0.015447   0   0.978079   0   0.00647356   
132   -0.145737   0   0.0232476   0   0.0125209   0   0.964232   -0.145737   0.0232476   0   0.964232   0   0.0125209   0   10.0738   0   0.95975   0   0.0129905   0   0.0272596   10.0738   0.95975   0   0.0272596   0   0.0129905   0   19.706   0.0170025   0   0.00850887   0   0.974489   0   19.706   0   0.0170025   0   0.974489   0   0.00850887   
133   -0.237459   0   0.026308   0   0.0157613   0   0.957931   -0.237459   0.026308   0   0.957931   0   0.0157613   0   10.0939   0   0.95532   0   0.0134113   0   0.0312691   10.0939   0.95532   0   0.0312691   0   0.0134113   0   19.7777   0.0183724   0   0.0108001   0   0.970827   0   19.7777   0   0.0183724   0   0.970827   0   0.0108001   
134   -0.334406   0   0.0292611   0   0.0192303   0   0.951509   -0.334406   0.0292611   0   0.951509   0   0.0192303   0   10.1155   0   0.951194   0   0.0136074   0   0.035199   10.1155   0.951194   0   0.035199   0   0.0136074   0   19.8531   0.0195453   0   0.0132925   0   0.967162   0   19.8531   0   0.0195453   0   0.967162   0   0.0132925   
135   -0.434173   0   0.0320471   0   0.0228221   0   0.945131   -0.434173   0.0320471   0   0.945131   0   0.0228221   0   10.1378   0   0.947431   0   0.0136151   0   0.0389535   10.1378   0.947431   0   0.0389535   0   0.0136151   0   19.9304   0.0205216   0   0.0159156   0   0.963563   0   19.9304   0   0.0205216   0   0.963563   0   0.0159156   
136   -0.534051   0   0.034616   0   0.0264221   0   0.938962   -0.534051   0.034616   0   0.938962   0   0.0264221   0   10.1603   0   0.944072   0   0.0134778   0   0.04245   10.1603   0.944072   0   0.04245   0   0.0134778   0   20.0078   0.0213118   0   0.018588   0   0.9601   0   20.0078   0   0.0213118   0   0.9601   0   0.018588   
137   -0.631159   0   0.0369297   0   0.0299142   0   0.933156   -0.631159   0.0369297   0   0.933156   0   0.0299142   0   10.1822   0   0.941137   0   0.0132411   0   0.0456222   10.1822   0.941137   0   0.0456222   0   0.0132411   0   20.0831   0.0219336   0   0.0212217   0   0.956845   0   20.0831   0   0.0219336   0   0.956845   0   0.0212217   
138   -0.722579   0   0.0389605   0   0.0331869   0   0.927853   -0.722579   0.0389605   0   0.927853   0   0.0331869   0   10.2027   0   0.938631   0   0.0129483   0   0.048421   10.2027   0.938631   0   0.048421   0   0.0129483   0   20.154   0.0224088   0   0.0237265   0   0.953865   0   20.154   0   0.0224088   0   0.953865   0   0.0237265   
139   -0.805486   0   0.0406908   0   0.036138   0   0.923171   -0.805486   0.0406908   0   0.923171   0   0.036138   0   10.2211   0   0.936548   0   0.0126382   0   0.0508134   10.2211   0.936548   0   0.0508134   0   0.0126382   0   20.2185   0.0227609   0   0.0260153   0   0.951224   0   20.2185   0   0.0227609   0   0.951224   0   0.0260153   
140   -0.87727   0   0.0421104   0   0.0386777   0   0.919212   -0.87727   0.0421104   0   0.919212   0   0.0386777   0   10.237   0   0.934877   0   0.0123433   0   0.05278   10.237   0.934877   0   0.05278   0   0.0123433   0   20.2743   0.0230129   0   0.0280081   0   0.948979   0   20.2743   0   0.0230129   0   0.948979   0   0.0280081   
141   -0.935646   0   0.0432147   0   0.0407314   0   0.916054   -0.935646   0.0432147   0   0.916054   0   0.0407314   0   10.2499   0   0.9336   0   0.0120891   0   0.0543111   10.2499   0.9336   0   0.0543111   0   0.0120891   0   20.3199   0.0231855   0   0.029635   0   0.94718   0   20.3199   0   0.0231855   0   0.94718   0   0.029635   
142   -0.978742   0   0.0440026   0   0.0422404   0   0.913757   -0.978741   0.0440026   0   0.913757   0   0.0422404   0   10.2594   0   0.932701   0   0.0118946   0   0.0554039   10.2594   0.932701   0   0.0554039   0   0.0118946   0   20.3535   0.0232959   0   0.0308391   0   0.945865   0   20.3535   0   0.0232959   0   0.945865   0   0.0308391   
143   -1.00517   0   0.0444748   0   0.0431626   0   0.912363   -1.00517   0.0444748   0   0.912363   0   0.0431626   0   10.2651   0   0.932168   0   0.011773   0   0.0560588   10.2651   0.932168   0   0.0560588   0   0.011773   0   20.3741   0.0233569   0   0.0315786   0   0.945064   0   20.3741   0   0.0233569   0   0.945064   0   0.0315786   
144   -1.01407   0   0.0446321   0   0.0434728   0   0.911895   -1.01407   0.0446321   0   0.911895   0   0.0434728   0   10.2671   0   0.931992   0   0.0117316   0   0.0562768   10.2671   0.931992   0   0.0562768   0   0.0117316   0   20.3811   0.0233764   0   0.031828   0   0.944796   0   20.3811   0   0.0233764   0   0.944796   0   0.031828   
145   -1.01407   0   0.0446321   0   0.0434728   0   0.911895   -1.01407   0.0446321   0   0.911895   0   0.0434728   0   10.2671   0   0.931992   0   0.0117316   0   0.0562768   10.2671   0.931992   0   0.0562768   0   0.0117316   0   20.3811   0.0233764   0   0.031828   0   0.944796   0   20.3811   0   0.0233764   0   0.944796   0   0.031828   
