#k1  k2  Akw_up(w_target)    Akw_dn(w_target)
0  0  1.18673  1.18672
0  1  1.19787  1.15327
0  2  1.23233  1.06004
0  3  1.2935  0.925499
0  4  1.38781  0.772664
0  5  1.52619  0.621918
0  6  1.72681  0.486831
0  7  2.01993  0.373664
0  8  2.45623  0.28321
0  9  3.11734  0.213177
0  10  4.10769  0.16007
0  11  5.4096  0.120314
0  12  6.34805  0.0907718
0  13  5.65063  0.0689011
0  14  3.82379  0.0527346
0  15  2.31819  0.0407891
0  16  1.41581  0.0319639
0  17  0.907792  0.0254497
0  18  0.616682  0.0206551
0  19  0.444051  0.01715
0  20  0.33873  0.0146237
0  21  0.273805  0.0128549
0  22  0.234801  0.01169
0  23  0.213939  0.0110288
0  24  0.207373  0.0108145
0  25  0.213939  0.0110288
0  26  0.234801  0.01169
0  27  0.273805  0.0128549
0  28  0.33873  0.0146237
0  29  0.444051  0.01715
0  30  0.616682  0.0206551
0  31  0.907792  0.0254497
0  32  1.41581  0.0319639
0  33  2.31819  0.0407891
0  34  3.82379  0.0527346
0  35  5.65063  0.0689011
0  36  6.34805  0.0907718
0  37  5.4096  0.120314
0  38  4.10769  0.16007
0  39  3.11734  0.213177
0  40  2.45623  0.28321
0  41  2.01993  0.373664
0  42  1.72681  0.486831
0  43  1.52619  0.621918
0  44  1.38781  0.772664
0  45  1.2935  0.925499
0  46  1.23233  1.06004
0  47  1.19787  1.15327

1  0  1.15328  1.19786
1  1  1.16393  1.16392
1  2  1.19688  1.06937
1  3  1.25533  0.933017
1  4  1.34535  0.778275
1  5  1.47725  0.625833
1  6  1.66814  0.489412
1  7  1.94658  0.375289
1  8  2.36056  0.284194
1  9  2.98867  0.213754
1  10  3.93839  0.1604
1  11  5.2309  0.120497
1  12  6.30096  0.0908702
1  13  5.82046  0.0689528
1  14  4.02303  0.0527613
1  15  2.44539  0.040803
1  16  1.48708  0.0319717
1  17  0.948529  0.025455
1  18  0.641501  0.0206596
1  19  0.460345  0.0171545
1  20  0.350277  0.0146285
1  21  0.282638  0.01286
1  22  0.242093  0.0116954
1  23  0.220438  0.0110344
1  24  0.213626  0.0108201
1  25  0.220438  0.0110344
1  26  0.242093  0.0116954
1  27  0.282638  0.01286
1  28  0.350277  0.0146285
1  29  0.460345  0.0171545
1  30  0.641501  0.0206596
1  31  0.948529  0.025455
1  32  1.48708  0.0319717
1  33  2.44539  0.040803
1  34  4.02303  0.0527613
1  35  5.82046  0.0689528
1  36  6.30096  0.0908702
1  37  5.2309  0.120497
1  38  3.93839  0.1604
1  39  2.98867  0.213754
1  40  2.36056  0.284194
1  41  1.94658  0.375289
1  42  1.66814  0.489412
1  43  1.47725  0.625833
1  44  1.34535  0.778275
1  45  1.25533  0.933017
1  46  1.19688  1.06937
1  47  1.16393  1.16392

2  0  1.06005  1.23232
2  1  1.06938  1.19687
2  2  1.09822  1.09821
2  3  1.14926  0.956215
2  4  1.22763  0.795548
2  5  1.34197  0.637854
2  6  1.50659  0.497315
2  7  1.74532  0.380249
2  8  2.09851  0.287191
2  9  2.63449  0.215508
2  10  3.45966  0.161397
2  11  4.671  0.121049
2  12  6.00619  0.0911674
2  13  6.2139  0.0691088
2  14  4.65618  0.0528418
2  15  2.88008  0.0408449
2  16  1.73259  0.0319953
2  17  1.08766  0.0254709
2  18  0.72535  0.0206732
2  19  0.514871  0.017168
2  20  0.388633  0.0146429
2  21  0.311818  0.0128754
2  22  0.266094  0.0117116
2  23  0.241781  0.0110511
2  24  0.23415  0.010837
2  25  0.241781  0.0110511
2  26  0.266094  0.0117116
2  27  0.311818  0.0128754
2  28  0.388633  0.0146429
2  29  0.514871  0.017168
2  30  0.72535  0.0206732
2  31  1.08766  0.0254709
2  32  1.73259  0.0319953
2  33  2.88008  0.0408449
2  34  4.65618  0.0528418
2  35  6.2139  0.0691088
2  36  6.00619  0.0911674
2  37  4.671  0.121049
2  38  3.45966  0.161397
2  39  2.63449  0.215508
2  40  2.09851  0.287191
2  41  1.74532  0.380249
2  42  1.50659  0.497315
2  43  1.34197  0.637854
2  44  1.22763  0.795548
2  45  1.14926  0.956215
2  46  1.09822  1.09821
2  47  1.06938  1.19687

3  0  0.925505  1.29349
3  1  0.933024  1.25532
3  2  0.956221  1.14925
3  3  0.997142  0.997135
3  4  1.05963  0.825876
3  5  1.15015  0.658845
3  6  1.27927  0.511037
3  7  1.46448  0.388811
3  8  1.73538  0.292336
3  9  2.14315  0.218504
3  10  2.77563  0.163093
3  11  3.76324  0.121984
3  12  5.15764  0.0916696
3  13  6.31315  0.0693717
3  14  5.6978  0.052977
3  15  3.7989  0.0409152
3  16  2.27549  0.0320348
3  17  1.39197  0.0254976
3  18  0.904806  0.0206958
3  19  0.629231  0.0171907
3  20  0.467793  0.014667
3  21  0.37133  0.0129011
3  22  0.314651  0.0117387
3  23  0.284761  0.011079
3  24  0.275417  0.0108653
3  25  0.284761  0.011079
3  26  0.314651  0.0117387
3  27  0.37133  0.0129011
3  28  0.467793  0.014667
3  29  0.629231  0.0171907
3  30  0.904806  0.0206958
3  31  1.39197  0.0254976
3  32  2.27549  0.0320348
3  33  3.7989  0.0409152
3  34  5.6978  0.052977
3  35  6.31315  0.0693717
3  36  5.15764  0.0916696
3  37  3.76324  0.121984
3  38  2.77563  0.163093
3  39  2.14315  0.218504
3  40  1.73538  0.292336
3  41  1.46448  0.388811
3  42  1.27927  0.511037
3  43  1.15015  0.658845
3  44  1.05963  0.825876
3  45  0.997142  0.997135
3  46  0.956221  1.14925
3  47  0.933024  1.25532

4  0  0.772669  1.3878
4  1  0.77828  1.34534
4  2  0.795553  1.22762
4  3  0.825881  1.05962
4  4  0.871866  0.87186
4  5  0.937817  0.690404
4  6  1.03069  0.531481
4  7  1.16177  0.401454
4  8  1.34988  0.29987
4  9  1.62742  0.222857
4  10  2.05184  0.165542
4  11  2.72457  0.123326
4  12  3.79844  0.0923869
4  13  5.30804  0.0697458
4  14  6.36261  0.0531689
4  15  5.37361  0.0410147
4  16  3.42774  0.0320906
4  17  2.05078  0.0255351
4  18  1.28287  0.0207277
4  19  0.862484  0.0172225
4  20  0.624907  0.0147008
4  21  0.487063  0.0129373
4  22  0.407777  0.0117768
4  23  0.366533  0.0111183
4  24  0.353725  0.0109049
4  25  0.366533  0.0111183
4  26  0.407777  0.0117768
4  27  0.487063  0.0129373
4  28  0.624907  0.0147008
4  29  0.862484  0.0172225
4  30  1.28287  0.0207277
4  31  2.05078  0.0255351
4  32  3.42774  0.0320906
4  33  5.37361  0.0410147
4  34  6.36261  0.0531689
4  35  5.30804  0.0697458
4  36  3.79844  0.0923869
4  37  2.72457  0.123326
4  38  2.05184  0.165542
4  39  1.62742  0.222857
4  40  1.34988  0.29987
4  41  1.16177  0.401454
4  42  1.03069  0.531481
4  43  0.937817  0.690404
4  44  0.871866  0.87186
4  45  0.825881  1.05962
4  46  0.795553  1.22762
4  47  0.77828  1.34534

5  0  0.621921  1.52618
5  1  0.625837  1.47723
5  2  0.637857  1.34196
5  3  0.658849  1.15014
5  4  0.690408  0.937811
5  5  0.735141  0.735137
5  6  0.797158  0.560095
5  7  0.882965  0.41893
5  8  1.00308  0.310163
5  9  1.17511  0.228744
5  10  1.42966  0.168823
5  11  1.82214  0.125111
5  12  2.45405  0.0933344
5  13  3.49308  0.0702371
5  14  5.04528  0.0534197
5  15  6.32885  0.0411443
5  16  5.53254  0.0321631
5  17  3.58139  0.0255839
5  18  2.17409  0.020769
5  19  1.39222  0.0172637
5  20  0.967552  0.0147445
5  21  0.731406  0.012984
5  22  0.600005  0.0118259
5  23  0.533121  0.011169
5  24  0.512571  0.0109561
5  25  0.533121  0.011169
5  26  0.600005  0.0118259
5  27  0.731406  0.012984
5  28  0.967552  0.0147445
5  29  1.39222  0.0172637
5  30  2.17409  0.020769
5  31  3.58139  0.0255839
5  32  5.53254  0.0321631
5  33  6.32885  0.0411443
5  34  5.04528  0.0534197
5  35  3.49308  0.0702371
5  36  2.45405  0.0933344
5  37  1.82214  0.125111
5  38  1.42966  0.168823
5  39  1.17511  0.228744
5  40  1.00308  0.310163
5  41  0.882965  0.41893
5  42  0.797158  0.560095
5  43  0.735141  0.735137
5  44  0.690408  0.937811
5  45  0.658849  1.15014
5  46  0.637857  1.34196
5  47  0.625837  1.47723

6  0  0.486833  1.72679
6  1  0.489415  1.66813
6  2  0.497318  1.50658
6  3  0.511039  1.27926
6  4  0.531484  1.03068
6  5  0.560098  0.797153
6  6  0.59911  0.599106
6  7  0.651932  0.442366
6  8  0.723876  0.323755
6  9  0.823436  0.236411
6  10  0.964695  0.173046
6  11  1.17203  0.127385
6  12  1.48954  0.0945316
6  13  1.99976  0.0708537
6  14  2.85285  0.0537328
6  15  4.24415  0.0413053
6  16  5.92305  0.0322529
6  17  6.16362  0.025644
6  18  4.47768  0.0208199
6  19  2.84916  0.0173143
6  20  1.88077  0.0147982
6  21  1.3551  0.0130414
6  22  1.07419  0.0118863
6  23  0.935618  0.0112312
6  24  0.893726  0.0110189
6  25  0.935618  0.0112312
6  26  1.07419  0.0118863
6  27  1.3551  0.0130414
6  28  1.88077  0.0147982
6  29  2.84916  0.0173143
6  30  4.47768  0.0208199
6  31  6.16362  0.025644
6  32  5.92305  0.0322529
6  33  4.24415  0.0413053
6  34  2.85285  0.0537328
6  35  1.99976  0.0708537
6  36  1.48954  0.0945316
6  37  1.17203  0.127385
6  38  0.964695  0.173046
6  39  0.823436  0.236411
6  40  0.723876  0.323755
6  41  0.651932  0.442366
6  42  0.59911  0.599106
6  43  0.560098  0.797153
6  44  0.531484  1.03068
6  45  0.511039  1.27926
6  46  0.497318  1.50658
6  47  0.489415  1.66813

7  0  0.373665  2.01991
7  1  0.37529  1.94656
7  2  0.38025  1.7453
7  3  0.388812  1.46447
7  4  0.401456  1.16176
7  5  0.418932  0.882959
7  6  0.442368  0.651928
7  7  0.473431  0.473428
7  8  0.514608  0.34142
7  9  0.56968  0.246203
7  10  0.644545  0.178359
7  11  0.748727  0.130211
7  12  0.898212  0.0960036
7  13  1.12102  0.0716055
7  14  1.46827  0.0541118
7  15  2.03487  0.0414992
7  16  2.98429  0.0323605
7  17  4.47462  0.0257159
7  18  6.05543  0.0208805
7  19  6.14881  0.0173746
7  20  4.77002  0.0148621
7  21  3.45353  0.0131095
7  22  2.6508  0.0119579
7  23  2.24817  0.011305
7  24  2.12702  0.0110935
7  25  2.24817  0.011305
7  26  2.6508  0.0119579
7  27  3.45353  0.0131095
7  28  4.77002  0.0148621
7  29  6.14881  0.0173746
7  30  6.05543  0.0208805
7  31  4.47462  0.0257159
7  32  2.98429  0.0323605
7  33  2.03487  0.0414992
7  34  1.46827  0.0541118
7  35  1.12102  0.0716055
7  36  0.898212  0.0960036
7  37  0.748727  0.130211
7  38  0.644545  0.178359
7  39  0.56968  0.246203
7  40  0.514608  0.34142
7  41  0.473431  0.473428
7  42  0.442368  0.651928
7  43  0.418932  0.882959
7  44  0.401456  1.16176
7  45  0.388812  1.46447
7  46  0.38025  1.7453
7  47  0.37529  1.94656

8  0  0.283211  2.45621
8  1  0.284195  2.36054
8  2  0.287192  2.09849
8  3  0.292337  1.73536
8  4  0.299871  1.34987
8  5  0.310164  1.00308
8  6  0.323757  0.723872
8  7  0.341421  0.514605
8  8  0.364263  0.364261
8  9  0.393876  0.258593
8  10  0.4326  0.184959
8  11  0.483936  0.133667
8  12  0.553269  0.0977814
8  13  0.649115  0.072504
8  14  0.785348  0.0545611
8  15  0.985203  0.0417275
8  16  1.28825  0.0324866
8  17  1.76087  0.0257998
8  18  2.50271  0.0209511
8  19  3.60603  0.0174445
8  20  4.96222  0.0149361
8  21  6.03717  0.0131884
8  22  6.36903  0.0120408
8  23  6.23654  0.0113904
8  24  6.13194  0.0111798
8  25  6.23654  0.0113904
8  26  6.36903  0.0120408
8  27  6.03717  0.0131884
8  28  4.96222  0.0149361
8  29  3.60603  0.0174445
8  30  2.50271  0.0209511
8  31  1.76087  0.0257998
8  32  1.28825  0.0324866
8  33  0.985203  0.0417275
8  34  0.785348  0.0545611
8  35  0.649115  0.072504
8  36  0.553269  0.0977814
8  37  0.483936  0.133667
8  38  0.4326  0.184959
8  39  0.393876  0.258593
8  40  0.364263  0.364261
8  41  0.341421  0.514605
8  42  0.323757  0.723872
8  43  0.310164  1.00308
8  44  0.299871  1.34987
8  45  0.292337  1.73536
8  46  0.287192  2.09849
8  47  0.284195  2.36054

9  0  0.213178  3.11731
9  1  0.213755  2.98864
9  2  0.215509  2.63446
9  3  0.218504  2.14313
9  4  0.222858  1.62741
9  5  0.228745  1.1751
9  6  0.236412  0.823431
9  7  0.246204  0.569677
9  8  0.258594  0.393875
9  9  0.27423  0.274229
9  10  0.294008  0.193102
9  11  0.319179  0.137852
9  12  0.351504  0.0999019
9  13  0.393499  0.0735627
9  14  0.448783  0.0550854
9  15  0.522586  0.0419918
9  16  0.622422  0.0326318
9  17  0.758778  0.0258959
9  18  0.945267  0.0210317
9  19  1.19661  0.0175243
9  20  1.52121  0.0150203
9  21  1.90531  0.013278
9  22  2.29403  0.012135
9  23  2.59236  0.0114874
9  24  2.70512  0.0112777
9  25  2.59236  0.0114874
9  26  2.29403  0.012135
9  27  1.90531  0.013278
9  28  1.52121  0.0150203
9  29  1.19661  0.0175243
9  30  0.945267  0.0210317
9  31  0.758778  0.0258959
9  32  0.622422  0.0326318
9  33  0.522586  0.0419918
9  34  0.448783  0.0550854
9  35  0.393499  0.0735627
9  36  0.351504  0.0999019
9  37  0.319179  0.137852
9  38  0.294008  0.193102
9  39  0.27423  0.274229
9  40  0.258594  0.393875
9  41  0.246204  0.569677
9  42  0.236412  0.823431
9  43  0.228745  1.1751
9  44  0.222858  1.62741
9  45  0.218504  2.14313
9  46  0.215509  2.63446
9  47  0.213755  2.98864

10  0  0.160071  4.10765
10  1  0.1604  3.93834
10  2  0.161397  3.45962
10  3  0.163093  2.7756
10  4  0.165542  2.05182
10  5  0.168823  1.42965
10  6  0.173046  0.964688
10  7  0.17836  0.644541
10  8  0.18496  0.432597
10  9  0.193102  0.294007
10  10  0.203123  0.203123
10  11  0.21546  0.142889
10  12  0.23068  0.102409
10  13  0.249518  0.0747965
10  14  0.272911  0.0556895
10  15  0.302024  0.0422938
10  16  0.338236  0.0327964
10  17  0.383026  0.0260044
10  18  0.437646  0.0211223
10  19  0.502434  0.0176137
10  20  0.575628  0.0151146
10  21  0.651895  0.0133783
10  22  0.721419  0.0122401
10  23  0.771181  0.0115957
10  24  0.789382  0.0113871
10  25  0.771181  0.0115957
10  26  0.721419  0.0122401
10  27  0.651895  0.0133783
10  28  0.575628  0.0151146
10  29  0.502434  0.0176137
10  30  0.437646  0.0211223
10  31  0.383026  0.0260044
10  32  0.338236  0.0327964
10  33  0.302024  0.0422938
10  34  0.272911  0.0556895
10  35  0.249518  0.0747965
10  36  0.23068  0.102409
10  37  0.21546  0.142889
10  38  0.203123  0.203123
10  39  0.193102  0.294007
10  40  0.18496  0.432597
10  41  0.17836  0.644541
10  42  0.173046  0.964688
10  43  0.168823  1.42965
10  44  0.165542  2.05182
10  45  0.163093  2.7756
10  46  0.161397  3.45962
10  47  0.1604  3.93834

11  0  0.120315  5.40955
11  1  0.120497  5.23085
11  2  0.121049  4.67096
11  3  0.121984  3.7632
11  4  0.123327  2.72454
11  5  0.125111  1.82212
11  6  0.127386  1.17202
11  7  0.130211  0.748722
11  8  0.133667  0.483933
11  9  0.137852  0.319177
11  10  0.142889  0.215459
11  11  0.148928  0.148927
11  12  0.156147  0.105351
11  13  0.164756  0.0762209
11  14  0.174991  0.056378
11  15  0.187097  0.0426345
11  16  0.201293  0.0329808
11  17  0.217709  0.0261252
11  18  0.236275  0.0212228
11  19  0.256567  0.0177125
11  20  0.277622  0.0152186
11  21  0.297816  0.0134886
11  22  0.314925  0.0123559
11  23  0.326512  0.0117148
11  24  0.330625  0.0115073
11  25  0.326512  0.0117148
11  26  0.314925  0.0123559
11  27  0.297816  0.0134886
11  28  0.277622  0.0152186
11  29  0.256567  0.0177125
11  30  0.236275  0.0212228
11  31  0.217709  0.0261252
11  32  0.201293  0.0329808
11  33  0.187097  0.0426345
11  34  0.174991  0.056378
11  35  0.164756  0.0762209
11  36  0.156147  0.105351
11  37  0.148928  0.148927
11  38  0.142889  0.215459
11  39  0.137852  0.319177
11  40  0.133667  0.483933
11  41  0.130211  0.748722
11  42  0.127386  1.17202
11  43  0.125111  1.82212
11  44  0.123327  2.72454
11  45  0.121984  3.7632
11  46  0.121049  4.67096
11  47  0.120497  5.23085

12  0  0.090772  6.34804
12  1  0.0908704  6.30094
12  2  0.0911676  6.00616
12  3  0.0916698  5.1576
12  4  0.0923871  3.7984
12  5  0.0933345  2.45403
12  6  0.0945318  1.48953
12  7  0.0960038  0.898206
12  8  0.0977816  0.553266
12  9  0.0999021  0.351503
12  10  0.102409  0.230679
12  11  0.105351  0.156146
12  12  0.108784  0.108784
12  13  0.112763  0.0778513
12  14  0.117342  0.0571545
12  15  0.122561  0.0430144
12  16  0.12843  0.0331846
12  17  0.134912  0.0262579
12  18  0.141885  0.0213326
12  19  0.149118  0.0178202
12  20  0.156239  0.0153316
12  21  0.162738  0.0136085
12  22  0.168014  0.0124814
12  23  0.171477  0.011844
12  24  0.172686  0.0116377
12  25  0.171477  0.011844
12  26  0.168014  0.0124814
12  27  0.162738  0.0136085
12  28  0.156239  0.0153316
12  29  0.149118  0.0178202
12  30  0.141885  0.0213326
12  31  0.134912  0.0262579
12  32  0.12843  0.0331846
12  33  0.122561  0.0430144
12  34  0.117342  0.0571545
12  35  0.112763  0.0778513
12  36  0.108784  0.108784
12  37  0.105351  0.156146
12  38  0.102409  0.230679
12  39  0.0999021  0.351503
12  40  0.0977816  0.553266
12  41  0.0960038  0.898206
12  42  0.0945318  1.48953
12  43  0.0933345  2.45403
12  44  0.0923871  3.7984
12  45  0.0916698  5.1576
12  46  0.0911676  6.00616
12  47  0.0908704  6.30094

13  0  0.0689012  5.65067
13  1  0.0689529  5.8205
13  2  0.069109  6.21392
13  3  0.0693718  6.31314
13  4  0.0697459  5.308
13  5  0.0702372  3.49304
13  6  0.0708539  1.99974
13  7  0.0716056  1.12101
13  8  0.0725041  0.649111
13  9  0.0735629  0.393498
13  10  0.0747966  0.249517
13  11  0.0762211  0.164756
13  12  0.0778515  0.112763
13  13  0.079701  0.0797009
13  14  0.0817779  0.058021
13  15  0.0840812  0.043433
13  16  0.0865954  0.0334071
13  17  0.0892834  0.0264018
13  18  0.0920784  0.0214511
13  19  0.0948782  0.0179359
13  20  0.0975426  0.0154527
13  21  0.0998997  0.0137367
13  22  0.101764  0.0126156
13  23  0.102964  0.0119819
13  24  0.103379  0.011777
13  25  0.102964  0.0119819
13  26  0.101764  0.0126156
13  27  0.0998997  0.0137367
13  28  0.0975426  0.0154527
13  29  0.0948782  0.0179359
13  30  0.0920784  0.0214511
13  31  0.0892834  0.0264018
13  32  0.0865954  0.0334071
13  33  0.0840812  0.043433
13  34  0.0817779  0.058021
13  35  0.079701  0.0797009
13  36  0.0778515  0.112763
13  37  0.0762211  0.164756
13  38  0.0747966  0.249517
13  39  0.0735629  0.393498
13  40  0.0725041  0.649111
13  41  0.0716056  1.12101
13  42  0.0708539  1.99974
13  43  0.0702372  3.49304
13  44  0.0697459  5.308
13  45  0.0693718  6.31314
13  46  0.069109  6.21392
13  47  0.0689529  5.8205

14  0  0.0527347  3.82384
14  1  0.0527614  4.02308
14  2  0.0528419  4.65623
14  3  0.0529771  5.69784
14  4  0.0531689  6.3626
14  5  0.0534198  5.04523
14  6  0.0537329  2.85282
14  7  0.0541119  1.46825
14  8  0.0545612  0.785343
14  9  0.0550855  0.448781
14  10  0.0556896  0.27291
14  11  0.0563781  0.174991
14  12  0.0571546  0.117342
14  13  0.0580211  0.0817777
14  14  0.0589763  0.0589762
14  15  0.0600145  0.0438882
14  16  0.0611233  0.0336466
14  17  0.0622818  0.0265555
14  18  0.063458  0.021577
14  19  0.0646085  0.0180584
14  20  0.0656787  0.0155806
14  21  0.0666063  0.0138718
14  22  0.0673274  0.0127569
14  23  0.0677861  0.0121271
14  24  0.0679437  0.0119235
14  25  0.0677861  0.0121271
14  26  0.0673274  0.0127569
14  27  0.0666063  0.0138718
14  28  0.0656787  0.0155806
14  29  0.0646085  0.0180584
14  30  0.063458  0.021577
14  31  0.0622818  0.0265555
14  32  0.0611233  0.0336466
14  33  0.0600145  0.0438882
14  34  0.0589763  0.0589762
14  35  0.0580211  0.0817777
14  36  0.0571546  0.117342
14  37  0.0563781  0.174991
14  38  0.0556896  0.27291
14  39  0.0550855  0.448781
14  40  0.0545612  0.785343
14  41  0.0541119  1.46825
14  42  0.0537329  2.85282
14  43  0.0534198  5.04523
14  44  0.0531689  6.3626
14  45  0.0529771  5.69784
14  46  0.0528419  4.65623
14  47  0.0527614  4.02308

15  0  0.0407892  2.31821
15  1  0.0408031  2.44542
15  2  0.040845  2.88011
15  3  0.0409153  3.79894
15  4  0.0410147  5.37366
15  5  0.0411443  6.32884
15  6  0.0413054  4.24411
15  7  0.0414992  2.03485
15  8  0.0417275  0.985196
15  9  0.0419919  0.522583
15  10  0.0422939  0.302022
15  11  0.0426345  0.187096
15  12  0.0430145  0.12256
15  13  0.0434331  0.084081
15  14  0.0438883  0.0600144
15  15  0.0443757  0.0443757
15  16  0.0448881  0.0339003
15  17  0.0454146  0.0267169
15  18  0.0459403  0.0217085
15  19  0.046446  0.0181858
15  20  0.0469091  0.0157133
15  21  0.0473049  0.0140118
15  22  0.0476092  0.012903
15  23  0.0478011  0.0122772
15  24  0.0478668  0.0120749
15  25  0.0478011  0.0122772
15  26  0.0476092  0.012903
15  27  0.0473049  0.0140118
15  28  0.0469091  0.0157133
15  29  0.046446  0.0181858
15  30  0.0459403  0.0217085
15  31  0.0454146  0.0267169
15  32  0.0448881  0.0339003
15  33  0.0443757  0.0443757
15  34  0.0438883  0.0600144
15  35  0.0434331  0.084081
15  36  0.0430145  0.12256
15  37  0.0426345  0.187096
15  38  0.0422939  0.302022
15  39  0.0419919  0.522583
15  40  0.0417275  0.985196
15  41  0.0414992  2.03485
15  42  0.0413054  4.24411
15  43  0.0411443  6.32884
15  44  0.0410147  5.37366
15  45  0.0409153  3.79894
15  46  0.040845  2.88011
15  47  0.0408031  2.44542

16  0  0.0319639  1.41582
16  1  0.0319718  1.4871
16  2  0.0319953  1.7326
16  3  0.0320349  2.27551
16  4  0.0320907  3.42778
16  5  0.0321632  5.53258
16  6  0.0322529  5.92302
16  7  0.0323605  2.98426
16  8  0.0324866  1.28824
16  9  0.0326318  0.622418
16  10  0.0327964  0.338234
16  11  0.0329808  0.201292
16  12  0.0331847  0.12843
16  13  0.0334072  0.0865953
16  14  0.0336467  0.0611232
16  15  0.0339003  0.0448881
16  16  0.0341639  0.0341639
16  17  0.0344315  0.0268833
16  18  0.0346955  0.0218432
16  19  0.0349466  0.0183158
16  20  0.035174  0.0158483
16  21  0.0353665  0.0141539
16  22  0.0355134  0.0130512
16  23  0.0356055  0.0124293
16  24  0.0356369  0.0122283
16  25  0.0356055  0.0124293
16  26  0.0355134  0.0130512
16  27  0.0353665  0.0141539
16  28  0.035174  0.0158483
16  29  0.0349466  0.0183158
16  30  0.0346955  0.0218432
16  31  0.0344315  0.0268833
16  32  0.0341639  0.0341639
16  33  0.0339003  0.0448881
16  34  0.0336467  0.0611232
16  35  0.0334072  0.0865953
16  36  0.0331847  0.12843
16  37  0.0329808  0.201292
16  38  0.0327964  0.338234
16  39  0.0326318  0.622418
16  40  0.0324866  1.28824
16  41  0.0323605  2.98426
16  42  0.0322529  5.92302
16  43  0.0321632  5.53258
16  44  0.0320907  3.42778
16  45  0.0320349  2.27551
16  46  0.0319953  1.7326
16  47  0.0319718  1.4871

17  0  0.0254497  0.907799
17  1  0.025455  0.948537
17  2  0.0254709  1.08767
17  3  0.0254976  1.39199
17  4  0.0255352  2.0508
17  5  0.0255839  3.58143
17  6  0.025644  6.16365
17  7  0.0257159  4.47458
17  8  0.0257998  1.76085
17  9  0.0258959  0.758773
17  10  0.0260044  0.383024
17  11  0.0261252  0.217708
17  12  0.026258  0.134911
17  13  0.0264018  0.0892832
17  14  0.0265555  0.0622816
17  15  0.026717  0.0454146
17  16  0.0268834  0.0344315
17  17  0.0270509  0.0270509
17  18  0.0272147  0.021978
17  19  0.0273693  0.0184453
17  20  0.0275082  0.0159823
17  21  0.0276251  0.0142947
17  22  0.0277137  0.0131979
17  23  0.0277691  0.0125799
17  24  0.027788  0.0123802
17  25  0.0277691  0.0125799
17  26  0.0277137  0.0131979
17  27  0.0276251  0.0142947
17  28  0.0275082  0.0159823
17  29  0.0273693  0.0184453
17  30  0.0272147  0.021978
17  31  0.0270509  0.0270509
17  32  0.0268834  0.0344315
17  33  0.026717  0.0454146
17  34  0.0265555  0.0622816
17  35  0.0264018  0.0892832
17  36  0.026258  0.134911
17  37  0.0261252  0.217708
17  38  0.0260044  0.383024
17  39  0.0258959  0.758773
17  40  0.0257998  1.76085
17  41  0.0257159  4.47458
17  42  0.025644  6.16365
17  43  0.0255839  3.58143
17  44  0.0255352  2.0508
17  45  0.0254976  1.39199
17  46  0.0254709  1.08767
17  47  0.025455  0.948537

18  0  0.0206551  0.616686
18  1  0.0206596  0.641505
18  2  0.0206732  0.725355
18  3  0.0206958  0.904812
18  4  0.0207277  1.28288
18  5  0.020769  2.17411
18  6  0.0208199  4.47772
18  7  0.0208805  6.05541
18  8  0.0209511  2.50269
18  9  0.0210317  0.94526
18  10  0.0211223  0.437644
18  11  0.0212228  0.236274
18  12  0.0213326  0.141885
18  13  0.0214511  0.0920782
18  14  0.021577  0.0634579
18  15  0.0217085  0.0459402
18  16  0.0218432  0.0346955
18  17  0.021978  0.0272147
18  18  0.0221091  0.0221091
18  19  0.022232  0.0185707
18  20  0.0223419  0.0161118
18  21  0.0224339  0.0144305
18  22  0.0225035  0.0133392
18  23  0.0225468  0.0127247
18  24  0.0225616  0.0125263
18  25  0.0225468  0.0127247
18  26  0.0225035  0.0133392
18  27  0.0224339  0.0144305
18  28  0.0223419  0.0161118
18  29  0.022232  0.0185707
18  30  0.0221091  0.0221091
18  31  0.021978  0.0272147
18  32  0.0218432  0.0346955
18  33  0.0217085  0.0459402
18  34  0.021577  0.0634579
18  35  0.0214511  0.0920782
18  36  0.0213326  0.141885
18  37  0.0212228  0.236274
18  38  0.0211223  0.437644
18  39  0.0210317  0.94526
18  40  0.0209511  2.50269
18  41  0.0208805  6.05541
18  42  0.0208199  4.47772
18  43  0.020769  2.17411
18  44  0.0207277  1.28288
18  45  0.0206958  0.904812
18  46  0.0206732  0.725355
18  47  0.0206596  0.641505

19  0  0.01715  0.444054
19  1  0.0171545  0.460348
19  2  0.017168  0.514874
19  3  0.0171907  0.629235
19  4  0.0172225  0.86249
19  5  0.0172637  1.39223
19  6  0.0173143  2.84919
19  7  0.0173746  6.14883
19  8  0.0174446  3.60599
19  9  0.0175243  1.1966
19  10  0.0176137  0.502431
19  11  0.0177125  0.256566
19  12  0.0178202  0.149118
19  13  0.0179359  0.094878
19  14  0.0180584  0.0646084
19  15  0.0181858  0.0464459
19  16  0.0183158  0.0349466
19  17  0.0184453  0.0273693
19  18  0.0185707  0.022232
19  19  0.0186878  0.0186878
19  20  0.0187922  0.0162323
19  21  0.0188793  0.0145567
19  22  0.0189449  0.0134705
19  23  0.0189858  0.0128592
19  24  0.0189997  0.0126618
19  25  0.0189858  0.0128592
19  26  0.0189449  0.0134705
19  27  0.0188793  0.0145567
19  28  0.0187922  0.0162323
19  29  0.0186878  0.0186878
19  30  0.0185707  0.022232
19  31  0.0184453  0.0273693
19  32  0.0183158  0.0349466
19  33  0.0181858  0.0464459
19  34  0.0180584  0.0646084
19  35  0.0179359  0.094878
19  36  0.0178202  0.149118
19  37  0.0177125  0.256566
19  38  0.0176137  0.502431
19  39  0.0175243  1.1966
19  40  0.0174446  3.60599
19  41  0.0173746  6.14883
19  42  0.0173143  2.84919
19  43  0.0172637  1.39223
19  44  0.0172225  0.86249
19  45  0.0171907  0.629235
19  46  0.017168  0.514874
19  47  0.0171545  0.460348

20  0  0.0146237  0.338731
20  1  0.0146285  0.350279
20  2  0.0146429  0.388635
20  3  0.014667  0.467795
20  4  0.0147008  0.624911
20  5  0.0147445  0.967559
20  6  0.0147982  1.88078
20  7  0.0148621  4.77006
20  8  0.0149361  4.96218
20  9  0.0150204  1.5212
20  10  0.0151146  0.575625
20  11  0.0152186  0.277621
20  12  0.0153316  0.156238
20  13  0.0154528  0.0975423
20  14  0.0155806  0.0656786
20  15  0.0157133  0.046909
20  16  0.0158483  0.035174
20  17  0.0159823  0.0275082
20  18  0.0161118  0.0223419
20  19  0.0162324  0.0187922
20  20  0.0163395  0.0163395
20  21  0.0164287  0.0146688
20  22  0.0164959  0.0135868
20  23  0.0165377  0.0129783
20  24  0.0165518  0.012782
20  25  0.0165377  0.0129783
20  26  0.0164959  0.0135868
20  27  0.0164287  0.0146688
20  28  0.0163395  0.0163395
20  29  0.0162324  0.0187922
20  30  0.0161118  0.0223419
20  31  0.0159823  0.0275082
20  32  0.0158483  0.035174
20  33  0.0157133  0.046909
20  34  0.0155806  0.0656786
20  35  0.0154528  0.0975423
20  36  0.0153316  0.156238
20  37  0.0152186  0.277621
20  38  0.0151146  0.575625
20  39  0.0150204  1.5212
20  40  0.0149361  4.96218
20  41  0.0148621  4.77006
20  42  0.0147982  1.88078
20  43  0.0147445  0.967559
20  44  0.0147008  0.624911
20  45  0.014667  0.467795
20  46  0.0146429  0.388635
20  47  0.0146285  0.350279

21  0  0.0128549  0.273806
21  1  0.01286  0.282639
21  2  0.0128754  0.311819
21  3  0.0129012  0.371332
21  4  0.0129373  0.487065
21  5  0.012984  0.731411
21  6  0.0130414  1.35511
21  7  0.0131095  3.45356
21  8  0.0131884  6.03715
21  9  0.013278  1.90529
21  10  0.0133783  0.651892
21  11  0.0134886  0.297815
21  12  0.0136085  0.162737
21  13  0.0137367  0.0998995
21  14  0.0138719  0.0666062
21  15  0.0140118  0.0473049
21  16  0.0141539  0.0353665
21  17  0.0142947  0.027625
21  18  0.0144305  0.0224339
21  19  0.0145567  0.0188793
21  20  0.0146688  0.0164287
21  21  0.0147619  0.0147619
21  22  0.0148319  0.0136835
21  23  0.0148754  0.0130773
21  24  0.0148902  0.0128817
21  25  0.0148754  0.0130773
21  26  0.0148319  0.0136835
21  27  0.0147619  0.0147619
21  28  0.0146688  0.0164287
21  29  0.0145567  0.0188793
21  30  0.0144305  0.0224339
21  31  0.0142947  0.027625
21  32  0.0141539  0.0353665
21  33  0.0140118  0.0473049
21  34  0.0138719  0.0666062
21  35  0.0137367  0.0998995
21  36  0.0136085  0.162737
21  37  0.0134886  0.297815
21  38  0.0133783  0.651892
21  39  0.013278  1.90529
21  40  0.0131884  6.03715
21  41  0.0131095  3.45356
21  42  0.0130414  1.35511
21  43  0.012984  0.731411
21  44  0.0129373  0.487065
21  45  0.0129012  0.371332
21  46  0.0128754  0.311819
21  47  0.01286  0.282639

22  0  0.01169  0.234802
22  1  0.0116954  0.242094
22  2  0.0117116  0.266095
22  3  0.0117387  0.314653
22  4  0.0117768  0.407779
22  5  0.011826  0.600008
22  6  0.0118863  1.0742
22  7  0.0119579  2.65082
22  8  0.0120408  6.36903
22  9  0.012135  2.29401
22  10  0.0122401  0.721415
22  11  0.0123559  0.314923
22  12  0.0124814  0.168014
22  13  0.0126156  0.101764
22  14  0.0127569  0.0673273
22  15  0.012903  0.0476091
22  16  0.0130512  0.0355133
22  17  0.0131979  0.0277137
22  18  0.0133392  0.0225034
22  19  0.0134705  0.0189449
22  20  0.0135868  0.0164959
22  21  0.0136835  0.0148319
22  22  0.0137561  0.0137561
22  23  0.0138012  0.0131516
22  24  0.0138165  0.0129566
22  25  0.0138012  0.0131516
22  26  0.0137561  0.0137561
22  27  0.0136835  0.0148319
22  28  0.0135868  0.0164959
22  29  0.0134705  0.0189449
22  30  0.0133392  0.0225034
22  31  0.0131979  0.0277137
22  32  0.0130512  0.0355133
22  33  0.012903  0.0476091
22  34  0.0127569  0.0673273
22  35  0.0126156  0.101764
22  36  0.0124814  0.168014
22  37  0.0123559  0.314923
22  38  0.0122401  0.721415
22  39  0.012135  2.29401
22  40  0.0120408  6.36903
22  41  0.0119579  2.65082
22  42  0.0118863  1.0742
22  43  0.011826  0.600008
22  44  0.0117768  0.407779
22  45  0.0117387  0.314653
22  46  0.0117116  0.266095
22  47  0.0116954  0.242094

23  0  0.0110288  0.21394
23  1  0.0110344  0.220439
23  2  0.0110511  0.241782
23  3  0.011079  0.284762
23  4  0.0111183  0.366534
23  5  0.011169  0.533123
23  6  0.0112312  0.935624
23  7  0.011305  2.24819
23  8  0.0113904  6.23655
23  9  0.0114874  2.59234
23  10  0.0115957  0.771176
23  11  0.0117148  0.326511
23  12  0.011844  0.171476
23  13  0.011982  0.102964
23  14  0.0121271  0.067786
23  15  0.0122772  0.0478011
23  16  0.0124293  0.0356055
23  17  0.0125799  0.0277691
23  18  0.0127247  0.0225468
23  19  0.0128592  0.0189858
23  20  0.0129784  0.0165377
23  21  0.0130773  0.0148754
23  22  0.0131516  0.0138012
23  23  0.0131978  0.0131977
23  24  0.0132134  0.0130031
23  25  0.0131978  0.0131977
23  26  0.0131516  0.0138012
23  27  0.0130773  0.0148754
23  28  0.0129784  0.0165377
23  29  0.0128592  0.0189858
23  30  0.0127247  0.0225468
23  31  0.0125799  0.0277691
23  32  0.0124293  0.0356055
23  33  0.0122772  0.0478011
23  34  0.0121271  0.067786
23  35  0.011982  0.102964
23  36  0.011844  0.171476
23  37  0.0117148  0.326511
23  38  0.0115957  0.771176
23  39  0.0114874  2.59234
23  40  0.0113904  6.23655
23  41  0.011305  2.24819
23  42  0.0112312  0.935624
23  43  0.011169  0.533123
23  44  0.0111183  0.366534
23  45  0.011079  0.284762
23  46  0.0110511  0.241782
23  47  0.0110344  0.220439

24  0  0.0108145  0.207373
24  1  0.0108201  0.213627
24  2  0.010837  0.23415
24  3  0.0108653  0.275418
24  4  0.0109049  0.353726
24  5  0.0109561  0.512574
24  6  0.0110189  0.893732
24  7  0.0110935  2.12704
24  8  0.0111798  6.13196
24  9  0.0112777  2.70509
24  10  0.0113871  0.789377
24  11  0.0115073  0.330624
24  12  0.0116377  0.172685
24  13  0.011777  0.103379
24  14  0.0119235  0.0679436
24  15  0.0120749  0.0478667
24  16  0.0122283  0.0356369
24  17  0.0123802  0.027788
24  18  0.0125263  0.0225616
24  19  0.0126618  0.0189997
24  20  0.012782  0.0165518
24  21  0.0128817  0.0148902
24  22  0.0129566  0.0138165
24  23  0.0130031  0.0132134
24  24  0.0130188  0.0130188
24  25  0.0130031  0.0132134
24  26  0.0129566  0.0138165
24  27  0.0128817  0.0148902
24  28  0.012782  0.0165518
24  29  0.0126618  0.0189997
24  30  0.0125263  0.0225616
24  31  0.0123802  0.027788
24  32  0.0122283  0.0356369
24  33  0.0120749  0.0478667
24  34  0.0119235  0.0679436
24  35  0.011777  0.103379
24  36  0.0116377  0.172685
24  37  0.0115073  0.330624
24  38  0.0113871  0.789377
24  39  0.0112777  2.70509
24  40  0.0111798  6.13196
24  41  0.0110935  2.12704
24  42  0.0110189  0.893732
24  43  0.0109561  0.512574
24  44  0.0109049  0.353726
24  45  0.0108653  0.275418
24  46  0.010837  0.23415
24  47  0.0108201  0.213627

25  0  0.0110288  0.21394
25  1  0.0110344  0.220439
25  2  0.0110511  0.241782
25  3  0.011079  0.284762
25  4  0.0111183  0.366534
25  5  0.011169  0.533123
25  6  0.0112312  0.935624
25  7  0.011305  2.24819
25  8  0.0113904  6.23655
25  9  0.0114874  2.59234
25  10  0.0115957  0.771176
25  11  0.0117148  0.326511
25  12  0.011844  0.171476
25  13  0.011982  0.102964
25  14  0.0121271  0.067786
25  15  0.0122772  0.0478011
25  16  0.0124293  0.0356055
25  17  0.0125799  0.0277691
25  18  0.0127247  0.0225468
25  19  0.0128592  0.0189858
25  20  0.0129784  0.0165377
25  21  0.0130773  0.0148754
25  22  0.0131516  0.0138012
25  23  0.0131978  0.0131977
25  24  0.0132134  0.0130031
25  25  0.0131978  0.0131977
25  26  0.0131516  0.0138012
25  27  0.0130773  0.0148754
25  28  0.0129784  0.0165377
25  29  0.0128592  0.0189858
25  30  0.0127247  0.0225468
25  31  0.0125799  0.0277691
25  32  0.0124293  0.0356055
25  33  0.0122772  0.0478011
25  34  0.0121271  0.067786
25  35  0.011982  0.102964
25  36  0.011844  0.171476
25  37  0.0117148  0.326511
25  38  0.0115957  0.771176
25  39  0.0114874  2.59234
25  40  0.0113904  6.23655
25  41  0.011305  2.24819
25  42  0.0112312  0.935624
25  43  0.011169  0.533123
25  44  0.0111183  0.366534
25  45  0.011079  0.284762
25  46  0.0110511  0.241782
25  47  0.0110344  0.220439

26  0  0.01169  0.234802
26  1  0.0116954  0.242094
26  2  0.0117116  0.266095
26  3  0.0117387  0.314653
26  4  0.0117768  0.407779
26  5  0.011826  0.600008
26  6  0.0118863  1.0742
26  7  0.0119579  2.65082
26  8  0.0120408  6.36903
26  9  0.012135  2.29401
26  10  0.0122401  0.721415
26  11  0.0123559  0.314923
26  12  0.0124814  0.168014
26  13  0.0126156  0.101764
26  14  0.0127569  0.0673273
26  15  0.012903  0.0476091
26  16  0.0130512  0.0355133
26  17  0.0131979  0.0277137
26  18  0.0133392  0.0225034
26  19  0.0134705  0.0189449
26  20  0.0135868  0.0164959
26  21  0.0136835  0.0148319
26  22  0.0137561  0.0137561
26  23  0.0138012  0.0131516
26  24  0.0138165  0.0129566
26  25  0.0138012  0.0131516
26  26  0.0137561  0.0137561
26  27  0.0136835  0.0148319
26  28  0.0135868  0.0164959
26  29  0.0134705  0.0189449
26  30  0.0133392  0.0225034
26  31  0.0131979  0.0277137
26  32  0.0130512  0.0355133
26  33  0.012903  0.0476091
26  34  0.0127569  0.0673273
26  35  0.0126156  0.101764
26  36  0.0124814  0.168014
26  37  0.0123559  0.314923
26  38  0.0122401  0.721415
26  39  0.012135  2.29401
26  40  0.0120408  6.36903
26  41  0.0119579  2.65082
26  42  0.0118863  1.0742
26  43  0.011826  0.600008
26  44  0.0117768  0.407779
26  45  0.0117387  0.314653
26  46  0.0117116  0.266095
26  47  0.0116954  0.242094

27  0  0.0128549  0.273806
27  1  0.01286  0.282639
27  2  0.0128754  0.311819
27  3  0.0129012  0.371332
27  4  0.0129373  0.487065
27  5  0.012984  0.731411
27  6  0.0130414  1.35511
27  7  0.0131095  3.45356
27  8  0.0131884  6.03715
27  9  0.013278  1.90529
27  10  0.0133783  0.651892
27  11  0.0134886  0.297815
27  12  0.0136085  0.162737
27  13  0.0137367  0.0998995
27  14  0.0138719  0.0666062
27  15  0.0140118  0.0473049
27  16  0.0141539  0.0353665
27  17  0.0142947  0.027625
27  18  0.0144305  0.0224339
27  19  0.0145567  0.0188793
27  20  0.0146688  0.0164287
27  21  0.0147619  0.0147619
27  22  0.0148319  0.0136835
27  23  0.0148754  0.0130773
27  24  0.0148902  0.0128817
27  25  0.0148754  0.0130773
27  26  0.0148319  0.0136835
27  27  0.0147619  0.0147619
27  28  0.0146688  0.0164287
27  29  0.0145567  0.0188793
27  30  0.0144305  0.0224339
27  31  0.0142947  0.027625
27  32  0.0141539  0.0353665
27  33  0.0140118  0.0473049
27  34  0.0138719  0.0666062
27  35  0.0137367  0.0998995
27  36  0.0136085  0.162737
27  37  0.0134886  0.297815
27  38  0.0133783  0.651892
27  39  0.013278  1.90529
27  40  0.0131884  6.03715
27  41  0.0131095  3.45356
27  42  0.0130414  1.35511
27  43  0.012984  0.731411
27  44  0.0129373  0.487065
27  45  0.0129012  0.371332
27  46  0.0128754  0.311819
27  47  0.01286  0.282639

28  0  0.0146237  0.338731
28  1  0.0146285  0.350279
28  2  0.0146429  0.388635
28  3  0.014667  0.467795
28  4  0.0147008  0.624911
28  5  0.0147445  0.967559
28  6  0.0147982  1.88078
28  7  0.0148621  4.77006
28  8  0.0149361  4.96218
28  9  0.0150204  1.5212
28  10  0.0151146  0.575625
28  11  0.0152186  0.277621
28  12  0.0153316  0.156238
28  13  0.0154528  0.0975423
28  14  0.0155806  0.0656786
28  15  0.0157133  0.046909
28  16  0.0158483  0.035174
28  17  0.0159823  0.0275082
28  18  0.0161118  0.0223419
28  19  0.0162324  0.0187922
28  20  0.0163395  0.0163395
28  21  0.0164287  0.0146688
28  22  0.0164959  0.0135868
28  23  0.0165377  0.0129783
28  24  0.0165518  0.012782
28  25  0.0165377  0.0129783
28  26  0.0164959  0.0135868
28  27  0.0164287  0.0146688
28  28  0.0163395  0.0163395
28  29  0.0162324  0.0187922
28  30  0.0161118  0.0223419
28  31  0.0159823  0.0275082
28  32  0.0158483  0.035174
28  33  0.0157133  0.046909
28  34  0.0155806  0.0656786
28  35  0.0154528  0.0975423
28  36  0.0153316  0.156238
28  37  0.0152186  0.277621
28  38  0.0151146  0.575625
28  39  0.0150204  1.5212
28  40  0.0149361  4.96218
28  41  0.0148621  4.77006
28  42  0.0147982  1.88078
28  43  0.0147445  0.967559
28  44  0.0147008  0.624911
28  45  0.014667  0.467795
28  46  0.0146429  0.388635
28  47  0.0146285  0.350279

29  0  0.01715  0.444054
29  1  0.0171545  0.460348
29  2  0.017168  0.514874
29  3  0.0171907  0.629235
29  4  0.0172225  0.86249
29  5  0.0172637  1.39223
29  6  0.0173143  2.84919
29  7  0.0173746  6.14883
29  8  0.0174446  3.60599
29  9  0.0175243  1.1966
29  10  0.0176137  0.502431
29  11  0.0177125  0.256566
29  12  0.0178202  0.149118
29  13  0.0179359  0.094878
29  14  0.0180584  0.0646084
29  15  0.0181858  0.0464459
29  16  0.0183158  0.0349466
29  17  0.0184453  0.0273693
29  18  0.0185707  0.022232
29  19  0.0186878  0.0186878
29  20  0.0187922  0.0162323
29  21  0.0188793  0.0145567
29  22  0.0189449  0.0134705
29  23  0.0189858  0.0128592
29  24  0.0189997  0.0126618
29  25  0.0189858  0.0128592
29  26  0.0189449  0.0134705
29  27  0.0188793  0.0145567
29  28  0.0187922  0.0162323
29  29  0.0186878  0.0186878
29  30  0.0185707  0.022232
29  31  0.0184453  0.0273693
29  32  0.0183158  0.0349466
29  33  0.0181858  0.0464459
29  34  0.0180584  0.0646084
29  35  0.0179359  0.094878
29  36  0.0178202  0.149118
29  37  0.0177125  0.256566
29  38  0.0176137  0.502431
29  39  0.0175243  1.1966
29  40  0.0174446  3.60599
29  41  0.0173746  6.14883
29  42  0.0173143  2.84919
29  43  0.0172637  1.39223
29  44  0.0172225  0.86249
29  45  0.0171907  0.629235
29  46  0.017168  0.514874
29  47  0.0171545  0.460348

30  0  0.0206551  0.616686
30  1  0.0206596  0.641505
30  2  0.0206732  0.725355
30  3  0.0206958  0.904812
30  4  0.0207277  1.28288
30  5  0.020769  2.17411
30  6  0.0208199  4.47772
30  7  0.0208805  6.05541
30  8  0.0209511  2.50269
30  9  0.0210317  0.94526
30  10  0.0211223  0.437644
30  11  0.0212228  0.236274
30  12  0.0213326  0.141885
30  13  0.0214511  0.0920782
30  14  0.021577  0.0634579
30  15  0.0217085  0.0459402
30  16  0.0218432  0.0346955
30  17  0.021978  0.0272147
30  18  0.0221091  0.0221091
30  19  0.022232  0.0185707
30  20  0.0223419  0.0161118
30  21  0.0224339  0.0144305
30  22  0.0225035  0.0133392
30  23  0.0225468  0.0127247
30  24  0.0225616  0.0125263
30  25  0.0225468  0.0127247
30  26  0.0225035  0.0133392
30  27  0.0224339  0.0144305
30  28  0.0223419  0.0161118
30  29  0.022232  0.0185707
30  30  0.0221091  0.0221091
30  31  0.021978  0.0272147
30  32  0.0218432  0.0346955
30  33  0.0217085  0.0459402
30  34  0.021577  0.0634579
30  35  0.0214511  0.0920782
30  36  0.0213326  0.141885
30  37  0.0212228  0.236274
30  38  0.0211223  0.437644
30  39  0.0210317  0.94526
30  40  0.0209511  2.50269
30  41  0.0208805  6.05541
30  42  0.0208199  4.47772
30  43  0.020769  2.17411
30  44  0.0207277  1.28288
30  45  0.0206958  0.904812
30  46  0.0206732  0.725355
30  47  0.0206596  0.641505

31  0  0.0254497  0.907799
31  1  0.025455  0.948537
31  2  0.0254709  1.08767
31  3  0.0254976  1.39199
31  4  0.0255352  2.0508
31  5  0.0255839  3.58143
31  6  0.025644  6.16365
31  7  0.0257159  4.47458
31  8  0.0257998  1.76085
31  9  0.0258959  0.758773
31  10  0.0260044  0.383024
31  11  0.0261252  0.217708
31  12  0.026258  0.134911
31  13  0.0264018  0.0892832
31  14  0.0265555  0.0622816
31  15  0.026717  0.0454146
31  16  0.0268834  0.0344315
31  17  0.0270509  0.0270509
31  18  0.0272147  0.021978
31  19  0.0273693  0.0184453
31  20  0.0275082  0.0159823
31  21  0.0276251  0.0142947
31  22  0.0277137  0.0131979
31  23  0.0277691  0.0125799
31  24  0.027788  0.0123802
31  25  0.0277691  0.0125799
31  26  0.0277137  0.0131979
31  27  0.0276251  0.0142947
31  28  0.0275082  0.0159823
31  29  0.0273693  0.0184453
31  30  0.0272147  0.021978
31  31  0.0270509  0.0270509
31  32  0.0268834  0.0344315
31  33  0.026717  0.0454146
31  34  0.0265555  0.0622816
31  35  0.0264018  0.0892832
31  36  0.026258  0.134911
31  37  0.0261252  0.217708
31  38  0.0260044  0.383024
31  39  0.0258959  0.758773
31  40  0.0257998  1.76085
31  41  0.0257159  4.47458
31  42  0.025644  6.16365
31  43  0.0255839  3.58143
31  44  0.0255352  2.0508
31  45  0.0254976  1.39199
31  46  0.0254709  1.08767
31  47  0.025455  0.948537

32  0  0.0319639  1.41582
32  1  0.0319718  1.4871
32  2  0.0319953  1.7326
32  3  0.0320349  2.27551
32  4  0.0320907  3.42778
32  5  0.0321632  5.53258
32  6  0.0322529  5.92302
32  7  0.0323605  2.98426
32  8  0.0324866  1.28824
32  9  0.0326318  0.622418
32  10  0.0327964  0.338234
32  11  0.0329808  0.201292
32  12  0.0331847  0.12843
32  13  0.0334072  0.0865953
32  14  0.0336467  0.0611232
32  15  0.0339003  0.0448881
32  16  0.0341639  0.0341639
32  17  0.0344315  0.0268833
32  18  0.0346955  0.0218432
32  19  0.0349466  0.0183158
32  20  0.035174  0.0158483
32  21  0.0353665  0.0141539
32  22  0.0355134  0.0130512
32  23  0.0356055  0.0124293
32  24  0.0356369  0.0122283
32  25  0.0356055  0.0124293
32  26  0.0355134  0.0130512
32  27  0.0353665  0.0141539
32  28  0.035174  0.0158483
32  29  0.0349466  0.0183158
32  30  0.0346955  0.0218432
32  31  0.0344315  0.0268833
32  32  0.0341639  0.0341639
32  33  0.0339003  0.0448881
32  34  0.0336467  0.0611232
32  35  0.0334072  0.0865953
32  36  0.0331847  0.12843
32  37  0.0329808  0.201292
32  38  0.0327964  0.338234
32  39  0.0326318  0.622418
32  40  0.0324866  1.28824
32  41  0.0323605  2.98426
32  42  0.0322529  5.92302
32  43  0.0321632  5.53258
32  44  0.0320907  3.42778
32  45  0.0320349  2.27551
32  46  0.0319953  1.7326
32  47  0.0319718  1.4871

33  0  0.0407892  2.31821
33  1  0.0408031  2.44542
33  2  0.040845  2.88011
33  3  0.0409153  3.79894
33  4  0.0410147  5.37366
33  5  0.0411443  6.32884
33  6  0.0413054  4.24411
33  7  0.0414992  2.03485
33  8  0.0417275  0.985196
33  9  0.0419919  0.522583
33  10  0.0422939  0.302022
33  11  0.0426345  0.187096
33  12  0.0430145  0.12256
33  13  0.0434331  0.084081
33  14  0.0438883  0.0600144
33  15  0.0443757  0.0443757
33  16  0.0448881  0.0339003
33  17  0.0454146  0.0267169
33  18  0.0459403  0.0217085
33  19  0.046446  0.0181858
33  20  0.0469091  0.0157133
33  21  0.0473049  0.0140118
33  22  0.0476092  0.012903
33  23  0.0478011  0.0122772
33  24  0.0478668  0.0120749
33  25  0.0478011  0.0122772
33  26  0.0476092  0.012903
33  27  0.0473049  0.0140118
33  28  0.0469091  0.0157133
33  29  0.046446  0.0181858
33  30  0.0459403  0.0217085
33  31  0.0454146  0.0267169
33  32  0.0448881  0.0339003
33  33  0.0443757  0.0443757
33  34  0.0438883  0.0600144
33  35  0.0434331  0.084081
33  36  0.0430145  0.12256
33  37  0.0426345  0.187096
33  38  0.0422939  0.302022
33  39  0.0419919  0.522583
33  40  0.0417275  0.985196
33  41  0.0414992  2.03485
33  42  0.0413054  4.24411
33  43  0.0411443  6.32884
33  44  0.0410147  5.37366
33  45  0.0409153  3.79894
33  46  0.040845  2.88011
33  47  0.0408031  2.44542

34  0  0.0527347  3.82384
34  1  0.0527614  4.02308
34  2  0.0528419  4.65623
34  3  0.0529771  5.69784
34  4  0.0531689  6.3626
34  5  0.0534198  5.04523
34  6  0.0537329  2.85282
34  7  0.0541119  1.46825
34  8  0.0545612  0.785343
34  9  0.0550855  0.448781
34  10  0.0556896  0.27291
34  11  0.0563781  0.174991
34  12  0.0571546  0.117342
34  13  0.0580211  0.0817777
34  14  0.0589763  0.0589762
34  15  0.0600145  0.0438882
34  16  0.0611233  0.0336466
34  17  0.0622818  0.0265555
34  18  0.063458  0.021577
34  19  0.0646085  0.0180584
34  20  0.0656787  0.0155806
34  21  0.0666063  0.0138718
34  22  0.0673274  0.0127569
34  23  0.0677861  0.0121271
34  24  0.0679437  0.0119235
34  25  0.0677861  0.0121271
34  26  0.0673274  0.0127569
34  27  0.0666063  0.0138718
34  28  0.0656787  0.0155806
34  29  0.0646085  0.0180584
34  30  0.063458  0.021577
34  31  0.0622818  0.0265555
34  32  0.0611233  0.0336466
34  33  0.0600145  0.0438882
34  34  0.0589763  0.0589762
34  35  0.0580211  0.0817777
34  36  0.0571546  0.117342
34  37  0.0563781  0.174991
34  38  0.0556896  0.27291
34  39  0.0550855  0.448781
34  40  0.0545612  0.785343
34  41  0.0541119  1.46825
34  42  0.0537329  2.85282
34  43  0.0534198  5.04523
34  44  0.0531689  6.3626
34  45  0.0529771  5.69784
34  46  0.0528419  4.65623
34  47  0.0527614  4.02308

35  0  0.0689012  5.65067
35  1  0.0689529  5.8205
35  2  0.069109  6.21392
35  3  0.0693718  6.31314
35  4  0.0697459  5.308
35  5  0.0702372  3.49304
35  6  0.0708539  1.99974
35  7  0.0716056  1.12101
35  8  0.0725041  0.649111
35  9  0.0735629  0.393498
35  10  0.0747966  0.249517
35  11  0.0762211  0.164756
35  12  0.0778515  0.112763
35  13  0.079701  0.0797009
35  14  0.0817779  0.058021
35  15  0.0840812  0.043433
35  16  0.0865954  0.0334071
35  17  0.0892834  0.0264018
35  18  0.0920784  0.0214511
35  19  0.0948782  0.0179359
35  20  0.0975426  0.0154527
35  21  0.0998997  0.0137367
35  22  0.101764  0.0126156
35  23  0.102964  0.0119819
35  24  0.103379  0.011777
35  25  0.102964  0.0119819
35  26  0.101764  0.0126156
35  27  0.0998997  0.0137367
35  28  0.0975426  0.0154527
35  29  0.0948782  0.0179359
35  30  0.0920784  0.0214511
35  31  0.0892834  0.0264018
35  32  0.0865954  0.0334071
35  33  0.0840812  0.043433
35  34  0.0817779  0.058021
35  35  0.079701  0.0797009
35  36  0.0778515  0.112763
35  37  0.0762211  0.164756
35  38  0.0747966  0.249517
35  39  0.0735629  0.393498
35  40  0.0725041  0.649111
35  41  0.0716056  1.12101
35  42  0.0708539  1.99974
35  43  0.0702372  3.49304
35  44  0.0697459  5.308
35  45  0.0693718  6.31314
35  46  0.069109  6.21392
35  47  0.0689529  5.8205

36  0  0.090772  6.34804
36  1  0.0908704  6.30094
36  2  0.0911676  6.00616
36  3  0.0916698  5.1576
36  4  0.0923871  3.7984
36  5  0.0933345  2.45403
36  6  0.0945318  1.48953
36  7  0.0960038  0.898206
36  8  0.0977816  0.553266
36  9  0.0999021  0.351503
36  10  0.102409  0.230679
36  11  0.105351  0.156146
36  12  0.108784  0.108784
36  13  0.112763  0.0778513
36  14  0.117342  0.0571545
36  15  0.122561  0.0430144
36  16  0.12843  0.0331846
36  17  0.134912  0.0262579
36  18  0.141885  0.0213326
36  19  0.149118  0.0178202
36  20  0.156239  0.0153316
36  21  0.162738  0.0136085
36  22  0.168014  0.0124814
36  23  0.171477  0.011844
36  24  0.172686  0.0116377
36  25  0.171477  0.011844
36  26  0.168014  0.0124814
36  27  0.162738  0.0136085
36  28  0.156239  0.0153316
36  29  0.149118  0.0178202
36  30  0.141885  0.0213326
36  31  0.134912  0.0262579
36  32  0.12843  0.0331846
36  33  0.122561  0.0430144
36  34  0.117342  0.0571545
36  35  0.112763  0.0778513
36  36  0.108784  0.108784
36  37  0.105351  0.156146
36  38  0.102409  0.230679
36  39  0.0999021  0.351503
36  40  0.0977816  0.553266
36  41  0.0960038  0.898206
36  42  0.0945318  1.48953
36  43  0.0933345  2.45403
36  44  0.0923871  3.7984
36  45  0.0916698  5.1576
36  46  0.0911676  6.00616
36  47  0.0908704  6.30094

37  0  0.120315  5.40955
37  1  0.120497  5.23085
37  2  0.121049  4.67096
37  3  0.121984  3.7632
37  4  0.123327  2.72454
37  5  0.125111  1.82212
37  6  0.127386  1.17202
37  7  0.130211  0.748722
37  8  0.133667  0.483933
37  9  0.137852  0.319177
37  10  0.142889  0.215459
37  11  0.148928  0.148927
37  12  0.156147  0.105351
37  13  0.164756  0.0762209
37  14  0.174991  0.056378
37  15  0.187097  0.0426345
37  16  0.201293  0.0329808
37  17  0.217709  0.0261252
37  18  0.236275  0.0212228
37  19  0.256567  0.0177125
37  20  0.277622  0.0152186
37  21  0.297816  0.0134886
37  22  0.314925  0.0123559
37  23  0.326512  0.0117148
37  24  0.330625  0.0115073
37  25  0.326512  0.0117148
37  26  0.314925  0.0123559
37  27  0.297816  0.0134886
37  28  0.277622  0.0152186
37  29  0.256567  0.0177125
37  30  0.236275  0.0212228
37  31  0.217709  0.0261252
37  32  0.201293  0.0329808
37  33  0.187097  0.0426345
37  34  0.174991  0.056378
37  35  0.164756  0.0762209
37  36  0.156147  0.105351
37  37  0.148928  0.148927
37  38  0.142889  0.215459
37  39  0.137852  0.319177
37  40  0.133667  0.483933
37  41  0.130211  0.748722
37  42  0.127386  1.17202
37  43  0.125111  1.82212
37  44  0.123327  2.72454
37  45  0.121984  3.7632
37  46  0.121049  4.67096
37  47  0.120497  5.23085

38  0  0.160071  4.10765
38  1  0.1604  3.93834
38  2  0.161397  3.45962
38  3  0.163093  2.7756
38  4  0.165542  2.05182
38  5  0.168823  1.42965
38  6  0.173046  0.964688
38  7  0.17836  0.644541
38  8  0.18496  0.432597
38  9  0.193102  0.294007
38  10  0.203123  0.203123
38  11  0.21546  0.142889
38  12  0.23068  0.102409
38  13  0.249518  0.0747965
38  14  0.272911  0.0556895
38  15  0.302024  0.0422938
38  16  0.338236  0.0327964
38  17  0.383026  0.0260044
38  18  0.437646  0.0211223
38  19  0.502434  0.0176137
38  20  0.575628  0.0151146
38  21  0.651895  0.0133783
38  22  0.721419  0.0122401
38  23  0.771181  0.0115957
38  24  0.789382  0.0113871
38  25  0.771181  0.0115957
38  26  0.721419  0.0122401
38  27  0.651895  0.0133783
38  28  0.575628  0.0151146
38  29  0.502434  0.0176137
38  30  0.437646  0.0211223
38  31  0.383026  0.0260044
38  32  0.338236  0.0327964
38  33  0.302024  0.0422938
38  34  0.272911  0.0556895
38  35  0.249518  0.0747965
38  36  0.23068  0.102409
38  37  0.21546  0.142889
38  38  0.203123  0.203123
38  39  0.193102  0.294007
38  40  0.18496  0.432597
38  41  0.17836  0.644541
38  42  0.173046  0.964688
38  43  0.168823  1.42965
38  44  0.165542  2.05182
38  45  0.163093  2.7756
38  46  0.161397  3.45962
38  47  0.1604  3.93834

39  0  0.213178  3.11731
39  1  0.213755  2.98864
39  2  0.215509  2.63446
39  3  0.218504  2.14313
39  4  0.222858  1.62741
39  5  0.228745  1.1751
39  6  0.236412  0.823431
39  7  0.246204  0.569677
39  8  0.258594  0.393875
39  9  0.27423  0.274229
39  10  0.294008  0.193102
39  11  0.319179  0.137852
39  12  0.351504  0.0999019
39  13  0.393499  0.0735627
39  14  0.448783  0.0550854
39  15  0.522586  0.0419918
39  16  0.622422  0.0326318
39  17  0.758778  0.0258959
39  18  0.945267  0.0210317
39  19  1.19661  0.0175243
39  20  1.52121  0.0150203
39  21  1.90531  0.013278
39  22  2.29403  0.012135
39  23  2.59236  0.0114874
39  24  2.70512  0.0112777
39  25  2.59236  0.0114874
39  26  2.29403  0.012135
39  27  1.90531  0.013278
39  28  1.52121  0.0150203
39  29  1.19661  0.0175243
39  30  0.945267  0.0210317
39  31  0.758778  0.0258959
39  32  0.622422  0.0326318
39  33  0.522586  0.0419918
39  34  0.448783  0.0550854
39  35  0.393499  0.0735627
39  36  0.351504  0.0999019
39  37  0.319179  0.137852
39  38  0.294008  0.193102
39  39  0.27423  0.274229
39  40  0.258594  0.393875
39  41  0.246204  0.569677
39  42  0.236412  0.823431
39  43  0.228745  1.1751
39  44  0.222858  1.62741
39  45  0.218504  2.14313
39  46  0.215509  2.63446
39  47  0.213755  2.98864

40  0  0.283211  2.45621
40  1  0.284195  2.36054
40  2  0.287192  2.09849
40  3  0.292337  1.73536
40  4  0.299871  1.34987
40  5  0.310164  1.00308
40  6  0.323757  0.723872
40  7  0.341421  0.514605
40  8  0.364263  0.364261
40  9  0.393876  0.258593
40  10  0.4326  0.184959
40  11  0.483936  0.133667
40  12  0.553269  0.0977814
40  13  0.649115  0.072504
40  14  0.785348  0.0545611
40  15  0.985203  0.0417275
40  16  1.28825  0.0324866
40  17  1.76087  0.0257998
40  18  2.50271  0.0209511
40  19  3.60603  0.0174445
40  20  4.96222  0.0149361
40  21  6.03717  0.0131884
40  22  6.36903  0.0120408
40  23  6.23654  0.0113904
40  24  6.13194  0.0111798
40  25  6.23654  0.0113904
40  26  6.36903  0.0120408
40  27  6.03717  0.0131884
40  28  4.96222  0.0149361
40  29  3.60603  0.0174445
40  30  2.50271  0.0209511
40  31  1.76087  0.0257998
40  32  1.28825  0.0324866
40  33  0.985203  0.0417275
40  34  0.785348  0.0545611
40  35  0.649115  0.072504
40  36  0.553269  0.0977814
40  37  0.483936  0.133667
40  38  0.4326  0.184959
40  39  0.393876  0.258593
40  40  0.364263  0.364261
40  41  0.341421  0.514605
40  42  0.323757  0.723872
40  43  0.310164  1.00308
40  44  0.299871  1.34987
40  45  0.292337  1.73536
40  46  0.287192  2.09849
40  47  0.284195  2.36054

41  0  0.373665  2.01991
41  1  0.37529  1.94656
41  2  0.38025  1.7453
41  3  0.388812  1.46447
41  4  0.401456  1.16176
41  5  0.418932  0.882959
41  6  0.442368  0.651928
41  7  0.473431  0.473428
41  8  0.514608  0.34142
41  9  0.56968  0.246203
41  10  0.644545  0.178359
41  11  0.748727  0.130211
41  12  0.898212  0.0960036
41  13  1.12102  0.0716055
41  14  1.46827  0.0541118
41  15  2.03487  0.0414992
41  16  2.98429  0.0323605
41  17  4.47462  0.0257159
41  18  6.05543  0.0208805
41  19  6.14881  0.0173746
41  20  4.77002  0.0148621
41  21  3.45353  0.0131095
41  22  2.6508  0.0119579
41  23  2.24817  0.011305
41  24  2.12702  0.0110935
41  25  2.24817  0.011305
41  26  2.6508  0.0119579
41  27  3.45353  0.0131095
41  28  4.77002  0.0148621
41  29  6.14881  0.0173746
41  30  6.05543  0.0208805
41  31  4.47462  0.0257159
41  32  2.98429  0.0323605
41  33  2.03487  0.0414992
41  34  1.46827  0.0541118
41  35  1.12102  0.0716055
41  36  0.898212  0.0960036
41  37  0.748727  0.130211
41  38  0.644545  0.178359
41  39  0.56968  0.246203
41  40  0.514608  0.34142
41  41  0.473431  0.473428
41  42  0.442368  0.651928
41  43  0.418932  0.882959
41  44  0.401456  1.16176
41  45  0.388812  1.46447
41  46  0.38025  1.7453
41  47  0.37529  1.94656

42  0  0.486833  1.72679
42  1  0.489415  1.66813
42  2  0.497318  1.50658
42  3  0.511039  1.27926
42  4  0.531484  1.03068
42  5  0.560098  0.797153
42  6  0.59911  0.599106
42  7  0.651932  0.442366
42  8  0.723876  0.323755
42  9  0.823436  0.236411
42  10  0.964695  0.173046
42  11  1.17203  0.127385
42  12  1.48954  0.0945316
42  13  1.99976  0.0708537
42  14  2.85285  0.0537328
42  15  4.24415  0.0413053
42  16  5.92305  0.0322529
42  17  6.16362  0.025644
42  18  4.47768  0.0208199
42  19  2.84916  0.0173143
42  20  1.88077  0.0147982
42  21  1.3551  0.0130414
42  22  1.07419  0.0118863
42  23  0.935618  0.0112312
42  24  0.893726  0.0110189
42  25  0.935618  0.0112312
42  26  1.07419  0.0118863
42  27  1.3551  0.0130414
42  28  1.88077  0.0147982
42  29  2.84916  0.0173143
42  30  4.47768  0.0208199
42  31  6.16362  0.025644
42  32  5.92305  0.0322529
42  33  4.24415  0.0413053
42  34  2.85285  0.0537328
42  35  1.99976  0.0708537
42  36  1.48954  0.0945316
42  37  1.17203  0.127385
42  38  0.964695  0.173046
42  39  0.823436  0.236411
42  40  0.723876  0.323755
42  41  0.651932  0.442366
42  42  0.59911  0.599106
42  43  0.560098  0.797153
42  44  0.531484  1.03068
42  45  0.511039  1.27926
42  46  0.497318  1.50658
42  47  0.489415  1.66813

43  0  0.621921  1.52618
43  1  0.625837  1.47723
43  2  0.637857  1.34196
43  3  0.658849  1.15014
43  4  0.690408  0.937811
43  5  0.735141  0.735137
43  6  0.797158  0.560095
43  7  0.882965  0.41893
43  8  1.00308  0.310163
43  9  1.17511  0.228744
43  10  1.42966  0.168823
43  11  1.82214  0.125111
43  12  2.45405  0.0933344
43  13  3.49308  0.0702371
43  14  5.04528  0.0534197
43  15  6.32885  0.0411443
43  16  5.53254  0.0321631
43  17  3.58139  0.0255839
43  18  2.17409  0.020769
43  19  1.39222  0.0172637
43  20  0.967552  0.0147445
43  21  0.731406  0.012984
43  22  0.600005  0.0118259
43  23  0.533121  0.011169
43  24  0.512571  0.0109561
43  25  0.533121  0.011169
43  26  0.600005  0.0118259
43  27  0.731406  0.012984
43  28  0.967552  0.0147445
43  29  1.39222  0.0172637
43  30  2.17409  0.020769
43  31  3.58139  0.0255839
43  32  5.53254  0.0321631
43  33  6.32885  0.0411443
43  34  5.04528  0.0534197
43  35  3.49308  0.0702371
43  36  2.45405  0.0933344
43  37  1.82214  0.125111
43  38  1.42966  0.168823
43  39  1.17511  0.228744
43  40  1.00308  0.310163
43  41  0.882965  0.41893
43  42  0.797158  0.560095
43  43  0.735141  0.735137
43  44  0.690408  0.937811
43  45  0.658849  1.15014
43  46  0.637857  1.34196
43  47  0.625837  1.47723

44  0  0.772669  1.3878
44  1  0.77828  1.34534
44  2  0.795553  1.22762
44  3  0.825881  1.05962
44  4  0.871866  0.87186
44  5  0.937817  0.690404
44  6  1.03069  0.531481
44  7  1.16177  0.401454
44  8  1.34988  0.29987
44  9  1.62742  0.222857
44  10  2.05184  0.165542
44  11  2.72457  0.123326
44  12  3.79844  0.0923869
44  13  5.30804  0.0697458
44  14  6.36261  0.0531689
44  15  5.37361  0.0410147
44  16  3.42774  0.0320906
44  17  2.05078  0.0255351
44  18  1.28287  0.0207277
44  19  0.862484  0.0172225
44  20  0.624907  0.0147008
44  21  0.487063  0.0129373
44  22  0.407777  0.0117768
44  23  0.366533  0.0111183
44  24  0.353725  0.0109049
44  25  0.366533  0.0111183
44  26  0.407777  0.0117768
44  27  0.487063  0.0129373
44  28  0.624907  0.0147008
44  29  0.862484  0.0172225
44  30  1.28287  0.0207277
44  31  2.05078  0.0255351
44  32  3.42774  0.0320906
44  33  5.37361  0.0410147
44  34  6.36261  0.0531689
44  35  5.30804  0.0697458
44  36  3.79844  0.0923869
44  37  2.72457  0.123326
44  38  2.05184  0.165542
44  39  1.62742  0.222857
44  40  1.34988  0.29987
44  41  1.16177  0.401454
44  42  1.03069  0.531481
44  43  0.937817  0.690404
44  44  0.871866  0.87186
44  45  0.825881  1.05962
44  46  0.795553  1.22762
44  47  0.77828  1.34534

45  0  0.925505  1.29349
45  1  0.933024  1.25532
45  2  0.956221  1.14925
45  3  0.997142  0.997135
45  4  1.05963  0.825876
45  5  1.15015  0.658845
45  6  1.27927  0.511037
45  7  1.46448  0.388811
45  8  1.73538  0.292336
45  9  2.14315  0.218504
45  10  2.77563  0.163093
45  11  3.76324  0.121984
45  12  5.15764  0.0916696
45  13  6.31315  0.0693717
45  14  5.6978  0.052977
45  15  3.7989  0.0409152
45  16  2.27549  0.0320348
45  17  1.39197  0.0254976
45  18  0.904806  0.0206958
45  19  0.629231  0.0171907
45  20  0.467793  0.014667
45  21  0.37133  0.0129011
45  22  0.314651  0.0117387
45  23  0.284761  0.011079
45  24  0.275417  0.0108653
45  25  0.284761  0.011079
45  26  0.314651  0.0117387
45  27  0.37133  0.0129011
45  28  0.467793  0.014667
45  29  0.629231  0.0171907
45  30  0.904806  0.0206958
45  31  1.39197  0.0254976
45  32  2.27549  0.0320348
45  33  3.7989  0.0409152
45  34  5.6978  0.052977
45  35  6.31315  0.0693717
45  36  5.15764  0.0916696
45  37  3.76324  0.121984
45  38  2.77563  0.163093
45  39  2.14315  0.218504
45  40  1.73538  0.292336
45  41  1.46448  0.388811
45  42  1.27927  0.511037
45  43  1.15015  0.658845
45  44  1.05963  0.825876
45  45  0.997142  0.997135
45  46  0.956221  1.14925
45  47  0.933024  1.25532

46  0  1.06005  1.23232
46  1  1.06938  1.19687
46  2  1.09822  1.09821
46  3  1.14926  0.956215
46  4  1.22763  0.795548
46  5  1.34197  0.637854
46  6  1.50659  0.497315
46  7  1.74532  0.380249
46  8  2.09851  0.287191
46  9  2.63449  0.215508
46  10  3.45966  0.161397
46  11  4.671  0.121049
46  12  6.00619  0.0911674
46  13  6.2139  0.0691088
46  14  4.65618  0.0528418
46  15  2.88008  0.0408449
46  16  1.73259  0.0319953
46  17  1.08766  0.0254709
46  18  0.72535  0.0206732
46  19  0.514871  0.017168
46  20  0.388633  0.0146429
46  21  0.311818  0.0128754
46  22  0.266094  0.0117116
46  23  0.241781  0.0110511
46  24  0.23415  0.010837
46  25  0.241781  0.0110511
46  26  0.266094  0.0117116
46  27  0.311818  0.0128754
46  28  0.388633  0.0146429
46  29  0.514871  0.017168
46  30  0.72535  0.0206732
46  31  1.08766  0.0254709
46  32  1.73259  0.0319953
46  33  2.88008  0.0408449
46  34  4.65618  0.0528418
46  35  6.2139  0.0691088
46  36  6.00619  0.0911674
46  37  4.671  0.121049
46  38  3.45966  0.161397
46  39  2.63449  0.215508
46  40  2.09851  0.287191
46  41  1.74532  0.380249
46  42  1.50659  0.497315
46  43  1.34197  0.637854
46  44  1.22763  0.795548
46  45  1.14926  0.956215
46  46  1.09822  1.09821
46  47  1.06938  1.19687

47  0  1.15328  1.19786
47  1  1.16393  1.16392
47  2  1.19688  1.06937
47  3  1.25533  0.933017
47  4  1.34535  0.778275
47  5  1.47725  0.625833
47  6  1.66814  0.489412
47  7  1.94658  0.375289
47  8  2.36056  0.284194
47  9  2.98867  0.213754
47  10  3.93839  0.1604
47  11  5.2309  0.120497
47  12  6.30096  0.0908702
47  13  5.82046  0.0689528
47  14  4.02303  0.0527613
47  15  2.44539  0.040803
47  16  1.48708  0.0319717
47  17  0.948529  0.025455
47  18  0.641501  0.0206596
47  19  0.460345  0.0171545
47  20  0.350277  0.0146285
47  21  0.282638  0.01286
47  22  0.242093  0.0116954
47  23  0.220438  0.0110344
47  24  0.213626  0.0108201
47  25  0.220438  0.0110344
47  26  0.242093  0.0116954
47  27  0.282638  0.01286
47  28  0.350277  0.0146285
47  29  0.460345  0.0171545
47  30  0.641501  0.0206596
47  31  0.948529  0.025455
47  32  1.48708  0.0319717
47  33  2.44539  0.040803
47  34  4.02303  0.0527613
47  35  5.82046  0.0689528
47  36  6.30096  0.0908702
47  37  5.2309  0.120497
47  38  3.93839  0.1604
47  39  2.98867  0.213754
47  40  2.36056  0.284194
47  41  1.94658  0.375289
47  42  1.66814  0.489412
47  43  1.47725  0.625833
47  44  1.34535  0.778275
47  45  1.25533  0.933017
47  46  1.19688  1.06937
47  47  1.16393  1.16392

