#k1  k2  Akw_up(w_target)    Akw_dn(w_target)
0  0  1.09277  1.0987
0  1  1.11051  1.04597
0  2  1.16672  0.906468
0  3  1.27145  0.724092
0  4  1.44589  0.542753
0  5  1.73184  0.389209
0  6  2.21307  0.271688
0  7  3.05636  0.187158
0  8  4.51186  0.128516
0  9  6.1996  0.088616
0  10  5.50966  0.0617163
0  11  3.06469  0.0436471
0  12  1.55411  0.0315268
0  13  0.853914  0.0234151
0  14  0.522721  0.0180237
0  15  0.35626  0.0145068
0  16  0.270123  0.01232
0  17  0.228333  0.0111281
0  18  0.215799  0.0107499
0  19  0.228333  0.0111281
0  20  0.270123  0.01232
0  21  0.35626  0.0145068
0  22  0.522721  0.0180237
0  23  0.853914  0.0234151
0  24  1.55411  0.0315268
0  25  3.06469  0.0436471
0  26  5.50966  0.0617163
0  27  6.1996  0.088616
0  28  4.51186  0.128516
0  29  3.05636  0.187158
0  30  2.21307  0.271688
0  31  1.73184  0.389209
0  32  1.44589  0.542753
0  33  1.27145  0.724092
0  34  1.16672  0.906468
0  35  1.11051  1.04597

1  0  1.04045  1.11659
1  1  1.05687  1.06252
1  2  1.10883  0.91964
1  3  1.20543  0.733223
1  4  1.36578  0.548384
1  5  1.62746  0.39237
1  6  2.0658  0.273338
1  7  2.83362  0.18797
1  8  4.18984  0.128896
1  9  5.99635  0.088785
1  10  5.82618  0.0617881
1  11  3.37467  0.043677
1  12  1.7019  0.0315405
1  13  0.923424  0.0234237
1  14  0.559647  0.0180316
1  15  0.378847  0.0145153
1  16  0.286034  0.0123293
1  17  0.241226  0.0111379
1  18  0.227818  0.0107599
1  19  0.241226  0.0111379
1  20  0.286034  0.0123293
1  21  0.378847  0.0145153
1  22  0.559647  0.0180316
1  23  0.923424  0.0234237
1  24  1.7019  0.0315405
1  25  3.37467  0.043677
1  26  5.82618  0.0617881
1  27  5.99635  0.088785
1  28  4.18984  0.128896
1  29  2.83362  0.18797
1  30  2.0658  0.273338
1  31  1.62746  0.39237
1  32  1.36578  0.548384
1  33  1.20543  0.733223
1  34  1.10883  0.91964
1  35  1.05687  1.06252

2  0  0.901995  1.17327
2  1  0.915065  1.11491
2  2  0.956295  0.961194
2  3  1.03244  0.761885
2  4  1.15752  0.565944
2  5  1.35877  0.402163
2  6  1.69031  0.278418
2  7  2.26439  0.190457
2  8  3.30893  0.130054
2  9  5.0819  0.0892981
2  10  6.36039  0.0620056
2  11  4.47145  0.0437676
2  12  2.27321  0.031582
2  13  1.18779  0.0234498
2  14  0.696458  0.0180553
2  15  0.460843  0.0145409
2  16  0.343013  0.0123571
2  17  0.287048  0.0111673
2  18  0.270431  0.0107899
2  19  0.287048  0.0111673
2  20  0.343013  0.0123571
2  21  0.460843  0.0145409
2  22  0.696458  0.0180553
2  23  1.18779  0.0234498
2  24  2.27321  0.031582
2  25  4.47145  0.0437676
2  26  6.36039  0.0620056
2  27  5.0819  0.0892981
2  28  3.30893  0.130054
2  29  2.26439  0.190457
2  30  1.69031  0.278418
2  31  1.35877  0.402163
2  32  1.15752  0.565944
2  33  1.03244  0.761885
2  34  0.956295  0.961194
2  35  0.915065  1.11491

3  0  0.720891  1.27891
3  1  0.729958  1.21234
3  2  0.758414  1.03796
3  3  0.810417  0.81427
3  4  0.894418  0.597621
3  5  1.0264  0.419588
3  6  1.23715  0.28734
3  7  1.58936  0.194776
3  8  2.2184  0.132045
3  9  3.40858  0.090174
3  10  5.40564  0.0623744
3  11  6.20389  0.0439205
3  12  3.82431  0.0316519
3  13  1.92538  0.0234936
3  14  1.05939  0.0180952
3  15  0.668543  0.0145837
3  16  0.482867  0.0124037
3  17  0.397535  0.0112166
3  18  0.372594  0.01084
3  19  0.397535  0.0112166
3  20  0.482867  0.0124037
3  21  0.668543  0.0145837
3  22  1.05939  0.0180952
3  23  1.92538  0.0234936
3  24  3.82431  0.0316519
3  25  6.20389  0.0439205
3  26  5.40564  0.0623744
3  27  3.40858  0.090174
3  28  2.2184  0.132045
3  29  1.58936  0.194776
3  30  1.23715  0.28734
3  31  1.0264  0.419588
3  32  0.894418  0.597621
3  33  0.810417  0.81427
3  34  0.758414  1.03796
3  35  0.729958  1.21234

4  0  0.540683  1.4549
4  1  0.546279  1.3741
4  2  0.563728  1.16408
4  3  0.595201  0.898911
4  4  0.644994  0.647747
4  5  0.720904  0.446563
4  6  0.837188  0.30087
4  7  1.02114  0.201209
4  8  1.3288  0.134968
4  9  1.88428  0.0914447
4  10  2.9682  0.0629046
4  11  4.97049  0.0441388
4  12  6.33631  0.0317511
4  13  4.20866  0.0235556
4  14  2.20525  0.0181514
4  15  1.27948  0.014644
4  16  0.870705  0.0124694
4  17  0.693498  0.0112859
4  18  0.643199  0.0109106
4  19  0.693498  0.0112859
4  20  0.870705  0.0124694
4  21  1.27948  0.014644
4  22  2.20525  0.0181514
4  23  4.20866  0.0235556
4  24  6.33631  0.0317511
4  25  4.97049  0.0441388
4  26  2.9682  0.0629046
4  27  1.88428  0.0914447
4  28  1.3288  0.134968
4  29  1.02114  0.201209
4  30  0.837188  0.30087
4  31  0.720904  0.446563
4  32  0.644994  0.647747
4  33  0.595201  0.898911
4  34  0.563728  1.16408
4  35  0.546279  1.3741

5  0  0.387966  1.74351
5  1  0.39111  1.63817
5  2  0.40085  1.36709
5  3  0.418179  1.03195
5  4  0.445  0.724187
5  5  0.484616  0.486411
5  6  0.542683  0.320277
5  7  0.629173  0.210206
5  8  0.762581  0.138971
5  9  0.979607  0.0931568
5  10  1.35904  0.06361
5  11  2.08123  0.0444264
5  12  3.52563  0.0318809
5  13  5.76392  0.0236363
5  14  5.97047  0.0182244
5  15  3.86577  0.0147221
5  16  2.46285  0.0125543
5  17  1.84921  0.0113755
5  18  1.68008  0.0110018
5  19  1.84921  0.0113755
5  20  2.46285  0.0125543
5  21  3.86577  0.0147221
5  22  5.97047  0.0182244
5  23  5.76392  0.0236363
5  24  3.52563  0.0318809
5  25  2.08123  0.0444264
5  26  1.35904  0.06361
5  27  0.979607  0.0931568
5  28  0.762581  0.138971
5  29  0.629173  0.210206
5  30  0.542683  0.320277
5  31  0.484616  0.486411
5  32  0.445  0.724187
5  33  0.418179  1.03195
5  34  0.40085  1.36709
5  35  0.39111  1.63817

6  0  0.270977  2.22935
6  1  0.272619  2.08069
6  2  0.277676  1.70169
6  3  0.286556  1.24449
6  4  0.300022  0.841328
6  5  0.319335  0.544836
6  6  0.346517  0.347596
6  7  0.384841  0.222444
6  8  0.439737  0.144268
6  9  0.520565  0.0953737
6  10  0.64423  0.0645084
6  11  0.842836  0.0447883
6  12  1.18  0.0320428
6  13  1.78175  0.0237364
6  14  2.85831  0.0183145
6  15  4.49713  0.0148182
6  16  5.96032  0.0126586
6  17  6.36883  0.0114855
6  18  6.32537  0.0111137
6  19  6.36883  0.0114855
6  20  5.96032  0.0126586
6  21  4.49713  0.0148182
6  22  2.85831  0.0183145
6  23  1.78175  0.0237364
6  24  1.18  0.0320428
6  25  0.842836  0.0447883
6  26  0.64423  0.0645084
6  27  0.520565  0.0953737
6  28  0.439737  0.144268
6  29  0.384841  0.222444
6  30  0.346517  0.347596
6  31  0.319335  0.544836
6  32  0.300022  0.841328
6  33  0.286556  1.24449
6  34  0.277676  1.70169
6  35  0.272619  2.08069

7  0  0.186761  3.08045
7  1  0.18757  2.85576
7  2  0.190047  2.28126
7  3  0.194349  1.59988
7  4  0.200757  1.02673
7  5  0.209718  0.631891
7  6  0.221905  0.386122
7  7  0.238323  0.238931
7  8  0.260474  0.151152
7  9  0.290619  0.0981766
7  10  0.3322  0.0656211
7  11  0.390462  0.0452296
7  12  0.473246  0.0322381
7  13  0.591547  0.0238561
7  14  0.7581  0.0184218
7  15  0.979561  0.0149324
7  16  1.23662  0.0127822
7  17  1.46098  0.0116158
7  18  1.55281  0.0112463
7  19  1.46098  0.0116158
7  20  1.23662  0.0127822
7  21  0.979561  0.0149324
7  22  0.7581  0.0184218
7  23  0.591547  0.0238561
7  24  0.473246  0.0322381
7  25  0.390462  0.0452296
7  26  0.3322  0.0656211
7  27  0.290619  0.0981766
7  28  0.260474  0.151152
7  29  0.238323  0.238931
7  30  0.221905  0.386122
7  31  0.209718  0.631891
7  32  0.200757  1.02673
7  33  0.194349  1.59988
7  34  0.190047  2.28126
7  35  0.18757  2.85576

8  0  0.128296  4.54482
8  1  0.128675  4.22171
8  2  0.129829  3.33519
8  3  0.131813  2.23491
8  4  0.134726  1.33702
8  5  0.138717  0.766232
8  6  0.143996  0.441321
8  7  0.150857  0.261177
8  8  0.159697  0.160023
8  9  0.171045  0.101666
8  10  0.185584  0.0669713
8  11  0.204145  0.0457554
8  12  0.227633  0.0324677
8  13  0.256763  0.0239956
8  14  0.291464  0.0185461
8  15  0.329829  0.0150641
8  16  0.366947  0.0129246
8  17  0.394871  0.0117656
8  18  0.405382  0.0113987
8  19  0.394871  0.0117656
8  20  0.366947  0.0129246
8  21  0.329829  0.0150641
8  22  0.291464  0.0185461
8  23  0.256763  0.0239956
8  24  0.227633  0.0324677
8  25  0.204145  0.0457554
8  26  0.185584  0.0669713
8  27  0.171045  0.101666
8  28  0.159697  0.160023
8  29  0.150857  0.261177
8  30  0.143996  0.441321
8  31  0.138717  0.766232
8  32  0.134726  1.33702
8  33  0.131813  2.23491
8  34  0.129829  3.33519
8  35  0.128675  4.22171

9  0  0.0884934  6.21552
9  1  0.088662  6.01899
9  2  0.0891737  5.11477
9  3  0.0900472  3.4356
9  4  0.0913143  1.89761
9  5  0.0930217  0.984908
9  6  0.0952323  0.522622
9  7  0.0980275  0.291457
9  8  0.101507  0.171411
9  9  0.105788  0.105958
9  10  0.110994  0.0685821
9  11  0.117238  0.046369
9  12  0.124575  0.0327316
9  13  0.132928  0.0241544
9  14  0.141978  0.0186865
9  15  0.151043  0.0152123
9  16  0.159035  0.0130844
9  17  0.164618  0.0119336
9  18  0.166635  0.0115695
9  19  0.164618  0.0119336
9  20  0.159035  0.0130844
9  21  0.151043  0.0152123
9  22  0.141978  0.0186865
9  23  0.132928  0.0241544
9  24  0.124575  0.0327316
9  25  0.117238  0.046369
9  26  0.110994  0.0685821
9  27  0.105788  0.105958
9  28  0.101507  0.171411
9  29  0.0980275  0.291457
9  30  0.0952323  0.522622
9  31  0.0930217  0.984908
9  32  0.0913143  1.89761
9  33  0.0900472  3.4356
9  34  0.0891737  5.11477
9  35  0.088662  6.01899

10  0  0.0616468  5.47822
10  1  0.0617185  5.79901
10  2  0.0619354  6.35641
10  3  0.0623034  5.43662
10  4  0.0628324  2.99145
10  5  0.0635361  1.3675
10  6  0.0644325  0.647068
10  7  0.0655426  0.333234
10  8  0.0668898  0.186001
10  9  0.068497  0.111179
10  10  0.0703819  0.0704711
10  11  0.0725484  0.0470705
10  12  0.0749737  0.033028
10  13  0.0775911  0.0243306
10  14  0.0802707  0.0188411
10  15  0.0828082  0.0153747
10  16  0.0849351  0.0132592
10  17  0.0863644  0.012117
10  18  0.0868698  0.011756
10  19  0.0863644  0.012117
10  20  0.0849351  0.0132592
10  21  0.0828082  0.0153747
10  22  0.0802707  0.0188411
10  23  0.0775911  0.0243306
10  24  0.0749737  0.033028
10  25  0.0725484  0.0470705
10  26  0.0703819  0.0704711
10  27  0.068497  0.111179
10  28  0.0668898  0.186001
10  29  0.0655426  0.333234
10  30  0.0644325  0.647068
10  31  0.0635361  1.3675
10  32  0.0628324  2.99145
10  33  0.0623034  5.43662
10  34  0.0619354  6.35641
10  35  0.0617185  5.79901

11  0  0.0436065  3.03916
11  1  0.0436365  3.34669
11  2  0.0437268  4.43779
11  3  0.0438795  6.18764
11  4  0.0440974  5.00283
11  5  0.0443845  2.09616
11  6  0.0447457  0.847037
11  7  0.0451863  0.391781
11  8  0.0457112  0.204629
11  9  0.0463239  0.11744
11  10  0.0470243  0.0726421
11  11  0.0478064  0.0478538
11  12  0.0486543  0.0333527
11  13  0.0495385  0.0245211
11  14  0.0504123  0.019007
11  15  0.0512123  0.015548
11  16  0.0518633  0.013445
11  17  0.0522912  0.0123118
11  18  0.0524407  0.0119539
11  19  0.0522912  0.0123118
11  20  0.0518633  0.013445
11  21  0.0512123  0.015548
11  22  0.0504123  0.019007
11  23  0.0495385  0.0245211
11  24  0.0486543  0.0333527
11  25  0.0478064  0.0478538
11  26  0.0470243  0.0726421
11  27  0.0463239  0.11744
11  28  0.0457112  0.204629
11  29  0.0451863  0.391781
11  30  0.0447457  0.847037
11  31  0.0443845  2.09616
11  32  0.0440974  5.00283
11  33  0.0438795  6.18764
11  34  0.0437268  4.43779
11  35  0.0436365  3.34669

12  0  0.0315023  1.54306
12  1  0.031516  1.68947
12  2  0.0315575  2.25545
12  3  0.0316273  3.79429
12  4  0.0317264  6.32893
12  5  0.0318561  3.55231
12  6  0.0320179  1.18673
12  7  0.032213  0.474995
12  8  0.0324425  0.228203
12  9  0.0327062  0.124797
12  10  0.0330025  0.0750724
12  11  0.033327  0.0487029
12  12  0.0336714  0.0336972
12  13  0.0340226  0.0247205
12  14  0.0343621  0.019179
12  15  0.0346664  0.0157268
12  16  0.0349097  0.0136361
12  17  0.0350675  0.0125119
12  18  0.0351223  0.0121571
12  19  0.0350675  0.0125119
12  20  0.0349097  0.0136361
12  21  0.0346664  0.0157268
12  22  0.0343621  0.019179
12  23  0.0340226  0.0247205
12  24  0.0336714  0.0336972
12  25  0.033327  0.0487029
12  26  0.0330025  0.0750724
12  27  0.0327062  0.124797
12  28  0.0324425  0.228203
12  29  0.032213  0.474995
12  30  0.0320179  1.18673
12  31  0.0318561  3.55231
12  32  0.0317264  6.32893
12  33  0.0316273  3.79429
12  34  0.0315575  2.25545
12  35  0.031516  1.68947

13  0  0.0233997  0.849208
13  1  0.0234083  0.918185
13  2  0.0234344  1.18041
13  3  0.0234783  1.91154
13  4  0.0235403  4.17812
13  5  0.023621  5.78895
13  6  0.0237211  1.79335
13  7  0.0238409  0.593948
13  8  0.0239805  0.257441
13  9  0.0241393  0.133172
13  10  0.0243157  0.077695
13  11  0.0245063  0.0495882
13  12  0.0247059  0.0340485
13  13  0.0249066  0.0249209
13  14  0.0250978  0.0193504
13  15  0.025267  0.0159039
13  16  0.0254008  0.0138249
13  17  0.0254869  0.0127092
13  18  0.0255167  0.0123574
13  19  0.0254869  0.0127092
13  20  0.0254008  0.0138249
13  21  0.025267  0.0159039
13  22  0.0250978  0.0193504
13  23  0.0249066  0.0249209
13  24  0.0247059  0.0340485
13  25  0.0245063  0.0495882
13  26  0.0243157  0.077695
13  27  0.0241393  0.133172
13  28  0.0239805  0.257441
13  29  0.0238409  0.593948
13  30  0.0237211  1.79335
13  31  0.023621  5.78895
13  32  0.0235403  4.17812
13  33  0.0234783  1.91154
13  34  0.0234344  1.18041
13  35  0.0234083  0.918185

14  0  0.0180135  0.520504
14  1  0.0180214  0.557206
14  2  0.0180452  0.693141
14  3  0.0180851  1.05346
14  4  0.0181414  2.18979
14  5  0.0182145  5.94934
14  6  0.0183047  2.87843
14  7  0.0184121  0.761473
14  8  0.0185365  0.292273
14  9  0.0186771  0.142246
14  10  0.018832  0.0803797
14  11  0.0189981  0.0504631
14  12  0.0191704  0.0343881
14  13  0.0193421  0.025112
14  14  0.0195043  0.0195123
14  15  0.0196466  0.0160703
14  16  0.0197584  0.0140017
14  17  0.01983  0.0128937
14  18  0.0198547  0.0125447
14  19  0.01983  0.0128937
14  20  0.0197584  0.0140017
14  21  0.0196466  0.0160703
14  22  0.0195043  0.0195123
14  23  0.0193421  0.025112
14  24  0.0191704  0.0343881
14  25  0.0189981  0.0504631
14  26  0.018832  0.0803797
14  27  0.0186771  0.142246
14  28  0.0185365  0.292273
14  29  0.0184121  0.761473
14  30  0.0183047  2.87843
14  31  0.0182145  5.94934
14  32  0.0181414  2.18979
14  33  0.0180851  1.05346
14  34  0.0180452  0.693141
14  35  0.0180214  0.557206

15  0  0.0144998  0.355077
15  1  0.0145083  0.377555
15  2  0.0145339  0.459132
15  3  0.0145767  0.665638
15  4  0.0146371  1.27231
15  5  0.0147153  3.83971
15  6  0.0148116  4.52503
15  7  0.0149259  0.984296
15  8  0.0150578  0.330785
15  9  0.0152062  0.151334
15  10  0.0153689  0.0829219
15  11  0.0155424  0.0512641
15  12  0.0157215  0.0346925
15  13  0.0158989  0.025281
15  14  0.0160656  0.0196544
15  15  0.0162113  0.0162157
15  16  0.0163252  0.0141557
15  17  0.0163979  0.0130543
15  18  0.0164229  0.0127075
15  19  0.0163979  0.0130543
15  20  0.0163252  0.0141557
15  21  0.0162113  0.0162157
15  22  0.0160656  0.0196544
15  23  0.0158989  0.025281
15  24  0.0157215  0.0346925
15  25  0.0155424  0.0512641
15  26  0.0153689  0.0829219
15  27  0.0152062  0.151334
15  28  0.0150578  0.330785
15  29  0.0149259  0.984296
15  30  0.0148116  4.52503
15  31  0.0147153  3.83971
15  32  0.0146371  1.27231
15  33  0.0145767  0.665638
15  34  0.0145339  0.459132
15  35  0.0145083  0.377555

16  0  0.0123148  0.269396
16  1  0.0123241  0.285243
16  2  0.0123519  0.341983
16  3  0.0123986  0.481173
16  4  0.0124643  0.866761
16  5  0.0125493  2.44713
16  6  0.0126538  5.97925
16  7  0.0127776  1.24299
16  8  0.0129201  0.368047
16  9  0.0130801  0.159346
16  10  0.0132551  0.0850524
16  11  0.0134412  0.0519158
16  12  0.0136326  0.0349358
16  13  0.0138217  0.0254147
16  14  0.0139988  0.019766
16  15  0.0141532  0.0163294
16  16  0.0142736  0.0142759
16  17  0.0143503  0.0131794
16  18  0.0143767  0.0128344
16  19  0.0143503  0.0131794
16  20  0.0142736  0.0142759
16  21  0.0141532  0.0163294
16  22  0.0139988  0.019766
16  23  0.0138217  0.0254147
16  24  0.0136326  0.0349358
16  25  0.0134412  0.0519158
16  26  0.0132551  0.0850524
16  27  0.0130801  0.159346
16  28  0.0129201  0.368047
16  29  0.0127776  1.24299
16  30  0.0126538  5.97925
16  31  0.0125493  2.44713
16  32  0.0124643  0.866761
16  33  0.0123986  0.481173
16  34  0.0123519  0.341983
16  35  0.0123241  0.285243

17  0  0.0111239  0.227803
17  1  0.0111337  0.24065
17  2  0.0111631  0.286304
17  3  0.0112124  0.396331
17  4  0.0112818  0.690786
17  5  0.0113715  1.83864
17  6  0.0114816  6.3691
17  7  0.011612  1.46882
17  8  0.0117621  0.396078
17  9  0.0119302  0.164944
17  10  0.0121139  0.0864842
17  11  0.012309  0.0523441
17  12  0.0125094  0.0350936
17  13  0.012707  0.0255007
17  14  0.0128918  0.0198374
17  15  0.0130526  0.016402
17  16  0.013178  0.0143525
17  17  0.0132578  0.0132591
17  18  0.0132852  0.0129151
17  19  0.0132578  0.0132591
17  20  0.013178  0.0143525
17  21  0.0130526  0.016402
17  22  0.0128918  0.0198374
17  23  0.012707  0.0255007
17  24  0.0125094  0.0350936
17  25  0.012309  0.0523441
17  26  0.0121139  0.0864842
17  27  0.0119302  0.164944
17  28  0.0117621  0.396078
17  29  0.011612  1.46882
17  30  0.0114816  6.3691
17  31  0.0113715  1.83864
17  32  0.0112818  0.690786
17  33  0.0112124  0.396331
17  34  0.0111631  0.286304
17  35  0.0111337  0.24065

18  0  0.010746  0.215325
18  1  0.0107559  0.227303
18  2  0.0107859  0.269767
18  3  0.0108361  0.371523
18  4  0.0109067  0.640814
18  5  0.010998  1.67091
18  6  0.0111101  6.31858
18  7  0.0112428  1.56124
18  8  0.0113955  0.40663
18  9  0.0115665  0.166965
18  10  0.0117532  0.0869905
18  11  0.0119514  0.0524938
18  12  0.0121549  0.0351484
18  13  0.0123555  0.0255304
18  14  0.012543  0.0198621
18  15  0.0127061  0.0164269
18  16  0.0128332  0.0143789
18  17  0.0129141  0.0132865
18  18  0.012942  0.0129429
18  19  0.0129141  0.0132865
18  20  0.0128332  0.0143789
18  21  0.0127061  0.0164269
18  22  0.012543  0.0198621
18  23  0.0123555  0.0255304
18  24  0.0121549  0.0351484
18  25  0.0119514  0.0524938
18  26  0.0117532  0.0869905
18  27  0.0115665  0.166965
18  28  0.0113955  0.40663
18  29  0.0112428  1.56124
18  30  0.0111101  6.31858
18  31  0.010998  1.67091
18  32  0.0109067  0.640814
18  33  0.0108361  0.371523
18  34  0.0107859  0.269767
18  35  0.0107559  0.227303

19  0  0.0111239  0.227803
19  1  0.0111337  0.24065
19  2  0.0111631  0.286304
19  3  0.0112124  0.396331
19  4  0.0112818  0.690786
19  5  0.0113715  1.83864
19  6  0.0114816  6.3691
19  7  0.011612  1.46882
19  8  0.0117621  0.396078
19  9  0.0119302  0.164944
19  10  0.0121139  0.0864842
19  11  0.012309  0.0523441
19  12  0.0125094  0.0350936
19  13  0.012707  0.0255007
19  14  0.0128918  0.0198374
19  15  0.0130526  0.016402
19  16  0.013178  0.0143525
19  17  0.0132578  0.0132591
19  18  0.0132852  0.0129151
19  19  0.0132578  0.0132591
19  20  0.013178  0.0143525
19  21  0.0130526  0.016402
19  22  0.0128918  0.0198374
19  23  0.012707  0.0255007
19  24  0.0125094  0.0350936
19  25  0.012309  0.0523441
19  26  0.0121139  0.0864842
19  27  0.0119302  0.164944
19  28  0.0117621  0.396078
19  29  0.011612  1.46882
19  30  0.0114816  6.3691
19  31  0.0113715  1.83864
19  32  0.0112818  0.690786
19  33  0.0112124  0.396331
19  34  0.0111631  0.286304
19  35  0.0111337  0.24065

20  0  0.0123148  0.269396
20  1  0.0123241  0.285243
20  2  0.0123519  0.341983
20  3  0.0123986  0.481173
20  4  0.0124643  0.866761
20  5  0.0125493  2.44713
20  6  0.0126538  5.97925
20  7  0.0127776  1.24299
20  8  0.0129201  0.368047
20  9  0.0130801  0.159346
20  10  0.0132551  0.0850524
20  11  0.0134412  0.0519158
20  12  0.0136326  0.0349358
20  13  0.0138217  0.0254147
20  14  0.0139988  0.019766
20  15  0.0141532  0.0163294
20  16  0.0142736  0.0142759
20  17  0.0143503  0.0131794
20  18  0.0143767  0.0128344
20  19  0.0143503  0.0131794
20  20  0.0142736  0.0142759
20  21  0.0141532  0.0163294
20  22  0.0139988  0.019766
20  23  0.0138217  0.0254147
20  24  0.0136326  0.0349358
20  25  0.0134412  0.0519158
20  26  0.0132551  0.0850524
20  27  0.0130801  0.159346
20  28  0.0129201  0.368047
20  29  0.0127776  1.24299
20  30  0.0126538  5.97925
20  31  0.0125493  2.44713
20  32  0.0124643  0.866761
20  33  0.0123986  0.481173
20  34  0.0123519  0.341983
20  35  0.0123241  0.285243

21  0  0.0144998  0.355077
21  1  0.0145083  0.377555
21  2  0.0145339  0.459132
21  3  0.0145767  0.665638
21  4  0.0146371  1.27231
21  5  0.0147153  3.83971
21  6  0.0148116  4.52503
21  7  0.0149259  0.984296
21  8  0.0150578  0.330785
21  9  0.0152062  0.151334
21  10  0.0153689  0.0829219
21  11  0.0155424  0.0512641
21  12  0.0157215  0.0346925
21  13  0.0158989  0.025281
21  14  0.0160656  0.0196544
21  15  0.0162113  0.0162157
21  16  0.0163252  0.0141557
21  17  0.0163979  0.0130543
21  18  0.0164229  0.0127075
21  19  0.0163979  0.0130543
21  20  0.0163252  0.0141557
21  21  0.0162113  0.0162157
21  22  0.0160656  0.0196544
21  23  0.0158989  0.025281
21  24  0.0157215  0.0346925
21  25  0.0155424  0.0512641
21  26  0.0153689  0.0829219
21  27  0.0152062  0.151334
21  28  0.0150578  0.330785
21  29  0.0149259  0.984296
21  30  0.0148116  4.52503
21  31  0.0147153  3.83971
21  32  0.0146371  1.27231
21  33  0.0145767  0.665638
21  34  0.0145339  0.459132
21  35  0.0145083  0.377555

22  0  0.0180135  0.520504
22  1  0.0180214  0.557206
22  2  0.0180452  0.693141
22  3  0.0180851  1.05346
22  4  0.0181414  2.18979
22  5  0.0182145  5.94934
22  6  0.0183047  2.87843
22  7  0.0184121  0.761473
22  8  0.0185365  0.292273
22  9  0.0186771  0.142246
22  10  0.018832  0.0803797
22  11  0.0189981  0.0504631
22  12  0.0191704  0.0343881
22  13  0.0193421  0.025112
22  14  0.0195043  0.0195123
22  15  0.0196466  0.0160703
22  16  0.0197584  0.0140017
22  17  0.01983  0.0128937
22  18  0.0198547  0.0125447
22  19  0.01983  0.0128937
22  20  0.0197584  0.0140017
22  21  0.0196466  0.0160703
22  22  0.0195043  0.0195123
22  23  0.0193421  0.025112
22  24  0.0191704  0.0343881
22  25  0.0189981  0.0504631
22  26  0.018832  0.0803797
22  27  0.0186771  0.142246
22  28  0.0185365  0.292273
22  29  0.0184121  0.761473
22  30  0.0183047  2.87843
22  31  0.0182145  5.94934
22  32  0.0181414  2.18979
22  33  0.0180851  1.05346
22  34  0.0180452  0.693141
22  35  0.0180214  0.557206

23  0  0.0233997  0.849208
23  1  0.0234083  0.918185
23  2  0.0234344  1.18041
23  3  0.0234783  1.91154
23  4  0.0235403  4.17812
23  5  0.023621  5.78895
23  6  0.0237211  1.79335
23  7  0.0238409  0.593948
23  8  0.0239805  0.257441
23  9  0.0241393  0.133172
23  10  0.0243157  0.077695
23  11  0.0245063  0.0495882
23  12  0.0247059  0.0340485
23  13  0.0249066  0.0249209
23  14  0.0250978  0.0193504
23  15  0.025267  0.0159039
23  16  0.0254008  0.0138249
23  17  0.0254869  0.0127092
23  18  0.0255167  0.0123574
23  19  0.0254869  0.0127092
23  20  0.0254008  0.0138249
23  21  0.025267  0.0159039
23  22  0.0250978  0.0193504
23  23  0.0249066  0.0249209
23  24  0.0247059  0.0340485
23  25  0.0245063  0.0495882
23  26  0.0243157  0.077695
23  27  0.0241393  0.133172
23  28  0.0239805  0.257441
23  29  0.0238409  0.593948
23  30  0.0237211  1.79335
23  31  0.023621  5.78895
23  32  0.0235403  4.17812
23  33  0.0234783  1.91154
23  34  0.0234344  1.18041
23  35  0.0234083  0.918185

24  0  0.0315023  1.54306
24  1  0.031516  1.68947
24  2  0.0315575  2.25545
24  3  0.0316273  3.79429
24  4  0.0317264  6.32893
24  5  0.0318561  3.55231
24  6  0.0320179  1.18673
24  7  0.032213  0.474995
24  8  0.0324425  0.228203
24  9  0.0327062  0.124797
24  10  0.0330025  0.0750724
24  11  0.033327  0.0487029
24  12  0.0336714  0.0336972
24  13  0.0340226  0.0247205
24  14  0.0343621  0.019179
24  15  0.0346664  0.0157268
24  16  0.0349097  0.0136361
24  17  0.0350675  0.0125119
24  18  0.0351223  0.0121571
24  19  0.0350675  0.0125119
24  20  0.0349097  0.0136361
24  21  0.0346664  0.0157268
24  22  0.0343621  0.019179
24  23  0.0340226  0.0247205
24  24  0.0336714  0.0336972
24  25  0.033327  0.0487029
24  26  0.0330025  0.0750724
24  27  0.0327062  0.124797
24  28  0.0324425  0.228203
24  29  0.032213  0.474995
24  30  0.0320179  1.18673
24  31  0.0318561  3.55231
24  32  0.0317264  6.32893
24  33  0.0316273  3.79429
24  34  0.0315575  2.25545
24  35  0.031516  1.68947

25  0  0.0436065  3.03916
25  1  0.0436365  3.34669
25  2  0.0437268  4.43779
25  3  0.0438795  6.18764
25  4  0.0440974  5.00283
25  5  0.0443845  2.09616
25  6  0.0447457  0.847037
25  7  0.0451863  0.391781
25  8  0.0457112  0.204629
25  9  0.0463239  0.11744
25  10  0.0470243  0.0726421
25  11  0.0478064  0.0478538
25  12  0.0486543  0.0333527
25  13  0.0495385  0.0245211
25  14  0.0504123  0.019007
25  15  0.0512123  0.015548
25  16  0.0518633  0.013445
25  17  0.0522912  0.0123118
25  18  0.0524407  0.0119539
25  19  0.0522912  0.0123118
25  20  0.0518633  0.013445
25  21  0.0512123  0.015548
25  22  0.0504123  0.019007
25  23  0.0495385  0.0245211
25  24  0.0486543  0.0333527
25  25  0.0478064  0.0478538
25  26  0.0470243  0.0726421
25  27  0.0463239  0.11744
25  28  0.0457112  0.204629
25  29  0.0451863  0.391781
25  30  0.0447457  0.847037
25  31  0.0443845  2.09616
25  32  0.0440974  5.00283
25  33  0.0438795  6.18764
25  34  0.0437268  4.43779
25  35  0.0436365  3.34669

26  0  0.0616468  5.47822
26  1  0.0617185  5.79901
26  2  0.0619354  6.35641
26  3  0.0623034  5.43662
26  4  0.0628324  2.99145
26  5  0.0635361  1.3675
26  6  0.0644325  0.647068
26  7  0.0655426  0.333234
26  8  0.0668898  0.186001
26  9  0.068497  0.111179
26  10  0.0703819  0.0704711
26  11  0.0725484  0.0470705
26  12  0.0749737  0.033028
26  13  0.0775911  0.0243306
26  14  0.0802707  0.0188411
26  15  0.0828082  0.0153747
26  16  0.0849351  0.0132592
26  17  0.0863644  0.012117
26  18  0.0868698  0.011756
26  19  0.0863644  0.012117
26  20  0.0849351  0.0132592
26  21  0.0828082  0.0153747
26  22  0.0802707  0.0188411
26  23  0.0775911  0.0243306
26  24  0.0749737  0.033028
26  25  0.0725484  0.0470705
26  26  0.0703819  0.0704711
26  27  0.068497  0.111179
26  28  0.0668898  0.186001
26  29  0.0655426  0.333234
26  30  0.0644325  0.647068
26  31  0.0635361  1.3675
26  32  0.0628324  2.99145
26  33  0.0623034  5.43662
26  34  0.0619354  6.35641
26  35  0.0617185  5.79901

27  0  0.0884934  6.21552
27  1  0.088662  6.01899
27  2  0.0891737  5.11477
27  3  0.0900472  3.4356
27  4  0.0913143  1.89761
27  5  0.0930217  0.984908
27  6  0.0952323  0.522622
27  7  0.0980275  0.291457
27  8  0.101507  0.171411
27  9  0.105788  0.105958
27  10  0.110994  0.0685821
27  11  0.117238  0.046369
27  12  0.124575  0.0327316
27  13  0.132928  0.0241544
27  14  0.141978  0.0186865
27  15  0.151043  0.0152123
27  16  0.159035  0.0130844
27  17  0.164618  0.0119336
27  18  0.166635  0.0115695
27  19  0.164618  0.0119336
27  20  0.159035  0.0130844
27  21  0.151043  0.0152123
27  22  0.141978  0.0186865
27  23  0.132928  0.0241544
27  24  0.124575  0.0327316
27  25  0.117238  0.046369
27  26  0.110994  0.0685821
27  27  0.105788  0.105958
27  28  0.101507  0.171411
27  29  0.0980275  0.291457
27  30  0.0952323  0.522622
27  31  0.0930217  0.984908
27  32  0.0913143  1.89761
27  33  0.0900472  3.4356
27  34  0.0891737  5.11477
27  35  0.088662  6.01899

28  0  0.128296  4.54482
28  1  0.128675  4.22171
28  2  0.129829  3.33519
28  3  0.131813  2.23491
28  4  0.134726  1.33702
28  5  0.138717  0.766232
28  6  0.143996  0.441321
28  7  0.150857  0.261177
28  8  0.159697  0.160023
28  9  0.171045  0.101666
28  10  0.185584  0.0669713
28  11  0.204145  0.0457554
28  12  0.227633  0.0324677
28  13  0.256763  0.0239956
28  14  0.291464  0.0185461
28  15  0.329829  0.0150641
28  16  0.366947  0.0129246
28  17  0.394871  0.0117656
28  18  0.405382  0.0113987
28  19  0.394871  0.0117656
28  20  0.366947  0.0129246
28  21  0.329829  0.0150641
28  22  0.291464  0.0185461
28  23  0.256763  0.0239956
28  24  0.227633  0.0324677
28  25  0.204145  0.0457554
28  26  0.185584  0.0669713
28  27  0.171045  0.101666
28  28  0.159697  0.160023
28  29  0.150857  0.261177
28  30  0.143996  0.441321
28  31  0.138717  0.766232
28  32  0.134726  1.33702
28  33  0.131813  2.23491
28  34  0.129829  3.33519
28  35  0.128675  4.22171

29  0  0.186761  3.08045
29  1  0.18757  2.85576
29  2  0.190047  2.28126
29  3  0.194349  1.59988
29  4  0.200757  1.02673
29  5  0.209718  0.631891
29  6  0.221905  0.386122
29  7  0.238323  0.238931
29  8  0.260474  0.151152
29  9  0.290619  0.0981766
29  10  0.3322  0.0656211
29  11  0.390462  0.0452296
29  12  0.473246  0.0322381
29  13  0.591547  0.0238561
29  14  0.7581  0.0184218
29  15  0.979561  0.0149324
29  16  1.23662  0.0127822
29  17  1.46098  0.0116158
29  18  1.55281  0.0112463
29  19  1.46098  0.0116158
29  20  1.23662  0.0127822
29  21  0.979561  0.0149324
29  22  0.7581  0.0184218
29  23  0.591547  0.0238561
29  24  0.473246  0.0322381
29  25  0.390462  0.0452296
29  26  0.3322  0.0656211
29  27  0.290619  0.0981766
29  28  0.260474  0.151152
29  29  0.238323  0.238931
29  30  0.221905  0.386122
29  31  0.209718  0.631891
29  32  0.200757  1.02673
29  33  0.194349  1.59988
29  34  0.190047  2.28126
29  35  0.18757  2.85576

30  0  0.270977  2.22935
30  1  0.272619  2.08069
30  2  0.277676  1.70169
30  3  0.286556  1.24449
30  4  0.300022  0.841328
30  5  0.319335  0.544836
30  6  0.346517  0.347596
30  7  0.384841  0.222444
30  8  0.439737  0.144268
30  9  0.520565  0.0953737
30  10  0.64423  0.0645084
30  11  0.842836  0.0447883
30  12  1.18  0.0320428
30  13  1.78175  0.0237364
30  14  2.85831  0.0183145
30  15  4.49713  0.0148182
30  16  5.96032  0.0126586
30  17  6.36883  0.0114855
30  18  6.32537  0.0111137
30  19  6.36883  0.0114855
30  20  5.96032  0.0126586
30  21  4.49713  0.0148182
30  22  2.85831  0.0183145
30  23  1.78175  0.0237364
30  24  1.18  0.0320428
30  25  0.842836  0.0447883
30  26  0.64423  0.0645084
30  27  0.520565  0.0953737
30  28  0.439737  0.144268
30  29  0.384841  0.222444
30  30  0.346517  0.347596
30  31  0.319335  0.544836
30  32  0.300022  0.841328
30  33  0.286556  1.24449
30  34  0.277676  1.70169
30  35  0.272619  2.08069

31  0  0.387966  1.74351
31  1  0.39111  1.63817
31  2  0.40085  1.36709
31  3  0.418179  1.03195
31  4  0.445  0.724187
31  5  0.484616  0.486411
31  6  0.542683  0.320277
31  7  0.629173  0.210206
31  8  0.762581  0.138971
31  9  0.979607  0.0931568
31  10  1.35904  0.06361
31  11  2.08123  0.0444264
31  12  3.52563  0.0318809
31  13  5.76392  0.0236363
31  14  5.97047  0.0182244
31  15  3.86577  0.0147221
31  16  2.46285  0.0125543
31  17  1.84921  0.0113755
31  18  1.68008  0.0110018
31  19  1.84921  0.0113755
31  20  2.46285  0.0125543
31  21  3.86577  0.0147221
31  22  5.97047  0.0182244
31  23  5.76392  0.0236363
31  24  3.52563  0.0318809
31  25  2.08123  0.0444264
31  26  1.35904  0.06361
31  27  0.979607  0.0931568
31  28  0.762581  0.138971
31  29  0.629173  0.210206
31  30  0.542683  0.320277
31  31  0.484616  0.486411
31  32  0.445  0.724187
31  33  0.418179  1.03195
31  34  0.40085  1.36709
31  35  0.39111  1.63817

32  0  0.540683  1.4549
32  1  0.546279  1.3741
32  2  0.563728  1.16408
32  3  0.595201  0.898911
32  4  0.644994  0.647747
32  5  0.720904  0.446563
32  6  0.837188  0.30087
32  7  1.02114  0.201209
32  8  1.3288  0.134968
32  9  1.88428  0.0914447
32  10  2.9682  0.0629046
32  11  4.97049  0.0441388
32  12  6.33631  0.0317511
32  13  4.20866  0.0235556
32  14  2.20525  0.0181514
32  15  1.27948  0.014644
32  16  0.870705  0.0124694
32  17  0.693498  0.0112859
32  18  0.643199  0.0109106
32  19  0.693498  0.0112859
32  20  0.870705  0.0124694
32  21  1.27948  0.014644
32  22  2.20525  0.0181514
32  23  4.20866  0.0235556
32  24  6.33631  0.0317511
32  25  4.97049  0.0441388
32  26  2.9682  0.0629046
32  27  1.88428  0.0914447
32  28  1.3288  0.134968
32  29  1.02114  0.201209
32  30  0.837188  0.30087
32  31  0.720904  0.446563
32  32  0.644994  0.647747
32  33  0.595201  0.898911
32  34  0.563728  1.16408
32  35  0.546279  1.3741

33  0  0.720891  1.27891
33  1  0.729958  1.21234
33  2  0.758414  1.03796
33  3  0.810417  0.81427
33  4  0.894418  0.597621
33  5  1.0264  0.419588
33  6  1.23715  0.28734
33  7  1.58936  0.194776
33  8  2.2184  0.132045
33  9  3.40858  0.090174
33  10  5.40564  0.0623744
33  11  6.20389  0.0439205
33  12  3.82431  0.0316519
33  13  1.92538  0.0234936
33  14  1.05939  0.0180952
33  15  0.668543  0.0145837
33  16  0.482867  0.0124037
33  17  0.397535  0.0112166
33  18  0.372594  0.01084
33  19  0.397535  0.0112166
33  20  0.482867  0.0124037
33  21  0.668543  0.0145837
33  22  1.05939  0.0180952
33  23  1.92538  0.0234936
33  24  3.82431  0.0316519
33  25  6.20389  0.0439205
33  26  5.40564  0.0623744
33  27  3.40858  0.090174
33  28  2.2184  0.132045
33  29  1.58936  0.194776
33  30  1.23715  0.28734
33  31  1.0264  0.419588
33  32  0.894418  0.597621
33  33  0.810417  0.81427
33  34  0.758414  1.03796
33  35  0.729958  1.21234

34  0  0.901995  1.17327
34  1  0.915065  1.11491
34  2  0.956295  0.961194
34  3  1.03244  0.761885
34  4  1.15752  0.565944
34  5  1.35877  0.402163
34  6  1.69031  0.278418
34  7  2.26439  0.190457
34  8  3.30893  0.130054
34  9  5.0819  0.0892981
34  10  6.36039  0.0620056
34  11  4.47145  0.0437676
34  12  2.27321  0.031582
34  13  1.18779  0.0234498
34  14  0.696458  0.0180553
34  15  0.460843  0.0145409
34  16  0.343013  0.0123571
34  17  0.287048  0.0111673
34  18  0.270431  0.0107899
34  19  0.287048  0.0111673
34  20  0.343013  0.0123571
34  21  0.460843  0.0145409
34  22  0.696458  0.0180553
34  23  1.18779  0.0234498
34  24  2.27321  0.031582
34  25  4.47145  0.0437676
34  26  6.36039  0.0620056
34  27  5.0819  0.0892981
34  28  3.30893  0.130054
34  29  2.26439  0.190457
34  30  1.69031  0.278418
34  31  1.35877  0.402163
34  32  1.15752  0.565944
34  33  1.03244  0.761885
34  34  0.956295  0.961194
34  35  0.915065  1.11491

35  0  1.04045  1.11659
35  1  1.05687  1.06252
35  2  1.10883  0.91964
35  3  1.20543  0.733223
35  4  1.36578  0.548384
35  5  1.62746  0.39237
35  6  2.0658  0.273338
35  7  2.83362  0.18797
35  8  4.18984  0.128896
35  9  5.99635  0.088785
35  10  5.82618  0.0617881
35  11  3.37467  0.043677
35  12  1.7019  0.0315405
35  13  0.923424  0.0234237
35  14  0.559647  0.0180316
35  15  0.378847  0.0145153
35  16  0.286034  0.0123293
35  17  0.241226  0.0111379
35  18  0.227818  0.0107599
35  19  0.241226  0.0111379
35  20  0.286034  0.0123293
35  21  0.378847  0.0145153
35  22  0.559647  0.0180316
35  23  0.923424  0.0234237
35  24  1.7019  0.0315405
35  25  3.37467  0.043677
35  26  5.82618  0.0617881
35  27  5.99635  0.088785
35  28  4.18984  0.128896
35  29  2.83362  0.18797
35  30  2.0658  0.273338
35  31  1.62746  0.39237
35  32  1.36578  0.548384
35  33  1.20543  0.733223
35  34  1.10883  0.91964
35  35  1.05687  1.06252

