0   0   0   80.6115   80.613   84.0286   84.0379   84.0435   84.0561   84.0617   84.065   88.798   127.894   127.896   128.305   128.305   128.306   128.306   128.306   128.306   137.855   137.856   137.857   137.859   139.219   139.418   139.425   139.428   139.443   139.446   139.455   145.598   145.598   145.6   145.601   145.601   145.601   147.856   147.856   
1   1   0   80.9954   80.9974   82.8575   83.1051   83.1283   84.56   84.5916   85.6611   88.3756   126.774   127.592   127.597   127.733   127.734   129.354   129.356   130.566   135.886   137.995   138.128   138.131   138.879   138.921   138.95   139.338   139.365   139.853   140.907   144.397   145.297   145.297   146.27   146.271   146.358   147.643   147.644   
2   2   0   81.9568   81.9692   81.9716   81.9738   82.427   84.7118   84.7498   87.225   87.2444   126.231   127.483   127.483   127.483   127.491   129.903   129.908   133.208   133.208   138.353   138.372   138.554   138.583   138.756   138.763   138.766   138.776   140   142.811   142.812   145.239   145.244   146.618   147.057   147.057   147.06   147.06   
3   3   0   80.9891   80.9926   82.8678   83.1223   83.133   84.5514   84.59   85.6394   88.3871   126.774   127.591   127.592   127.733   127.74   129.351   129.356   130.566   135.886   137.983   138.125   138.135   138.901   138.929   138.958   139.339   139.353   139.842   140.907   144.397   145.294   145.298   146.267   146.269   146.358   147.645   147.646   

4   0   1   80.9874   80.9886   82.8726   83.1299   83.1365   84.5663   84.5702   85.6285   88.3927   126.774   127.589   127.591   127.735   127.741   129.351   129.353   130.566   135.886   137.978   138.127   138.133   138.912   138.947   138.947   139.34   139.347   139.837   140.907   144.397   145.295   145.296   146.266   146.267   146.359   147.646   147.647   
5   1   1   80.9891   80.9928   82.8729   83.1179   83.1358   84.5485   84.583   85.6447   88.3881   126.77   127.595   127.597   127.738   127.739   129.344   129.347   130.568   135.888   137.985   138.126   138.13   138.899   138.938   138.967   139.332   139.353   139.84   140.902   144.392   145.298   145.301   146.267   146.268   146.359   147.645   147.645   
6   2   1   81.5198   81.8191   82.2729   82.2757   83.143   83.1795   86.1969   86.2244   87.5981   126.63   126.632   127.145   127.952   128.45   128.459   131.596   131.608   133.977   138.186   138.32   138.51   138.529   138.64   138.677   138.816   139.589   139.6   142.346   143.943   143.947   146.339   146.346   146.773   146.779   147.185   147.305   
7   3   1   81.5188   81.8041   82.2764   82.2773   83.1641   83.1799   86.191   86.2075   87.6106   126.628   126.631   127.149   127.946   128.455   128.457   131.605   131.607   133.969   138.176   138.337   138.52   138.534   138.644   138.656   138.81   139.593   139.598   142.352   143.944   143.945   146.338   146.34   146.773   146.776   147.189   147.309   

8   0   2   81.9563   81.9602   81.9746   81.9805   82.4267   84.7306   84.7312   87.2154   87.254   126.231   127.479   127.482   127.487   127.492   129.905   129.906   133.208   133.208   138.343   138.381   138.568   138.569   138.759   138.763   138.768   138.772   140   142.811   142.812   145.241   145.242   146.618   147.055   147.055   147.061   147.062   
9   1   2   81.5166   81.8071   82.2778   82.2828   83.1618   83.1729   86.1876   86.2098   87.6135   126.625   126.632   127.148   127.957   128.446   128.459   131.598   131.605   133.976   138.171   138.325   138.52   138.542   138.656   138.658   138.813   139.59   139.594   142.346   143.941   143.949   146.339   146.339   146.775   146.776   147.187   147.308   
10   2   2   81.9583   81.968   81.9682   81.9774   82.4318   84.7064   84.7434   87.2285   87.2478   126.226   127.487   127.488   127.491   127.493   129.891   129.895   133.212   133.212   138.352   138.372   138.569   138.597   138.755   138.756   138.767   138.769   139.998   142.805   142.805   145.243   145.248   146.62   147.055   147.056   147.058   147.059   
11   3   2   81.5246   81.8297   82.2669   82.2706   83.1442   83.1649   86.2174   86.2283   87.5827   126.632   126.633   127.14   127.949   128.452   128.462   131.597   131.607   133.977   138.2   138.315   138.505   138.51   138.648   138.673   138.819   139.594   139.6   142.346   143.942   143.947   146.342   146.346   146.776   146.78   147.183   147.302   

12   0   3   80.9972   81.0013   82.8521   83.1086   83.1142   84.577   84.5799   85.6718   88.3699   126.774   127.595   127.598   127.731   127.733   129.355   129.356   130.566   135.886   138   138.126   138.133   138.868   138.931   138.932   139.351   139.357   139.858   140.907   144.397   145.297   145.299   146.271   146.272   146.359   147.642   147.643   
13   1   3   81.5291   81.8243   82.2663   82.2667   83.1495   83.1654   86.2157   86.2321   87.58   126.631   126.634   127.138   127.942   128.461   128.463   131.605   131.607   133.97   138.204   138.327   138.496   138.509   138.648   138.66   138.815   139.598   139.602   142.352   143.944   143.945   146.341   146.343   146.777   146.778   147.183   147.304   
14   2   3   81.521   81.8179   82.2723   82.2776   83.1469   83.1739   86.1916   86.2302   87.5982   126.625   126.636   127.144   127.954   128.448   128.463   131.598   131.605   133.977   138.186   138.32   138.502   138.537   138.654   138.664   138.816   139.59   139.599   142.346   143.94   143.95   146.34   146.343   146.776   146.778   147.185   147.306   
15   3   3   80.9948   80.9983   82.8626   83.1068   83.1251   84.5537   84.5879   85.6663   88.3768   126.77   127.599   127.6   127.735   127.735   129.346   129.349   130.568   135.888   137.997   138.126   138.13   138.877   138.93   138.959   139.337   139.359   139.851   140.902   144.392   145.299   145.302   146.269   146.27   146.359   147.643   147.643   

