0   -1.06028   -1.06028   1.33455   1.33455   5.48018   5.48018   
1   -1.05557   -0.847721   1.12026   1.43999   5.37002   5.48191   
2   -1.05657   -0.623269   0.896855   1.54523   5.26579   5.48086   
3   -1.08093   -0.427986   0.693882   1.64861   5.18676   5.48855   
4   -1.14609   -0.362455   0.598979   1.74507   5.15546   5.51792   
5   -1.26541   -0.520373   0.693363   1.8271   5.19274   5.58146   
6   -1.44475   -0.831021   0.896569   1.8884   5.3108   5.6889   
7   -1.68108   -1.20988   1.11943   1.92748   5.50804   5.8449   
8   -1.96321   -1.61718   1.32447   1.94803   5.76962   6.04716   
9   -2.2743   -2.02945   1.49787   1.95601   6.07273   6.28603   
10   -2.5947   -2.42809   1.63664   1.95687   6.39226   6.54589   
11   -2.9045   -2.79659   1.74318   1.95444   6.7045   6.80785   
12   -3.18523   -3.12016   1.82203   1.95096   6.98871   7.05257   
13   -3.42091   -3.38601   1.87796   1.94765   7.2277   7.2625   
14   -3.59868   -3.5837   1.915   1.94506   7.40806   7.42314   
15   -3.70915   -3.70548   1.93606   1.94344   7.52014   7.52386   
16   -3.74661   -3.74661   1.94289   1.94289   7.55815   7.55816   
17   -3.70915   -3.70548   1.93606   1.94344   7.52014   7.52386   
18   -3.59868   -3.5837   1.915   1.94506   7.40806   7.42314   
19   -3.42091   -3.38601   1.87796   1.94765   7.2277   7.2625   
20   -3.18523   -3.12016   1.82203   1.95096   6.98871   7.05257   
21   -2.9045   -2.79659   1.74318   1.95444   6.7045   6.80785   
22   -2.5947   -2.42809   1.63664   1.95687   6.39226   6.54589   
23   -2.2743   -2.02945   1.49787   1.95601   6.07273   6.28603   
24   -1.96321   -1.61718   1.32447   1.94803   5.76962   6.04716   
25   -1.68108   -1.20988   1.11943   1.92748   5.50804   5.8449   
26   -1.44475   -0.831021   0.896569   1.8884   5.3108   5.6889   
27   -1.26541   -0.520373   0.693363   1.8271   5.19274   5.58146   
28   -1.14609   -0.362455   0.598979   1.74507   5.15546   5.51792   
29   -1.08093   -0.427986   0.693882   1.64861   5.18676   5.48855   
30   -1.05657   -0.623269   0.896855   1.54523   5.26579   5.48086   
31   -1.05557   -0.847721   1.12026   1.43999   5.37002   5.48191   
32   -1.06028   -1.06028   1.33455   1.33455   5.48018   5.48018   
33   -0.863977   -0.863977   1.23029   1.23029   5.38813   5.38813   
34   -0.681116   -0.681115   1.12077   1.12077   5.31479   5.31479   
35   -0.512774   -0.512774   1.0087   1.0087   5.25851   5.25852   
36   -0.360021   -0.360021   0.897367   0.897367   5.21709   5.2171   
37   -0.224751   -0.22475   0.791072   0.791073   5.18812   5.18812   
38   -0.111481   -0.111481   0.696613   0.696614   5.16931   5.16931   
39   -0.0306563   -0.0306562   0.626276   0.626277   5.15882   5.15882   
40   -2.79477e-32   -2.79477e-32   0.598978   0.598979   5.15546   5.15547   
41   -0.0306563   -0.0306562   0.626276   0.626277   5.15882   5.15882   
42   -0.111481   -0.111481   0.696613   0.696614   5.16931   5.16931   
43   -0.224751   -0.22475   0.791072   0.791073   5.18812   5.18812   
44   -0.360021   -0.360021   0.897367   0.897367   5.21709   5.2171   
45   -0.512774   -0.512774   1.0087   1.0087   5.25851   5.25852   
46   -0.681116   -0.681115   1.12077   1.12077   5.31479   5.31479   
47   -0.863977   -0.863977   1.23029   1.23029   5.38813   5.38813   
48   -1.06028   -1.06028   1.33455   1.33455   5.48018   5.48018   
49   -1.17415   -0.909076   1.12009   1.53696   5.39164   5.54342   
50   -1.26251   -0.728848   0.896699   1.72907   5.28788   5.58659   
51   -1.34856   -0.564788   0.693142   1.90722   5.19579   5.62609   
52   -1.45826   -0.52786   0.598978   2.05724   5.15547   5.68332   
53   -1.6111   -0.715296   0.692503   2.15856   5.20698   5.77723   
54   -1.81277   -1.05903   0.89633   2.1993   5.36792   5.91714   
55   -2.05252   -1.46273   1.11901   2.18708   5.61989   6.09816   
56   -2.30576   -1.86789   1.32132   2.14098   5.91923   6.301   
57   -2.54039   -2.2341   1.49195   2.07773   6.2171   6.49659   
58   -2.72376   -2.53053   1.63192   2.00628   6.47193   6.65305   
59   -2.8283   -2.73501   1.74702   1.92899   6.65376   6.74243   
60   -2.83497   -2.83497   1.84403   1.84404   6.74537   6.74538   
61   -2.82831   -2.73501   1.74702   1.92899   6.65375   6.74244   
62   -2.72376   -2.53053   1.63192   2.00628   6.47193   6.65306   
63   -2.54039   -2.2341   1.49195   2.07773   6.2171   6.4966   
64   -2.30576   -1.86789   1.32132   2.14098   5.91922   6.30101   
65   -2.05252   -1.46273   1.11901   2.18708   5.61989   6.09816   
66   -1.81277   -1.05903   0.896331   2.1993   5.36791   5.91715   
67   -1.6111   -0.715296   0.692504   2.15856   5.20698   5.77724   
68   -1.45826   -0.52786   0.598979   2.05724   5.15546   5.68333   
69   -1.34856   -0.564788   0.693143   1.90722   5.19578   5.62609   
70   -1.26251   -0.728847   0.8967   1.72907   5.28788   5.58659   
71   -1.17415   -0.909076   1.1201   1.53696   5.39163   5.54343   
72   -1.06028   -1.06028   1.33455   1.33455   5.48018   5.48018   
