0   -1.06041   -1.06036   1.3342   1.33425   5.48175   5.48206   
1   -1.14632   -0.362332   0.598482   1.74472   5.15714   5.51979   
2   -1.96335   -1.61713   1.32418   1.9478   5.7711   6.04889   
3   -3.18522   -3.12004   1.8219   1.95083   6.98994   7.05408   
4   -3.74655   -3.74645   1.94278   1.94282   7.55931   7.55958   
5   -3.18522   -3.12004   1.8219   1.95083   6.98994   7.05408   
6   -1.96335   -1.61713   1.32418   1.9478   5.7711   6.04889   
7   -1.14632   -0.362332   0.598482   1.74472   5.15714   5.51979   
8   -1.06041   -1.06036   1.3342   1.33425   5.48175   5.48206   
9   -0.360143   -0.36012   0.896936   0.896993   5.21875   5.21907   
10   -2.79695e-32   6.66133e-16   0.598406   0.598482   5.15714   5.15746   
11   -0.360143   -0.36012   0.896936   0.896993   5.21875   5.21907   
12   -1.06041   -1.06036   1.3342   1.33425   5.48175   5.48206   
13   -1.45847   -0.527718   0.598406   2.05695   5.15746   5.68486   
14   -2.30584   -1.86785   1.321   2.14084   5.92094   6.3024   
15   -2.83497   -2.83488   1.84386   1.8439   6.74665   6.74693   
16   -2.30589   -1.86778   1.32104   2.1408   5.92064   6.30268   
17   -1.4585   -0.52769   0.598482   2.05691   5.15714   5.68515   
18   -1.06041   -1.06036   1.3342   1.33425   5.48175   5.48206   
