#kindex  E(k,1)  UP  DOWN  E(k,2)  UP DOWN  .....
0   -3.74655   0.626379   0.373621   -3.74645   0.373621   0.626379   1.94278   0.62585   0.37415   1.94282   0.37415   0.62585   7.55931   0.632101   0.367899   7.55958   0.367898   0.632102   
1   -3.63162   0.632757   0.367243   -3.61165   0.367243   0.632757   1.91269   0.367285   0.632715   1.95255   0.632716   0.367284   7.43462   0.632763   0.367237   7.45491   0.367237   0.632763   
2   -3.30592   0.63273   0.36727   -3.22079   0.36727   0.63273   1.81505   0.367279   0.632721   1.98418   0.632721   0.367279   7.07729   0.632731   0.367269   7.16169   0.367269   0.632731   
3   -2.82893   0.632725   0.367275   -2.61512   0.367275   0.632725   1.62806   0.367279   0.632721   2.04449   0.632722   0.367278   6.53999   0.632725   0.367275   6.74301   0.367275   0.632725   
4   -2.30589   0.632723   0.367277   -1.86778   0.367277   0.632723   1.32104   0.367278   0.632722   2.1408   0.632722   0.367278   5.92064   0.632723   0.367277   6.30268   0.367277   0.632723   
5   -1.88607   0.632723   0.367277   -1.10724   0.367277   0.632723   0.895906   0.367278   0.632722   2.25887   0.632722   0.367278   5.38275   0.632722   0.367278   5.96728   0.367277   0.632723   
6   -1.72305   0.632722   0.367278   -0.68468   0.367278   0.632722   0.598482   0.367278   0.632722   2.32146   0.632722   0.367278   5.15714   0.632722   0.367278   5.84214   0.367278   0.632722   
7   -1.65568   0.632722   0.367278   -0.643365   0.367278   0.632722   0.598482   0.367278   0.632722   2.25409   0.632722   0.367278   5.15714   0.632722   0.367278   5.80083   0.367278   0.632722   
8   -1.4585   0.632722   0.367278   -0.52769   0.367278   0.632722   0.598482   0.367278   0.632722   2.05691   0.632722   0.367278   5.15714   0.632722   0.367278   5.68515   0.367278   0.632722   
9   -1.14632   0.632722   0.367278   -0.362332   0.367278   0.632722   0.598482   0.367278   0.632722   1.74472   0.632722   0.367278   5.15714   0.632722   0.367278   5.51979   0.367278   0.632722   
10   -0.744599   0.632722   0.367278   -0.187106   0.367278   0.632722   0.598482   0.367278   0.632722   1.343   0.632722   0.367278   5.15714   0.632722   0.367278   5.34457   0.367278   0.632722   
11   -0.298686   0.632722   0.367278   -0.0514406   0.367278   0.632722   0.598482   0.367278   0.632722   0.897092   0.632722   0.367278   5.15714   0.632722   0.367278   5.2089   0.367278   0.632722   
12   -2.79695e-32   1   1.52083e-32   6.66133e-16   2.87223e-32   1   0.598406   0.632722   0.367278   0.598482   0.367278   0.632722   5.15714   0.632722   0.367278   5.15746   0.367278   0.632722   
13   -0.360143   0.629451   0.370549   -0.36012   0.370549   0.629451   0.896936   0.632655   0.367345   0.896993   0.367345   0.632655   5.21875   0.632719   0.367281   5.21907   0.367281   0.632719   
14   -1.06041   0.625743   0.374257   -1.06036   0.374257   0.625743   1.3342   0.632734   0.367266   1.33425   0.367267   0.632733   5.48175   0.632683   0.367317   5.48206   0.367317   0.632683   
15   -1.94283   0.625347   0.374653   -1.94276   0.374653   0.625347   1.66433   0.629959   0.370041   1.66438   0.370042   0.629958   6.03404   0.63256   0.36744   6.03433   0.36744   0.63256   
16   -2.83497   0.625848   0.374152   -2.83488   0.374152   0.625848   1.84386   0.627086   0.372914   1.8439   0.372914   0.627086   6.74665   0.632353   0.367647   6.74693   0.367647   0.632353   
17   -3.50048   0.626245   0.373755   -3.50038   0.373755   0.626245   1.92167   0.626053   0.373947   1.92171   0.373947   0.626053   7.33434   0.63217   0.36783   7.33462   0.36783   0.63217   
18   -3.74655   0.626379   0.373621   -3.74645   0.373621   0.626379   1.94278   0.62585   0.37415   1.94282   0.37415   0.62585   7.55931   0.632101   0.367899   7.55958   0.367898   0.632102   
19   -3.74655   0.626379   0.373621   -3.74645   0.373621   0.626379   1.94278   0.62585   0.37415   1.94282   0.37415   0.62585   7.55931   0.632101   0.367899   7.55958   0.367898   0.632102   
