0   -3.74655   -3.74645   1.94278   1.94282   7.55931   7.55958   
1   -3.18522   -3.12004   1.8219   1.95083   6.98994   7.05408   
2   -1.96335   -1.61713   1.32418   1.9478   5.7711   6.04889   
3   -1.14632   -0.362332   0.598482   1.74472   5.15714   5.51979   
4   -1.06041   -1.06036   1.3342   1.33425   5.48175   5.48206   
5   -0.360143   -0.36012   0.896936   0.896993   5.21875   5.21907   
6   -2.79695e-32   6.66133e-16   0.598406   0.598482   5.15714   5.15746   
7   -0.360143   -0.36012   0.896936   0.896993   5.21875   5.21907   
8   -1.06041   -1.06036   1.3342   1.33425   5.48175   5.48206   
9   -1.14629   -0.362352   0.598406   1.74477   5.15746   5.51949   
10   -1.96329   -1.61719   1.32414   1.94784   5.77139   6.0486   
11   -3.18514   -3.12013   1.82186   1.95087   6.99021   7.05381   
12   -3.74655   -3.74645   1.94278   1.94282   7.55931   7.55958   
13   -3.50048   -3.50038   1.92167   1.92171   7.33434   7.33462   
14   -2.83497   -2.83488   1.84386   1.8439   6.74665   6.74693   
15   -1.94283   -1.94276   1.66433   1.66438   6.03404   6.03433   
16   -1.06041   -1.06036   1.3342   1.33425   5.48175   5.48206   
17   -0.360143   -0.36012   0.896936   0.896993   5.21875   5.21907   
18   -2.79695e-32   6.66133e-16   0.598406   0.598482   5.15714   5.15746   
# Gamma(0)-->K(4)-->K_prime(8)-->Gamma(12)-->M(18)
