0   0   0   289.907   301.65   328.998   404.004   
1   1   0   293.884   304.944   327.791   403.48   
2   2   0   303.049   311.565   324.168   402.4   
3   3   0   309.499   314.895   320.488   401.841   
4   4   0   303.049   311.565   324.168   402.4   
5   5   0   293.884   304.944   327.791   403.48   

6   0   1   293.884   304.944   327.791   403.48   
7   1   1   293.885   304.941   327.791   403.482   
8   2   1   300.459   309.879   325.373   402.701   
9   3   1   309.026   314.797   320.961   401.939   
10   4   1   309.025   314.8   320.963   401.936   
11   5   1   300.457   309.884   325.374   402.696   

12   0   2   303.049   311.566   324.168   402.4   
13   1   2   300.459   309.879   325.373   402.701   
14   2   2   303.044   311.555   324.172   402.411   
15   3   2   309.017   314.789   320.971   401.947   
16   4   2   313.839   316.342   317.534   401.779   
17   5   2   309.025   314.8   320.962   401.936   

18   0   3   309.499   314.895   320.488   401.841   
19   1   3   309.027   314.797   320.961   401.939   
20   2   3   309.017   314.789   320.97   401.947   
21   3   3   309.478   314.878   320.509   401.857   
22   4   3   309.017   314.789   320.97   401.947   
23   5   3   309.027   314.797   320.961   401.939   

24   0   4   303.049   311.566   324.168   402.4   
25   1   4   309.025   314.8   320.962   401.936   
26   2   4   313.839   316.342   317.534   401.779   
27   3   4   309.017   314.789   320.971   401.947   
28   4   4   303.044   311.555   324.172   402.411   
29   5   4   300.459   309.879   325.373   402.701   

30   0   5   293.884   304.944   327.791   403.48   
31   1   5   300.457   309.884   325.374   402.696   
32   2   5   309.025   314.8   320.963   401.936   
33   3   5   309.026   314.797   320.961   401.939   
34   4   5   300.459   309.879   325.373   402.701   
35   5   5   293.885   304.941   327.791   403.482   

