#kindex  E(k,1)  UP  DOWN  E(k,2)  UP DOWN  .....
0   -3.74661   0   1   -3.74661   1   0   1.94289   0   1   1.94289   1   0   7.55815   0   1   7.55816   1   0   
1   -3.73933   0   1   -3.73811   1   0   1.94105   1   0   1.94349   0   1   7.55028   0   1   7.55151   1   0   
2   -3.71758   0   1   -3.71269   1   0   1.93548   1   0   1.9453   0   1   7.52672   0   1   7.53166   1   0   
3   -3.68157   0   1   -3.6705   1   0   1.9261   1   0   1.94834   0   1   7.48767   0   1   7.49885   1   0   
4   -3.63167   0   1   -3.6118   1   0   1.91277   1   0   1.95266   0   1   7.43345   0   1   7.45348   1   0   
5   -3.5684   0   1   -3.53696   1   0   1.8953   1   0   1.95832   0   1   7.36452   0   1   7.39611   1   0   
6   -3.49244   0   1   -3.44646   1   0   1.87343   1   0   1.96541   0   1   7.28146   0   1   7.32747   1   0   
7   -3.40462   0   1   -3.34088   1   0   1.84685   1   0   1.97403   0   1   7.18502   0   1   7.24848   1   0   
8   -3.30594   0   1   -3.22092   1   0   1.81517   1   0   1.9843   0   1   7.07608   0   1   7.1602   1   0   
9   -3.19757   0   1   -3.08739   1   0   1.77797   1   0   1.99634   0   1   6.95567   0   1   7.06386   1   0   
10   -3.08088   0   1   -2.94121   1   0   1.73477   1   0   2.01031   0   1   6.82501   0   1   6.96088   1   0   
11   -2.95741   0   1   -2.78343   1   0   1.68504   1   0   2.02636   0   1   6.68548   0   1   6.85283   1   0   
12   -2.82888   0   1   -2.61524   1   0   1.62825   1   0   2.04463   0   1   6.53869   0   1   6.74143   1   0   
13   -2.69724   0   1   -2.43798   1   0   1.56387   1   0   2.06522   0   1   6.38646   0   1   6.62855   1   0   
14   -2.5646   0   1   -2.25314   1   0   1.49144   1   0   2.0882   0   1   6.23084   0   1   6.51615   1   0   
15   -2.43329   0   1   -2.06245   1   0   1.41062   1   0   2.11352   0   1   6.07421   0   1   6.40628   1   0   
16   -2.30576   0   1   -1.86789   1   0   1.32132   1   0   2.14098   0   1   5.91922   0   1   6.30101   1   0   
17   -2.18462   0   1   -1.67177   1   0   1.22382   1   0   2.17017   0   1   5.76889   0   1   6.2024   1   0   
18   -2.07252   0   1   -1.47698   1   0   1.11899   1   0   2.20038   0   1   5.62658   0   1   6.11243   1   0   
19   -1.97209   0   1   -1.28718   1   0   1.00869   1   0   2.23052   0   1   5.49601   0   1   6.03293   1   0   
20   -1.88586   0   1   -1.10737   1   0   0.896288   1   0   2.25914   0   1   5.38116   0   1   5.96553   1   0   
21   -1.81611   0   1   -0.944757   1   0   0.78759   1   0   2.28443   0   1   5.28612   0   1   5.91161   1   0   
22   -1.7648   0   1   -0.810021   1   0   0.692171   1   0   2.30444   0   1   5.2148   0   1   5.8723   1   0   
23   -1.73339   0   1   -0.718061   1   0   0.624125   1   0   2.31733   0   1   5.17049   0   1   5.84838   1   0   
24   -1.72281   0   1   -0.68489   1   0   0.598979   1   0   2.32179   0   1   5.15546   0   1   5.84036   1   0   
25   -1.71858   0   1   -0.682267   1   0   0.598979   1   0   2.31755   0   1   5.15546   0   1   5.83773   1   0   
26   -1.70589   0   1   -0.674429   1   0   0.598979   1   0   2.30487   0   1   5.15546   0   1   5.8299   1   0   
27   -1.68481   0   1   -0.661475   1   0   0.598979   1   0   2.28379   0   1   5.15546   0   1   5.81694   1   0   
28   -1.65544   0   1   -0.643565   1   0   0.598979   1   0   2.25442   0   1   5.15546   0   1   5.79903   1   0   
29   -1.61791   0   1   -0.620925   1   0   0.598979   1   0   2.21688   0   1   5.15546   0   1   5.77639   1   0   
30   -1.57238   0   1   -0.593847   1   0   0.598979   1   0   2.17136   0   1   5.15546   0   1   5.74931   1   0   
31   -1.51909   0   1   -0.562686   1   0   0.598979   1   0   2.11806   0   1   5.15546   0   1   5.71815   1   0   
32   -1.45826   0   1   -0.52786   1   0   0.598979   1   0   2.05724   0   1   5.15546   0   1   5.68333   1   0   
33   -1.3902   0   1   -0.489851   1   0   0.598979   1   0   1.98918   0   1   5.15546   0   1   5.64532   1   0   
34   -1.31523   0   1   -0.449204   1   0   0.598979   1   0   1.91421   0   1   5.15546   0   1   5.60467   1   0   
35   -1.23373   0   1   -0.406519   1   0   0.598979   1   0   1.8327   0   1   5.15546   0   1   5.56199   1   0   
36   -1.14609   0   1   -0.362455   1   0   0.598979   1   0   1.74507   0   1   5.15546   0   1   5.51792   1   0   
37   -1.05278   0   1   -0.317721   1   0   0.598979   1   0   1.65176   0   1   5.15546   0   1   5.47319   1   0   
38   -0.954327   0   1   -0.273069   1   0   0.598979   1   0   1.55331   0   1   5.15546   0   1   5.42853   1   0   
39   -0.851305   0   1   -0.229283   1   0   0.598979   1   0   1.45028   0   1   5.15546   0   1   5.38475   1   0   
40   -0.744395   0   1   -0.187173   1   0   0.598979   1   0   1.34337   0   1   5.15546   0   1   5.34264   1   0   
41   -0.634412   0   1   -0.147553   1   0   0.598979   1   0   1.23339   0   1   5.15546   0   1   5.30302   1   0   
42   -0.522387   0   1   -0.111225   1   0   0.598979   1   0   1.12137   0   1   5.15546   0   1   5.26669   1   0   
43   -0.409727   0   1   -0.0789568   1   0   0.598979   1   0   1.0087   0   1   5.15546   0   1   5.23442   1   0   
44   -0.298543   0   1   -0.0514601   1   0   0.598979   1   0   0.897522   0   1   5.15546   0   1   5.20693   1   0   
45   -0.192379   0   1   -0.0293628   1   0   0.598979   1   0   0.791358   0   1   5.15546   0   1   5.18483   1   0   
46   -0.0978043   0   1   -0.0131849   1   0   0.598979   1   0   0.696782   0   1   5.15546   0   1   5.16865   1   0   
47   -0.0273197   0   1   -0.00331673   1   0   0.598979   1   0   0.626298   0   1   5.15546   0   1   5.15878   1   0   
48   -2.79477e-32   0   1   -2.79477e-32   1   0   0.598978   0   1   0.598979   1   0   5.15546   0   1   5.15547   1   0   
49   -0.0306563   0   1   -0.0306562   1   0   0.626276   0   1   0.626277   1   0   5.15882   0   1   5.15882   1   0   
50   -0.111481   0   1   -0.111481   1   0   0.696613   0   1   0.696614   1   0   5.16931   0   1   5.16931   1   0   
51   -0.224751   0   1   -0.22475   1   0   0.791072   0   1   0.791073   1   0   5.18812   0   1   5.18812   1   0   
52   -0.360021   0   1   -0.360021   1   0   0.897367   0   1   0.897367   1   0   5.21709   0   1   5.2171   1   0   
53   -0.512774   0   1   -0.512774   1   0   1.0087   0   1   1.0087   1   0   5.25851   0   1   5.25852   1   0   
54   -0.681116   0   1   -0.681115   1   0   1.12077   0   1   1.12077   1   0   5.31479   0   1   5.31479   1   0   
55   -0.863977   0   1   -0.863977   1   0   1.23029   0   1   1.23029   1   0   5.38813   0   1   5.38813   1   0   
56   -1.06028   0   1   -1.06028   1   0   1.33455   0   1   1.33455   1   0   5.48018   0   1   5.48018   1   0   
57   -1.26858   0   1   -1.26858   1   0   1.43136   0   1   1.43136   1   0   5.59166   0   1   5.59166   1   0   
58   -1.48687   0   1   -1.48687   1   0   1.51913   0   1   1.51913   1   0   5.72217   0   1   5.72218   1   0   
59   -1.71261   0   1   -1.71261   1   0   1.59696   0   1   1.59696   1   0   5.87008   0   1   5.87009   1   0   
60   -1.94276   0   1   -1.94276   1   0   1.66459   0   1   1.66459   1   0   6.03261   0   1   6.03261   1   0   
61   -2.17387   0   1   -2.17387   1   0   1.72231   0   1   1.72231   1   0   6.206   0   1   6.206   1   0   
62   -2.40221   0   1   -2.40221   1   0   1.77083   0   1   1.77083   1   0   6.38582   0   1   6.38582   1   0   
63   -2.62388   0   1   -2.62388   1   0   1.81106   0   1   1.81106   1   0   6.56726   0   1   6.56726   1   0   
64   -2.83497   0   1   -2.83497   1   0   1.84403   0   1   1.84404   1   0   6.74537   0   1   6.74538   1   0   
65   -3.03165   0   1   -3.03165   1   0   1.87074   0   1   1.87074   1   0   6.91534   0   1   6.91535   1   0   
66   -3.21029   0   1   -3.21029   1   0   1.8921   0   1   1.8921   1   0   7.07263   0   1   7.07263   1   0   
67   -3.36757   0   1   -3.36757   1   0   1.9089   0   1   1.9089   1   0   7.21311   0   1   7.21311   1   0   
68   -3.50052   0   1   -3.50052   1   0   1.9218   0   1   1.9218   1   0   7.33316   0   1   7.33316   1   0   
69   -3.60663   0   1   -3.60663   1   0   1.93131   0   1   1.93131   1   0   7.42976   0   1   7.42976   1   0   
70   -3.6839   0   1   -3.6839   1   0   1.93783   0   1   1.93784   1   0   7.5005   0   1   7.50051   1   0   
71   -3.73086   0   1   -3.73085   1   0   1.94164   0   1   1.94164   1   0   7.54365   0   1   7.54366   1   0   
72   -3.74661   0   1   -3.74661   1   0   1.94289   0   1   1.94289   1   0   7.55815   0   1   7.55816   1   0   
73   -3.74661   0   1   -3.74661   1   0   1.94289   0   1   1.94289   1   0   7.55815   0   1   7.55816   1   0   
