0   -3.74661   -3.74661   1.94289   1.94289   7.55815   7.55816   
1   -3.70915   -3.70548   1.93606   1.94344   7.52014   7.52386   
2   -3.59868   -3.5837   1.915   1.94506   7.40806   7.42314   
3   -3.42091   -3.38601   1.87796   1.94765   7.2277   7.2625   
4   -3.18523   -3.12016   1.82203   1.95096   6.98871   7.05257   
5   -2.9045   -2.79659   1.74318   1.95444   6.7045   6.80785   
6   -2.5947   -2.42809   1.63664   1.95687   6.39226   6.54589   
7   -2.2743   -2.02945   1.49787   1.95601   6.07273   6.28603   
8   -1.96321   -1.61718   1.32447   1.94803   5.76962   6.04716   
9   -1.68108   -1.20988   1.11943   1.92748   5.50804   5.8449   
10   -1.44475   -0.831021   0.896569   1.8884   5.3108   5.6889   
11   -1.26541   -0.520373   0.693363   1.8271   5.19274   5.58146   
12   -1.14609   -0.362455   0.598979   1.74507   5.15546   5.51792   
13   -1.08093   -0.427986   0.693882   1.64861   5.18676   5.48855   
14   -1.05657   -0.623269   0.896855   1.54523   5.26579   5.48086   
15   -1.05557   -0.847721   1.12026   1.43999   5.37002   5.48191   
16   -1.06028   -1.06028   1.33455   1.33455   5.48018   5.48018   
17   -0.863977   -0.863977   1.23029   1.23029   5.38813   5.38813   
18   -0.681116   -0.681115   1.12077   1.12077   5.31479   5.31479   
19   -0.512774   -0.512774   1.0087   1.0087   5.25851   5.25852   
20   -0.360021   -0.360021   0.897367   0.897367   5.21709   5.2171   
21   -0.224751   -0.22475   0.791072   0.791073   5.18812   5.18812   
22   -0.111481   -0.111481   0.696613   0.696614   5.16931   5.16931   
23   -0.0306563   -0.0306562   0.626276   0.626277   5.15882   5.15882   
24   -2.79477e-32   -2.79477e-32   0.598978   0.598979   5.15546   5.15547   
25   -0.0306563   -0.0306562   0.626276   0.626277   5.15882   5.15882   
26   -0.111481   -0.111481   0.696613   0.696614   5.16931   5.16931   
27   -0.224751   -0.22475   0.791072   0.791073   5.18812   5.18812   
28   -0.360021   -0.360021   0.897367   0.897367   5.21709   5.2171   
29   -0.512774   -0.512774   1.0087   1.0087   5.25851   5.25852   
30   -0.681116   -0.681115   1.12077   1.12077   5.31479   5.31479   
31   -0.863977   -0.863977   1.23029   1.23029   5.38813   5.38813   
32   -1.06028   -1.06028   1.33455   1.33455   5.48018   5.48018   
33   -1.05557   -0.847721   1.12026   1.43999   5.37002   5.4819   
34   -1.05657   -0.623269   0.896855   1.54523   5.26579   5.48085   
35   -1.08092   -0.427986   0.693881   1.64861   5.18676   5.48854   
36   -1.14609   -0.362456   0.598978   1.74507   5.15547   5.51792   
37   -1.26541   -0.520374   0.693363   1.8271   5.19275   5.58145   
38   -1.44475   -0.831022   0.896568   1.8884   5.3108   5.68889   
39   -1.68108   -1.20988   1.11943   1.92748   5.50804   5.84489   
40   -1.96321   -1.61718   1.32447   1.94803   5.76962   6.04715   
41   -2.27429   -2.02945   1.49787   1.95601   6.07273   6.28603   
42   -2.5947   -2.42809   1.63664   1.95687   6.39227   6.54588   
43   -2.9045   -2.79659   1.74318   1.95444   6.70451   6.80784   
44   -3.18523   -3.12016   1.82203   1.95096   6.98871   7.05257   
45   -3.42091   -3.38601   1.87796   1.94765   7.22771   7.26249   
46   -3.59868   -3.5837   1.915   1.94506   7.40807   7.42314   
47   -3.70914   -3.70548   1.93606   1.94344   7.52015   7.52385   
48   -3.74661   -3.74661   1.94289   1.94289   7.55815   7.55816   
49   -3.73086   -3.73085   1.94164   1.94164   7.54365   7.54366   
50   -3.6839   -3.6839   1.93783   1.93784   7.5005   7.50051   
51   -3.60663   -3.60663   1.93131   1.93131   7.42976   7.42976   
52   -3.50052   -3.50052   1.9218   1.9218   7.33316   7.33316   
53   -3.36757   -3.36757   1.9089   1.9089   7.21311   7.21311   
54   -3.21029   -3.21029   1.8921   1.8921   7.07263   7.07263   
55   -3.03165   -3.03165   1.87074   1.87074   6.91534   6.91535   
56   -2.83497   -2.83497   1.84403   1.84404   6.74537   6.74538   
57   -2.62388   -2.62388   1.81106   1.81106   6.56726   6.56726   
58   -2.40221   -2.40221   1.77083   1.77083   6.38582   6.38582   
59   -2.17387   -2.17387   1.72231   1.72231   6.206   6.206   
60   -1.94276   -1.94276   1.66459   1.66459   6.03261   6.03261   
61   -1.71261   -1.71261   1.59696   1.59696   5.87008   5.87009   
62   -1.48687   -1.48687   1.51913   1.51913   5.72217   5.72218   
63   -1.26858   -1.26858   1.43136   1.43136   5.59166   5.59166   
64   -1.06028   -1.06028   1.33455   1.33455   5.48018   5.48018   
65   -0.863977   -0.863977   1.23029   1.23029   5.38813   5.38813   
66   -0.681116   -0.681115   1.12077   1.12077   5.31479   5.31479   
67   -0.512774   -0.512774   1.0087   1.0087   5.25851   5.25852   
68   -0.360021   -0.360021   0.897367   0.897367   5.21709   5.2171   
69   -0.224751   -0.22475   0.791072   0.791073   5.18812   5.18812   
70   -0.111481   -0.111481   0.696613   0.696614   5.16931   5.16931   
71   -0.0306563   -0.0306562   0.626276   0.626277   5.15882   5.15882   
72   -2.79477e-32   -2.79477e-32   0.598978   0.598979   5.15546   5.15547   
# Gamma(0)-->K(16)-->K_prime(32)-->Gamma(48)-->M(72)
