0   0   0   245.845   250.899   251.024   251.026   251.029   251.075   251.094   253.476   253.525   399.663   409.422   409.745   409.752   409.757   409.858   409.908   416.997   417.745   418.104   418.605   418.624   418.635   418.647   419.245   419.246   420.166   420.178   420.247   420.587   426.584   426.612   426.662   426.668   426.671   426.787   430.6   
1   1   0   246.316   249.308   250.38   250.405   251.82   251.916   252.279   253.261   253.307   400.454   406.015   408.177   408.349   411.794   411.929   413.15   416.292   416.85   417.978   418.408   418.544   418.739   418.832   419.005   419.084   419.186   419.192   422.14   422.304   424.731   425.513   425.547   427.356   427.425   428.365   430.357   
2   2   0   247.567   247.609   250.136   250.187   252.603   252.673   252.71   252.747   252.762   402.666   402.743   407.684   407.798   413.949   414.268   414.425   414.581   414.842   418.051   418.183   418.537   418.591   418.999   419.015   419.029   419.046   419.058   423.638   423.927   423.995   424.043   424.139   427.616   427.662   429.598   429.63   
3   3   0   246.311   249.322   250.355   250.433   251.838   251.882   252.276   253.256   253.319   400.463   405.986   408.228   408.295   411.74   412.025   413.168   416.314   416.746   417.97   418.423   418.588   418.787   418.827   418.936   419.09   419.188   419.196   422.188   422.281   424.727   425.462   425.575   427.381   427.404   428.375   430.354   

4   0   1   246.316   249.284   250.398   250.422   251.855   251.903   252.247   253.266   253.303   400.445   405.985   408.271   408.344   411.866   411.921   412.99   416.34   416.831   418.007   418.419   418.525   418.686   418.869   419.006   419.089   419.186   419.195   422.154   422.278   424.79   425.512   425.529   427.359   427.388   428.373   430.36   
5   1   1   246.323   249.308   250.336   250.423   251.85   251.892   252.3   253.263   253.298   400.446   406.045   408.218   408.3   411.729   411.951   413.155   416.313   416.875   417.989   418.368   418.588   418.702   418.826   419.025   419.083   419.185   419.192   422.129   422.289   424.741   425.49   425.578   427.372   427.416   428.35   430.36   
6   2   1   247.199   248.636   248.708   251.59   251.653   252.657   252.737   252.76   253.053   401.969   404.705   404.816   411.022   411.233   414.168   414.592   414.763   415.77   418.04   418.214   418.478   418.79   418.852   419.019   419.032   419.052   419.117   422.888   423.722   423.822   424.107   425.93   426.02   428.836   428.893   429.867   
7   3   1   247.18   248.641   248.72   251.62   251.669   252.644   252.673   252.747   253.097   401.964   404.72   404.786   411.138   411.267   414.065   414.477   414.668   415.944   418.068   418.236   418.409   418.81   418.845   419.002   419.033   419.067   419.121   422.839   423.767   423.841   424.156   425.916   425.974   428.854   428.88   429.868   

8   0   2   247.537   247.62   250.165   250.196   252.619   252.684   252.703   252.722   252.747   402.615   402.758   407.75   407.819   414.017   414.347   414.438   414.482   414.667   418.03   418.256   418.526   418.585   418.996   419.021   419.033   419.044   419.06   423.717   423.946   423.994   424.011   424.118   427.607   427.638   429.587   429.651   
9   1   2   247.194   248.639   248.707   251.6   251.67   252.662   252.692   252.742   253.088   401.949   404.73   404.798   411.123   411.268   414.259   414.328   414.616   415.938   418.077   418.229   418.429   418.8   418.855   419.006   419.033   419.06   419.122   422.835   423.791   423.865   424.107   425.92   425.978   428.849   428.877   429.873   
10   2   2   247.568   247.618   250.117   250.185   252.62   252.662   252.718   252.739   252.765   402.665   402.755   407.653   407.802   414.005   414.207   414.484   414.578   414.814   418.065   418.183   418.512   418.604   418.995   419.019   419.03   419.044   419.057   423.652   423.929   423.964   424.066   424.119   427.613   427.681   429.592   429.63   
11   3   2   247.169   248.673   248.711   251.604   251.654   252.668   252.69   252.732   253.092   401.995   404.663   404.792   411.109   411.309   414.151   414.445   414.65   415.91   418.018   418.3   418.409   418.81   418.847   419.001   419.024   419.061   419.129   422.851   423.767   423.829   424.155   425.899   425.982   428.851   428.905   429.855   

12   0   3   246.306   249.308   250.396   250.431   251.865   251.874   252.234   253.264   253.316   400.464   405.935   408.272   408.33   411.852   411.983   413.045   416.345   416.721   417.972   418.423   418.617   418.73   418.834   418.967   419.086   419.188   419.194   422.192   422.282   424.773   425.48   425.529   427.363   427.393   428.394   430.353   
13   1   3   247.176   248.67   248.703   251.614   251.66   252.63   252.707   252.733   253.103   401.972   404.666   404.818   411.153   411.302   414.133   414.316   414.725   415.921   418.023   418.299   418.412   418.81   418.841   419.007   419.037   419.057   419.122   422.852   423.739   423.889   424.143   425.906   425.964   428.84   428.903   429.865   
14   2   3   247.18   248.658   248.722   251.57   251.642   252.656   252.738   252.758   253.069   402.003   404.66   404.792   411.086   411.257   414.175   414.588   414.774   415.657   418.013   418.264   418.51   418.779   418.858   418.997   419.03   419.057   419.124   422.926   423.72   423.805   424.12   425.915   425.998   428.848   428.91   429.853   
15   3   3   246.307   249.342   250.369   250.407   251.816   251.886   252.286   253.26   253.32   400.474   405.978   408.139   408.338   411.831   411.979   413.198   416.322   416.668   417.981   418.495   418.579   418.736   418.844   418.931   419.088   419.191   419.194   422.2   422.283   424.716   425.485   425.533   427.36   427.443   428.38   430.349   

