0   0   0   -3.74655   -3.74645   1.94278   1.94282   7.55931   7.55958   
1   2   1   -3.18522   -3.12004   1.8219   1.95083   6.98994   7.05408   
2   4   2   -1.96335   -1.61713   1.32418   1.9478   5.7711   6.04889   
3   6   3   -1.14632   -0.362332   0.598482   1.74472   5.15714   5.51979   
4   8   4   -1.06041   -1.06036   1.3342   1.33425   5.48175   5.48206   
5   7   5   -0.360143   -0.36012   0.896936   0.896993   5.21875   5.21907   
6   6   6   -2.79695e-32   6.66133e-16   0.598406   0.598482   5.15714   5.15746   
7   5   5   -0.360143   -0.36012   0.896936   0.896993   5.21875   5.21907   
8   4   4   -1.06041   -1.06036   1.3342   1.33425   5.48175   5.48206   
9   3   3   -1.94283   -1.94276   1.66433   1.66438   6.03404   6.03433   
10   2   2   -2.83497   -2.83488   1.84386   1.8439   6.74665   6.74693   
11   1   1   -3.50048   -3.50038   1.92167   1.92171   7.33434   7.33462   
12   0   0   -3.74655   -3.74645   1.94278   1.94282   7.55931   7.55958   
# Gamma-->K-->M-->Gamma
