0   0   0   -2.82843   -2   -2   -1.49829e-11   4.98247e-13   5.01914e-13   5.67769e-13   5.71411e-13   1.19197e-11   2   2   2.82843   9.07508   9.64844   9.64844   10.35   15.35   15.35   15.35   15.35   15.35   16.0516   16.0516   16.6249   
1   1   0   -2.64575   -2.23607   -1.73205   -1   -2.68645e-12   -9.81731e-13   5.68657e-13   5.72149e-13   1   1.73205   2.23607   2.64575   9.20995   9.4959   9.80862   10.1574   15.35   15.35   15.35   15.35   15.5426   15.8914   16.2041   16.4901   
2   2   0   -2.64575   -2.23607   -1.73205   -1   -2.68643e-12   -9.89295e-13   5.652e-13   5.6781e-13   1   1.73205   2.23607   2.64575   9.20995   9.4959   9.80862   10.1574   15.35   15.35   15.35   15.35   15.5426   15.8914   16.2041   16.4901   

3   0   1   -2.64575   -2.23607   -1.73205   -1   -2.68423e-12   -9.54552e-13   4.98148e-13   5.08767e-13   1   1.73205   2.23607   2.64575   9.20995   9.4959   9.80862   10.1574   15.35   15.35   15.35   15.35   15.5426   15.8914   16.2041   16.4901   
4   1   1   -2.44949   -2   -2   -1.41421   -2.61292e-12   -1.61566e-12   -1.24708e-13   -6.28057e-14   1.41421   2   2   2.44949   9.35   9.64844   9.64844   9.97772   15.35   15.35   15.35   15.35   15.7223   16.0516   16.0516   16.35   
5   2   1   -2.44949   -2   -2   -1.41421   -2.61515e-12   -1.61835e-12   -1.27633e-13   -7.11437e-14   1.41421   2   2   2.44949   9.35   9.64844   9.64844   9.97772   15.35   15.35   15.35   15.35   15.7223   16.0516   16.0516   16.35   

6   0   2   -2.64575   -2.23607   -1.73205   -1   -2.68082e-12   -9.53673e-13   4.98114e-13   5.0388e-13   1   1.73205   2.23607   2.64575   9.20995   9.4959   9.80862   10.1574   15.35   15.35   15.35   15.35   15.5426   15.8914   16.2041   16.4901   
7   1   2   -2.44949   -2   -2   -1.41421   -2.61082e-12   -1.6177e-12   -1.30847e-13   -7.26052e-14   1.41421   2   2   2.44949   9.35   9.64844   9.64844   9.97772   15.35   15.35   15.35   15.35   15.7223   16.0516   16.0516   16.35   
8   2   2   -2.44949   -2   -2   -1.41421   -2.61993e-12   -1.61515e-12   -1.2869e-13   -6.48807e-14   1.41421   2   2   2.44949   9.35   9.64844   9.64844   9.97772   15.35   15.35   15.35   15.35   15.7223   16.0516   16.0516   16.35   

