(0.209142,0) (-0.105756,0.68559) (0.46861,-1.90315) (-0.79379,-0.412755) (1.53991,-1.02444) (0.380588,-0.750999) (-0.63473,0.391552) (1.69207,1.10578) (0,0) (0,0) (0,0) (0,0) (0,0) (0,0) (0,0) (0,0) (0,0) (0,0) (0,0) (0,0) (0,0) (0,0) (0,0) (0,0) (0,0) (0,0) (0,0) (0,0) (0,0) (0,0) (0,0) (0,0) 
(-0.105756,-0.68559) (-0.209142,0) (0.28846,0.0192029) (0.0395721,-0.125894) (0.219918,0.295537) (-0.0586599,-0.120876) (-0.0731685,-0.0821406) (-0.11717,0.274161) (0,0) (0,0) (0,0) (0,0) (0,0) (0,0) (0,0) (0,0) (0,0) (0,0) (0,0) (0,0) (0,0) (0,0) (0,0) (0,0) (0,0) (0,0) (0,0) (0,0) (0,0) (0,0) (0,0) (0,0) 
(0.46861,1.90315) (0.28846,-0.0192029) (-4.996e-16,0) (1.66533e-16,2.22045e-16) (-0.108305,-0.257085) (0.515425,0.380812) (6.66134e-16,8.32667e-17) (-2.77556e-16,-2.22045e-16) (0,0) (0,0) (0,0) (0,0) (0,0) (0,0) (0,0) (0,0) (0,0) (0,0) (0,0) (0,0) (0,0) (0,0) (0,0) (0,0) (0,0) (0,0) (0,0) (0,0) (0,0) (0,0) (0,0) (0,0) 
(-0.79379,0.412755) (0.0395721,0.125894) (1.66533e-16,-2.22045e-16) (-2.77556e-17,0) (0.102383,-0.07572) (-0.113441,0.269638) (1.38778e-17,2.22045e-16) (6.93889e-17,1.11022e-16) (0,0) (0,0) (0,0) (0,0) (0,0) (0,0) (0,0) (0,0) (0,0) (0,0) (0,0) (0,0) (0,0) (0,0) (0,0) (0,0) (0,0) (0,0) (0,0) (0,0) (0,0) (0,0) (0,0) (0,0) 
(1.53991,1.02444) (0.219918,-0.295537) (-0.108305,0.257085) (0.102383,0.07572) (-0.482859,0) (0.539459,0.028117) (0.0979558,-0.0408905) (-0.213207,-0.193168) (0,0) (0,0) (0,0) (0,0) (0,0) (0,0) (0,0) (0,0) (0,0) (0,0) (0,0) (0,0) (0,0) (0,0) (0,0) (0,0) (0,0) (0,0) (0,0) (0,0) (0,0) (0,0) (0,0) (0,0) 
(0.380588,0.750999) (-0.0586599,0.120876) (0.515425,-0.380812) (-0.113441,-0.269638) (0.539459,-0.028117) (0.482859,0) (-0.241447,-0.0341032) (0.194619,0.6316) (0,0) (0,0) (0,0) (0,0) (0,0) (0,0) (0,0) (0,0) (0,0) (0,0) (0,0) (0,0) (0,0) (0,0) (0,0) (0,0) (0,0) (0,0) (0,0) (0,0) (0,0) (0,0) (0,0) (0,0) 
(-0.63473,-0.391552) (-0.0731685,0.0821406) (6.66134e-16,-8.32667e-17) (1.38778e-17,-2.22045e-16) (0.0979558,0.0408905) (-0.241447,0.0341032) (-3.60822e-16,0) (-5.55112e-17,4.44089e-16) (0,0) (0,0) (0,0) (0,0) (0,0) (0,0) (0,0) (0,0) (0,0) (0,0) (0,0) (0,0) (0,0) (0,0) (0,0) (0,0) (0,0) (0,0) (0,0) (0,0) (0,0) (0,0) (0,0) (0,0) 
(1.69207,-1.10578) (-0.11717,-0.274161) (-2.77556e-16,2.22045e-16) (6.93889e-17,-1.11022e-16) (-0.213207,0.193168) (0.194619,-0.6316) (-5.55112e-17,-4.44089e-16) (0,0) (0,0) (0,0) (0,0) (0,0) (0,0) (0,0) (0,0) (0,0) (0,0) (0,0) (0,0) (0,0) (0,0) (0,0) (0,0) (0,0) (0,0) (0,0) (0,0) (0,0) (0,0) (0,0) (0,0) (0,0) 
(0,0) (0,0) (0,0) (0,0) (0,0) (0,0) (0,0) (0,0) (0.533348,0) (1.09201,-1.36322) (-0.389438,0.534639) (-1.10933,0.504451) (1.07099,0.690948) (-0.321916,0.0440376) (0.249917,0.480309) (-0.150181,-0.0392073) (0,0) (0,0) (0,0) (0,0) (0,0) (0,0) (0,0) (0,0) (0,0) (0,0) (0,0) (0,0) (0,0) (0,0) (0,0) (0,0) 
(0,0) (0,0) (0,0) (0,0) (0,0) (0,0) (0,0) (0,0) (1.09201,1.36322) (-0.533348,0) (0.312314,1.17794) (0.167034,-0.64) (-0.287894,-0.15062) (-1.24186,0.286708) (-0.110454,-0.109048) (-0.540569,0.0306617) (0,0) (0,0) (0,0) (0,0) (0,0) (0,0) (0,0) (0,0) (0,0) (0,0) (0,0) (0,0) (0,0) (0,0) (0,0) (0,0) 
(0,0) (0,0) (0,0) (0,0) (0,0) (0,0) (0,0) (0,0) (-0.389438,-0.534639) (0.312314,-1.17794) (-0.346258,0) (-0.360898,0.92633) (0.935769,0.00236659) (0.289552,-0.194191) (0.35785,0.188725) (0.116981,-0.0742386) (0,0) (0,0) (0,0) (0,0) (0,0) (0,0) (0,0) (0,0) (0,0) (0,0) (0,0) (0,0) (0,0) (0,0) (0,0) (0,0) 
(0,0) (0,0) (0,0) (0,0) (0,0) (0,0) (0,0) (0,0) (-1.10933,-0.504451) (0.167034,0.64) (-0.360898,-0.92633) (0.346258,0) (-0.34817,-0.018117) (0.801993,-0.482159) (-0.104617,-0.0908363) (0.381971,-0.133312) (0,0) (0,0) (0,0) (0,0) (0,0) (0,0) (0,0) (0,0) (0,0) (0,0) (0,0) (0,0) (0,0) (0,0) (0,0) (0,0) 
(0,0) (0,0) (0,0) (0,0) (0,0) (0,0) (0,0) (0,0) (1.07099,-0.690948) (-0.287894,0.15062) (0.935769,-0.00236659) (-0.34817,0.018117) (0.0035728,0) (0.0582508,0.945476) (0.0021058,0.0262551) (-0.0500111,0.401693) (0,0) (0,0) (0,0) (0,0) (0,0) (0,0) (0,0) (0,0) (0,0) (0,0) (0,0) (0,0) (0,0) (0,0) (0,0) (0,0) 
(0,0) (0,0) (0,0) (0,0) (0,0) (0,0) (0,0) (0,0) (-0.321916,-0.0440376) (-1.24186,-0.286708) (0.289552,0.194191) (0.801993,0.482159) (0.0582508,-0.945476) (-0.0035728,0) (0.216539,-0.342008) (-0.0183042,0.01894) (0,0) (0,0) (0,0) (0,0) (0,0) (0,0) (0,0) (0,0) (0,0) (0,0) (0,0) (0,0) (0,0) (0,0) (0,0) (0,0) 
(0,0) (0,0) (0,0) (0,0) (0,0) (0,0) (0,0) (0,0) (0.249917,-0.480309) (-0.110454,0.109048) (0.35785,-0.188725) (-0.104617,0.0908363) (0.0021058,-0.0262551) (0.216539,0.342008) (0.011742,0) (0.0635705,0.161234) (0,0) (0,0) (0,0) (0,0) (0,0) (0,0) (0,0) (0,0) (0,0) (0,0) (0,0) (0,0) (0,0) (0,0) (0,0) (0,0) 
(0,0) (0,0) (0,0) (0,0) (0,0) (0,0) (0,0) (0,0) (-0.150181,0.0392073) (-0.540569,-0.0306617) (0.116981,0.0742386) (0.381971,0.133312) (-0.0500111,-0.401693) (-0.0183042,-0.01894) (0.0635705,-0.161234) (-0.011742,0) (0,0) (0,0) (0,0) (0,0) (0,0) (0,0) (0,0) (0,0) (0,0) (0,0) (0,0) (0,0) (0,0) (0,0) (0,0) (0,0) 
(0,0) (0,0) (0,0) (0,0) (0,0) (0,0) (0,0) (0,0) (0,0) (0,0) (0,0) (0,0) (0,0) (0,0) (0,0) (0,0) (-0.418677,0) (-0.715285,-0.686804) (0.44127,-0.540021) (0.119706,-0.455159) (-0.1964,0.658649) (0.87112,0.246815) (-0.172913,0.900727) (0.00271023,0.012689) (0,0) (0,0) (0,0) (0,0) (0,0) (0,0) (0,0) (0,0) 
(0,0) (0,0) (0,0) (0,0) (0,0) (0,0) (0,0) (0,0) (0,0) (0,0) (0,0) (0,0) (0,0) (0,0) (0,0) (0,0) (-0.715285,0.686804) (0.418677,0) (-0.389439,-0.209069) (-0.395187,0.61494) (-0.729173,-0.526447) (0.679262,-0.00825327) (0.00244619,-0.0127425) (0.191578,0.896943) (0,0) (0,0) (0,0) (0,0) (0,0) (0,0) (0,0) (0,0) 
(0,0) (0,0) (0,0) (0,0) (0,0) (0,0) (0,0) (0,0) (0,0) (0,0) (0,0) (0,0) (0,0) (0,0) (0,0) (0,0) (0.44127,0.540021) (-0.389439,0.209069) (-0.794146,0) (0.729299,0.579712) (-0.172124,0.685667) (-0.0400757,-0.00423772) (-0.64916,-0.158919) (0.932338,0.0486605) (0,0) (0,0) (0,0) (0,0) (0,0) (0,0) (0,0) (0,0) 
(0,0) (0,0) (0,0) (0,0) (0,0) (0,0) (0,0) (0,0) (0,0) (0,0) (0,0) (0,0) (0,0) (0,0) (0,0) (0,0) (0.119706,0.455159) (-0.395187,-0.61494) (0.729299,-0.579712) (0.794146,0) (-0.00981191,0.0390864) (0.703022,0.0743395) (-0.582884,0.703429) (-0.636767,0.0643302) (0,0) (0,0) (0,0) (0,0) (0,0) (0,0) (0,0) (0,0) 
(0,0) (0,0) (0,0) (0,0) (0,0) (0,0) (0,0) (0,0) (0,0) (0,0) (0,0) (0,0) (0,0) (0,0) (0,0) (0,0) (-0.1964,-0.658649) (-0.729173,0.526447) (-0.172124,-0.685667) (-0.00981191,-0.0390864) (0.706123,0) (-0.459806,0.888019) (-0.604974,-0.394701) (-0.439796,0.0597092) (0,0) (0,0) (0,0) (0,0) (0,0) (0,0) (0,0) (0,0) 
(0,0) (0,0) (0,0) (0,0) (0,0) (0,0) (0,0) (0,0) (0,0) (0,0) (0,0) (0,0) (0,0) (0,0) (0,0) (0,0) (0.87112,-0.246815) (0.679262,0.00825327) (-0.0400757,0.00423772) (0.703022,-0.0743395) (-0.459806,-0.888019) (-0.706123,0) (-0.366037,-0.251004) (-0.318931,0.648125) (0,0) (0,0) (0,0) (0,0) (0,0) (0,0) (0,0) (0,0) 
(0,0) (0,0) (0,0) (0,0) (0,0) (0,0) (0,0) (0,0) (0,0) (0,0) (0,0) (0,0) (0,0) (0,0) (0,0) (0,0) (-0.172913,-0.900727) (0.00244619,0.0127425) (-0.64916,0.158919) (-0.582884,-0.703429) (-0.604974,0.394701) (-0.366037,0.251004) (0.398275,0) (0.936952,0.349457) (0,0) (0,0) (0,0) (0,0) (0,0) (0,0) (0,0) (0,0) 
(0,0) (0,0) (0,0) (0,0) (0,0) (0,0) (0,0) (0,0) (0,0) (0,0) (0,0) (0,0) (0,0) (0,0) (0,0) (0,0) (0.00271023,-0.012689) (0.191578,-0.896943) (0.932338,-0.0486605) (-0.636767,-0.0643302) (-0.439796,-0.0597092) (-0.318931,-0.648125) (0.936952,-0.349457) (-0.398275,0) (0,0) (0,0) (0,0) (0,0) (0,0) (0,0) (0,0) (0,0) 
(0,0) (0,0) (0,0) (0,0) (0,0) (0,0) (0,0) (0,0) (0,0) (0,0) (0,0) (0,0) (0,0) (0,0) (0,0) (0,0) (0,0) (0,0) (0,0) (0,0) (0,0) (0,0) (0,0) (0,0) (1.31535e-15,0) (3.7817e-16,-1.66533e-16) (-0.994588,-1.01574) (-0.880848,0.917985) (1.02115,0.358692) (-0.774546,1.37093) (2.18076e-15,-2.46331e-16) (-1.26288e-15,-6.66134e-16) 
(0,0) (0,0) (0,0) (0,0) (0,0) (0,0) (0,0) (0,0) (0,0) (0,0) (0,0) (0,0) (0,0) (0,0) (0,0) (0,0) (0,0) (0,0) (0,0) (0,0) (0,0) (0,0) (0,0) (0,0) (3.7817e-16,1.66533e-16) (-1.01481e-16,0) (-0.247547,0.307516) (-0.233822,-0.38725) (0.259523,-0.400392) (-0.210028,-0.278303) (-4.51028e-17,1.94289e-16) (8.91214e-17,3.46945e-16) 
(0,0) (0,0) (0,0) (0,0) (0,0) (0,0) (0,0) (0,0) (0,0) (0,0) (0,0) (0,0) (0,0) (0,0) (0,0) (0,0) (0,0) (0,0) (0,0) (0,0) (0,0) (0,0) (0,0) (0,0) (-0.994588,1.01574) (-0.247547,-0.307516) (-1.11022e-16,0) (-1.249e-16,9.15934e-16) (4.44089e-16,-2.22045e-16) (-2.35922e-16,1.20737e-15) (-0.133205,0.417945) (0.954691,0.839788) 
(0,0) (0,0) (0,0) (0,0) (0,0) (0,0) (0,0) (0,0) (0,0) (0,0) (0,0) (0,0) (0,0) (0,0) (0,0) (0,0) (0,0) (0,0) (0,0) (0,0) (0,0) (0,0) (0,0) (0,0) (-0.880848,-0.917985) (-0.233822,0.38725) (-1.249e-16,-9.15934e-16) (-8.32667e-16,0) (6.10623e-16,2.63678e-16) (-7.21645e-16,2.08167e-16) (-0.367201,-0.142) (0.892748,-1.11306) 
(0,0) (0,0) (0,0) (0,0) (0,0) (0,0) (0,0) (0,0) (0,0) (0,0) (0,0) (0,0) (0,0) (0,0) (0,0) (0,0) (0,0) (0,0) (0,0) (0,0) (0,0) (0,0) (0,0) (0,0) (1.02115,-0.358692) (0.259523,0.400392) (4.44089e-16,2.22045e-16) (6.10623e-16,-2.63678e-16) (-1.11022e-15,0) (8.88178e-16,-9.4369e-16) (0.228446,-0.240701) (-0.997563,-1.24163) 
(0,0) (0,0) (0,0) (0,0) (0,0) (0,0) (0,0) (0,0) (0,0) (0,0) (0,0) (0,0) (0,0) (0,0) (0,0) (0,0) (0,0) (0,0) (0,0) (0,0) (0,0) (0,0) (0,0) (0,0) (-0.774546,-1.37093) (-0.210028,0.278303) (-2.35922e-16,-1.20737e-15) (-7.21645e-16,-2.08167e-16) (8.88178e-16,9.4369e-16) (-6.66134e-16,0) (-0.398478,-0.2802) (0.799337,-0.690555) 
(0,0) (0,0) (0,0) (0,0) (0,0) (0,0) (0,0) (0,0) (0,0) (0,0) (0,0) (0,0) (0,0) (0,0) (0,0) (0,0) (0,0) (0,0) (0,0) (0,0) (0,0) (0,0) (0,0) (0,0) (2.18076e-15,2.46331e-16) (-4.51028e-17,-1.94289e-16) (-0.133205,-0.417945) (-0.367201,0.142) (0.228446,0.240701) (-0.398478,0.2802) (1.16236e-15,0) (1.38778e-17,3.88578e-16) 
(0,0) (0,0) (0,0) (0,0) (0,0) (0,0) (0,0) (0,0) (0,0) (0,0) (0,0) (0,0) (0,0) (0,0) (0,0) (0,0) (0,0) (0,0) (0,0) (0,0) (0,0) (0,0) (0,0) (0,0) (-1.26288e-15,6.66134e-16) (8.91214e-17,-3.46945e-16) (0.954691,-0.839788) (0.892748,1.11306) (-0.997563,1.24163) (0.799337,0.690555) (1.38778e-17,-3.88578e-16) (2.60377e-16,0)
