(-0.209142,0) (0.105756,-0.68559) (-0.000949798,-0.131963) (0.281428,0.0661559) (0.0749771,-0.111492) (0.259062,-0.261902) (0.221912,0.199118) (-0.031676,0.105344) (0,0) (0,0) (0,0) (0,0) (0,0) (0,0) (0,0) (0,0) (0,0) (0,0) (0,0) (0,0) (0,0) (0,0) (0,0) (0,0) (0,0) (0,0) (0,0) (0,0) (0,0) (0,0) (0,0) (0,0) 
(0.105756,0.68559) (0.209142,0) (-0.879888,0.162069) (0.10956,-1.95693) (0.271898,0.796818) (-1.38163,-1.22959) (1.06747,-1.7165) (0.740674,0.0871594) (0,0) (0,0) (0,0) (0,0) (0,0) (0,0) (0,0) (0,0) (0,0) (0,0) (0,0) (0,0) (0,0) (0,0) (0,0) (0,0) (0,0) (0,0) (0,0) (0,0) (0,0) (0,0) (0,0) (0,0) 
(-0.000949798,0.131963) (-0.879888,-0.162069) (5.55112e-17,0) (8.32667e-17,5.55112e-17) (-0.15424,-0.248563) (-0.112972,-0.0587647) (3.88578e-16,7.77156e-16) (-5.55112e-17,-9.71445e-17) (0,0) (0,0) (0,0) (0,0) (0,0) (0,0) (0,0) (0,0) (0,0) (0,0) (0,0) (0,0) (0,0) (0,0) (0,0) (0,0) (0,0) (0,0) (0,0) (0,0) (0,0) (0,0) (0,0) (0,0) 
(0.281428,-0.0661559) (0.10956,1.95693) (8.32667e-17,-5.55112e-17) (-1.11022e-16,0) (-0.44948,0.456781) (-0.0667383,0.270866) (1.33227e-15,-1.19349e-15) (-1.94289e-16,-5.55112e-17) (0,0) (0,0) (0,0) (0,0) (0,0) (0,0) (0,0) (0,0) (0,0) (0,0) (0,0) (0,0) (0,0) (0,0) (0,0) (0,0) (0,0) (0,0) (0,0) (0,0) (0,0) (0,0) (0,0) (0,0) 
(0.0749771,0.111492) (0.271898,-0.796818) (-0.15424,0.248563) (-0.44948,-0.456781) (0.482859,0) (-0.539459,-0.028117) (-0.180681,-0.635727) (0.183943,-0.160076) (0,0) (0,0) (0,0) (0,0) (0,0) (0,0) (0,0) (0,0) (0,0) (0,0) (0,0) (0,0) (0,0) (0,0) (0,0) (0,0) (0,0) (0,0) (0,0) (0,0) (0,0) (0,0) (0,0) (0,0) 
(0.259062,0.261902) (-1.38163,1.22959) (-0.112972,0.0587647) (-0.0667383,-0.270866) (-0.539459,0.028117) (-0.482859,0) (0.0736436,-0.278114) (0.104426,-0.0190419) (0,0) (0,0) (0,0) (0,0) (0,0) (0,0) (0,0) (0,0) (0,0) (0,0) (0,0) (0,0) (0,0) (0,0) (0,0) (0,0) (0,0) (0,0) (0,0) (0,0) (0,0) (0,0) (0,0) (0,0) 
(0.221912,-0.199118) (1.06747,1.7165) (3.88578e-16,-7.77156e-16) (1.33227e-15,1.19349e-15) (-0.180681,0.635727) (0.0736436,0.278114) (1.22125e-15,0) (-6.38378e-16,5.55112e-16) (0,0) (0,0) (0,0) (0,0) (0,0) (0,0) (0,0) (0,0) (0,0) (0,0) (0,0) (0,0) (0,0) (0,0) (0,0) (0,0) (0,0) (0,0) (0,0) (0,0) (0,0) (0,0) (0,0) (0,0) 
(-0.031676,-0.105344) (0.740674,-0.0871594) (-5.55112e-17,9.71445e-17) (-1.94289e-16,5.55112e-17) (0.183943,0.160076) (0.104426,0.0190419) (-6.38378e-16,-5.55112e-16) (1.11022e-16,0) (0,0) (0,0) (0,0) (0,0) (0,0) (0,0) (0,0) (0,0) (0,0) (0,0) (0,0) (0,0) (0,0) (0,0) (0,0) (0,0) (0,0) (0,0) (0,0) (0,0) (0,0) (0,0) (0,0) (0,0) 
(0,0) (0,0) (0,0) (0,0) (0,0) (0,0) (0,0) (0,0) (-0.533348,0) (-1.09201,1.36322) (-0.389438,0.534639) (-1.10933,0.504451) (1.07099,0.690948) (-0.321916,0.0440376) (-0.249917,-0.480309) (0.150181,0.0392073) (0,0) (0,0) (0,0) (0,0) (0,0) (0,0) (0,0) (0,0) (0,0) (0,0) (0,0) (0,0) (0,0) (0,0) (0,0) (0,0) 
(0,0) (0,0) (0,0) (0,0) (0,0) (0,0) (0,0) (0,0) (-1.09201,-1.36322) (0.533348,0) (0.312314,1.17794) (0.167034,-0.64) (-0.287894,-0.15062) (-1.24186,0.286708) (0.110454,0.109048) (0.540569,-0.0306617) (0,0) (0,0) (0,0) (0,0) (0,0) (0,0) (0,0) (0,0) (0,0) (0,0) (0,0) (0,0) (0,0) (0,0) (0,0) (0,0) 
(0,0) (0,0) (0,0) (0,0) (0,0) (0,0) (0,0) (0,0) (-0.389438,-0.534639) (0.312314,-1.17794) (0.346258,0) (0.360898,-0.92633) (-0.935769,-0.00236659) (-0.289552,0.194191) (0.35785,0.188725) (0.116981,-0.0742386) (0,0) (0,0) (0,0) (0,0) (0,0) (0,0) (0,0) (0,0) (0,0) (0,0) (0,0) (0,0) (0,0) (0,0) (0,0) (0,0) 
(0,0) (0,0) (0,0) (0,0) (0,0) (0,0) (0,0) (0,0) (-1.10933,-0.504451) (0.167034,0.64) (0.360898,0.92633) (-0.346258,0) (0.34817,0.018117) (-0.801993,0.482159) (-0.104617,-0.0908363) (0.381971,-0.133312) (0,0) (0,0) (0,0) (0,0) (0,0) (0,0) (0,0) (0,0) (0,0) (0,0) (0,0) (0,0) (0,0) (0,0) (0,0) (0,0) 
(0,0) (0,0) (0,0) (0,0) (0,0) (0,0) (0,0) (0,0) (1.07099,-0.690948) (-0.287894,0.15062) (-0.935769,0.00236659) (0.34817,-0.018117) (-0.0035728,0) (-0.0582508,-0.945476) (0.0021058,0.0262551) (-0.0500111,0.401693) (0,0) (0,0) (0,0) (0,0) (0,0) (0,0) (0,0) (0,0) (0,0) (0,0) (0,0) (0,0) (0,0) (0,0) (0,0) (0,0) 
(0,0) (0,0) (0,0) (0,0) (0,0) (0,0) (0,0) (0,0) (-0.321916,-0.0440376) (-1.24186,-0.286708) (-0.289552,-0.194191) (-0.801993,-0.482159) (-0.0582508,0.945476) (0.0035728,0) (0.216539,-0.342008) (-0.0183042,0.01894) (0,0) (0,0) (0,0) (0,0) (0,0) (0,0) (0,0) (0,0) (0,0) (0,0) (0,0) (0,0) (0,0) (0,0) (0,0) (0,0) 
(0,0) (0,0) (0,0) (0,0) (0,0) (0,0) (0,0) (0,0) (-0.249917,0.480309) (0.110454,-0.109048) (0.35785,-0.188725) (-0.104617,0.0908363) (0.0021058,-0.0262551) (0.216539,0.342008) (-0.011742,0) (-0.0635705,-0.161234) (0,0) (0,0) (0,0) (0,0) (0,0) (0,0) (0,0) (0,0) (0,0) (0,0) (0,0) (0,0) (0,0) (0,0) (0,0) (0,0) 
(0,0) (0,0) (0,0) (0,0) (0,0) (0,0) (0,0) (0,0) (0.150181,-0.0392073) (0.540569,0.0306617) (0.116981,0.0742386) (0.381971,0.133312) (-0.0500111,-0.401693) (-0.0183042,-0.01894) (-0.0635705,0.161234) (0.011742,0) (0,0) (0,0) (0,0) (0,0) (0,0) (0,0) (0,0) (0,0) (0,0) (0,0) (0,0) (0,0) (0,0) (0,0) (0,0) (0,0) 
(0,0) (0,0) (0,0) (0,0) (0,0) (0,0) (0,0) (0,0) (0,0) (0,0) (0,0) (0,0) (0,0) (0,0) (0,0) (0,0) (0.418677,0) (0.715285,0.686804) (0.44127,-0.540021) (0.119706,-0.455159) (-0.1964,0.658649) (0.87112,0.246815) (0.172913,-0.900727) (-0.00271023,-0.012689) (0,0) (0,0) (0,0) (0,0) (0,0) (0,0) (0,0) (0,0) 
(0,0) (0,0) (0,0) (0,0) (0,0) (0,0) (0,0) (0,0) (0,0) (0,0) (0,0) (0,0) (0,0) (0,0) (0,0) (0,0) (0.715285,-0.686804) (-0.418677,0) (-0.389439,-0.209069) (-0.395187,0.61494) (-0.729173,-0.526447) (0.679262,-0.00825327) (-0.00244619,0.0127425) (-0.191578,-0.896943) (0,0) (0,0) (0,0) (0,0) (0,0) (0,0) (0,0) (0,0) 
(0,0) (0,0) (0,0) (0,0) (0,0) (0,0) (0,0) (0,0) (0,0) (0,0) (0,0) (0,0) (0,0) (0,0) (0,0) (0,0) (0.44127,0.540021) (-0.389439,0.209069) (0.794146,0) (-0.729299,-0.579712) (0.172124,-0.685667) (0.0400757,0.00423772) (-0.64916,-0.158919) (0.932338,0.0486605) (0,0) (0,0) (0,0) (0,0) (0,0) (0,0) (0,0) (0,0) 
(0,0) (0,0) (0,0) (0,0) (0,0) (0,0) (0,0) (0,0) (0,0) (0,0) (0,0) (0,0) (0,0) (0,0) (0,0) (0,0) (0.119706,0.455159) (-0.395187,-0.61494) (-0.729299,0.579712) (-0.794146,0) (0.00981191,-0.0390864) (-0.703022,-0.0743395) (-0.582884,0.703429) (-0.636767,0.0643302) (0,0) (0,0) (0,0) (0,0) (0,0) (0,0) (0,0) (0,0) 
(0,0) (0,0) (0,0) (0,0) (0,0) (0,0) (0,0) (0,0) (0,0) (0,0) (0,0) (0,0) (0,0) (0,0) (0,0) (0,0) (-0.1964,-0.658649) (-0.729173,0.526447) (0.172124,0.685667) (0.00981191,0.0390864) (-0.706123,0) (0.459806,-0.888019) (-0.604974,-0.394701) (-0.439796,0.0597092) (0,0) (0,0) (0,0) (0,0) (0,0) (0,0) (0,0) (0,0) 
(0,0) (0,0) (0,0) (0,0) (0,0) (0,0) (0,0) (0,0) (0,0) (0,0) (0,0) (0,0) (0,0) (0,0) (0,0) (0,0) (0.87112,-0.246815) (0.679262,0.00825327) (0.0400757,-0.00423772) (-0.703022,0.0743395) (0.459806,0.888019) (0.706123,0) (-0.366037,-0.251004) (-0.318931,0.648125) (0,0) (0,0) (0,0) (0,0) (0,0) (0,0) (0,0) (0,0) 
(0,0) (0,0) (0,0) (0,0) (0,0) (0,0) (0,0) (0,0) (0,0) (0,0) (0,0) (0,0) (0,0) (0,0) (0,0) (0,0) (0.172913,0.900727) (-0.00244619,-0.0127425) (-0.64916,0.158919) (-0.582884,-0.703429) (-0.604974,0.394701) (-0.366037,0.251004) (-0.398275,0) (-0.936952,-0.349457) (0,0) (0,0) (0,0) (0,0) (0,0) (0,0) (0,0) (0,0) 
(0,0) (0,0) (0,0) (0,0) (0,0) (0,0) (0,0) (0,0) (0,0) (0,0) (0,0) (0,0) (0,0) (0,0) (0,0) (0,0) (-0.00271023,0.012689) (-0.191578,0.896943) (0.932338,-0.0486605) (-0.636767,-0.0643302) (-0.439796,-0.0597092) (-0.318931,-0.648125) (-0.936952,0.349457) (0.398275,0) (0,0) (0,0) (0,0) (0,0) (0,0) (0,0) (0,0) (0,0) 
(0,0) (0,0) (0,0) (0,0) (0,0) (0,0) (0,0) (0,0) (0,0) (0,0) (0,0) (0,0) (0,0) (0,0) (0,0) (0,0) (0,0) (0,0) (0,0) (0,0) (0,0) (0,0) (0,0) (0,0) (-1.94289e-16,0) (-3.88578e-16,-2.06432e-16) (0.0395448,-0.0563757) (0.591545,0.0182864) (0.00236984,-0.209079) (-0.54908,0.097474) (3.60822e-16,-3.07046e-16) (-1.94289e-16,-8.45678e-17) 
(0,0) (0,0) (0,0) (0,0) (0,0) (0,0) (0,0) (0,0) (0,0) (0,0) (0,0) (0,0) (0,0) (0,0) (0,0) (0,0) (0,0) (0,0) (0,0) (0,0) (0,0) (0,0) (0,0) (0,0) (-3.88578e-16,2.06432e-16) (-1.00614e-16,0) (0.111323,-1.90426) (0.0777704,0.018724) (-0.398177,-1.80543) (0.345034,-0.328795) (7.77156e-16,-1.4988e-15) (-2.25514e-16,7.11135e-16) 
(0,0) (0,0) (0,0) (0,0) (0,0) (0,0) (0,0) (0,0) (0,0) (0,0) (0,0) (0,0) (0,0) (0,0) (0,0) (0,0) (0,0) (0,0) (0,0) (0,0) (0,0) (0,0) (0,0) (0,0) (0.0395448,0.0563757) (0.111323,1.90426) (-3.46945e-18,0) (2.77989e-16,5.55112e-16) (6.93889e-17,-1.11022e-16) (-2.70617e-16,-5.55112e-16) (-0.051483,0.147689) (0.0348729,0.587457) 
(0,0) (0,0) (0,0) (0,0) (0,0) (0,0) (0,0) (0,0) (0,0) (0,0) (0,0) (0,0) (0,0) (0,0) (0,0) (0,0) (0,0) (0,0) (0,0) (0,0) (0,0) (0,0) (0,0) (0,0) (0.591545,-0.0182864) (0.0777704,-0.018724) (2.77989e-16,-5.55112e-16) (8.91648e-16,0) (3.33067e-16,-5.55112e-16) (-3.71231e-16,1.36002e-15) (-1.68699,0.884404) (0.0326103,-0.00603563) 
(0,0) (0,0) (0,0) (0,0) (0,0) (0,0) (0,0) (0,0) (0,0) (0,0) (0,0) (0,0) (0,0) (0,0) (0,0) (0,0) (0,0) (0,0) (0,0) (0,0) (0,0) (0,0) (0,0) (0,0) (0.00236984,0.209079) (-0.398177,1.80543) (6.93889e-17,1.11022e-16) (3.33067e-16,5.55112e-16) (1.11022e-16,0) (-6.10623e-16,-3.33067e-16) (-0.236907,-0.32902) (-0.122629,0.559246) 
(0,0) (0,0) (0,0) (0,0) (0,0) (0,0) (0,0) (0,0) (0,0) (0,0) (0,0) (0,0) (0,0) (0,0) (0,0) (0,0) (0,0) (0,0) (0,0) (0,0) (0,0) (0,0) (0,0) (0,0) (-0.54908,-0.097474) (0.345034,0.328795) (-2.70617e-16,5.55112e-16) (-3.71231e-16,-1.36002e-15) (-6.10623e-16,3.33067e-16) (4.16334e-16,0) (1.80686,-0.472719) (0.0982614,0.0998639) 
(0,0) (0,0) (0,0) (0,0) (0,0) (0,0) (0,0) (0,0) (0,0) (0,0) (0,0) (0,0) (0,0) (0,0) (0,0) (0,0) (0,0) (0,0) (0,0) (0,0) (0,0) (0,0) (0,0) (0,0) (3.60822e-16,3.07046e-16) (7.77156e-16,1.4988e-15) (-0.051483,-0.147689) (-1.68699,-0.884404) (-0.236907,0.32902) (1.80686,0.472719) (-9.71857e-16,0) (2.77556e-16,7.07767e-16) 
(0,0) (0,0) (0,0) (0,0) (0,0) (0,0) (0,0) (0,0) (0,0) (0,0) (0,0) (0,0) (0,0) (0,0) (0,0) (0,0) (0,0) (0,0) (0,0) (0,0) (0,0) (0,0) (0,0) (0,0) (-1.94289e-16,8.45678e-17) (-2.25514e-16,-7.11135e-16) (0.0348729,-0.587457) (0.0326103,0.00603563) (-0.122629,-0.559246) (0.0982614,-0.0998639) (2.77556e-16,-7.07767e-16) (-1.30649e-16,0) 
