#site (in real lattice) site_1 site_2  rx     ry   Sz   Sx  Sy
0    0    0    0     0     2.07299e-16    7.7397e-13   1.55646e-12    0.5
4    0    1    0.5     0.866025     1.12757e-16    4.22549e-13   1.08044e-12    0.5
8    0    2    1     1.73205     2.34188e-17    1.05928e-12   1.01487e-12    0.5
12    0    3    1.5     2.59808     3.1225e-17    9.0462e-13   1.53318e-12    0.5
1    1    0    1     0     1.6713e-16    1.1222e-12   1.17126e-12    0.5
5    1    1    1.5     0.866025     1.19913e-16    4.61189e-13   1.66129e-12    0.5
9    1    2    2     1.73205     2.39067e-17    9.75437e-13   4.38228e-13    0.5
13    1    3    2.5     2.59808     4.22839e-17    1.31936e-12   5.56309e-13    0.5
2    2    0    2     0     2.30285e-16    6.64353e-13   8.84479e-13    0.5
6    2    1    2.5     0.866025     -7.28584e-17    8.13093e-13   1.09274e-12    0.5
10    2    2    3     1.73205     7.71952e-17    6.58319e-13   7.55479e-13    0.5
14    2    3    3.5     2.59808     -4.68375e-17    1.04248e-12   8.09547e-13    0.5
3    3    0    3     0     1.36826e-16    1.22467e-12   8.16987e-13    0.5
7    3    1    3.5     0.866025     -1.81495e-16    6.22534e-13   1.19779e-12    0.5
11    3    2    4     1.73205     1.66967e-16    6.0706e-13   8.4554e-13    0.5
15    3    3    4.5     2.59808     8.23994e-17    6.5476e-13   8.36281e-13    0.5
