#site (in real lattice) site_1 site_2  rx     ry   Sz   Sx  Sy
0    0    0    0     0     1.38846e-17    4.024e-15   7.0822e-15    0.5
4    0    1    0.5     0.866025     -3.93782e-16    2.8224e-15   5.58928e-15    0.5
8    0    2    1     1.73205     -4.02612e-16    4.96481e-15   5.18162e-15    0.5
12    0    3    1.5     2.59808     -3.08781e-16    4.27176e-15   6.79318e-15    0.5
1    1    0    1     0     1.38778e-16    5.41754e-15   5.43662e-15    0.5
5    1    1    1.5     0.866025     2.50451e-16    2.89601e-15   7.52816e-15    0.5
9    1    2    2     1.73205     -1.5786e-16    5.03764e-15   3.26822e-15    0.5
13    1    3    2.5     2.59808     -4.23381e-17    5.78216e-15   3.35561e-15    0.5
2    2    0    2     0     3.4067e-16    3.48367e-15   4.86098e-15    0.5
6    2    1    2.5     0.866025     1.43982e-16    4.46952e-15   5.48867e-15    0.5
10    2    2    3     1.73205     3.26616e-18    3.43702e-15   4.36066e-15    0.5
14    2    3    3.5     2.59808     3.29597e-16    5.08968e-15   4.58834e-15    0.5
3    3    0    3     0     -3.55618e-16    5.9501e-15   4.62477e-15    0.5
7    3    1    3.5     0.866025     -2.49204e-16    3.51357e-15   5.63292e-15    0.5
11    3    2    4     1.73205     -6.93889e-18    3.58741e-15   4.44957e-15    0.5
15    3    3    4.5     2.59808     4.7526e-16    3.63706e-15   4.68077e-15    0.5
