#site (in real lattice) site_1 site_2  rx  ry   Sz   Sx  Sy  |S|  <n>
0    0    0    0subltc_0_orb_0   0     0     3.19264e-06    -1.6252e-05   3.41856e-05    3.79865e-05   0.0607055     
0    0    0    0subltc_1_orb_0   0.866025     0.5     5.30529e-05    0.226612   0.392503    0.453224   0.911517     
36    0    3    36subltc_0_orb_0   2.59808     4.5     3.19264e-06    -1.6252e-05   3.41856e-05    3.79865e-05   0.0607055     
36    0    3    36subltc_1_orb_0   3.4641     5     5.30529e-05    0.226612   0.392503    0.453224   0.911517     
72    0    6    72subltc_0_orb_0   5.19615     9     3.19264e-06    -1.6252e-05   3.41856e-05    3.79865e-05   0.0607055     
72    0    6    72subltc_1_orb_0   6.06218     9.5     5.30529e-05    0.226612   0.392503    0.453224   0.911517     
108    0    9    108subltc_0_orb_0   7.79423     13.5     3.19264e-06    -1.6252e-05   3.41856e-05    3.79865e-05   0.0607055     
108    0    9    108subltc_1_orb_0   8.66025     14     5.30529e-05    0.226612   0.392503    0.453224   0.911517     
12    0    1    12subltc_0_orb_0   0.866025     1.5     3.19264e-06    -2.14796e-05   -3.11675e-05    3.79865e-05   0.0607055     
12    0    1    12subltc_1_orb_0   1.73205     2     5.30529e-05    -0.453224   1.43168e-09    0.453224   0.911517     
48    0    4    48subltc_0_orb_0   3.4641     6     3.19264e-06    -2.14796e-05   -3.11675e-05    3.79865e-05   0.0607055     
48    0    4    48subltc_1_orb_0   4.33013     6.5     5.30529e-05    -0.453224   1.43168e-09    0.453224   0.911517     
84    0    7    84subltc_0_orb_0   6.06218     10.5     3.19264e-06    -2.14796e-05   -3.11675e-05    3.79865e-05   0.0607055     
84    0    7    84subltc_1_orb_0   6.9282     11     5.30529e-05    -0.453224   1.43168e-09    0.453224   0.911517     
120    0    10    120subltc_0_orb_0   8.66025     15     3.19264e-06    -2.14796e-05   -3.11675e-05    3.79865e-05   0.0607055     
120    0    10    120subltc_1_orb_0   9.52628     15.5     5.30529e-05    -0.453224   1.43168e-09    0.453224   0.911517     
24    0    2    24subltc_0_orb_0   1.73205     3     3.19264e-06    3.77316e-05   -3.01815e-06    3.79865e-05   0.0607055     
24    0    2    24subltc_1_orb_0   2.59808     3.5     5.30529e-05    0.226612   -0.392503    0.453224   0.911517     
60    0    5    60subltc_0_orb_0   4.33013     7.5     3.19264e-06    3.77316e-05   -3.01815e-06    3.79865e-05   0.0607055     
60    0    5    60subltc_1_orb_0   5.19615     8     5.30529e-05    0.226612   -0.392503    0.453224   0.911517     
96    0    8    96subltc_0_orb_0   6.9282     12     3.19264e-06    3.77316e-05   -3.01815e-06    3.79865e-05   0.0607055     
96    0    8    96subltc_1_orb_0   7.79423     12.5     5.30529e-05    0.226612   -0.392503    0.453224   0.911517     
132    0    11    132subltc_0_orb_0   9.52628     16.5     3.19264e-06    3.77316e-05   -3.01815e-06    3.79865e-05   0.0607055     
132    0    11    132subltc_1_orb_0   10.3923     17     5.30529e-05    0.226612   -0.392503    0.453224   0.911517     
3    3    0    3subltc_0_orb_0   5.19615     0     3.19264e-06    -1.6252e-05   3.41856e-05    3.79865e-05   0.0607055     
3    3    0    3subltc_1_orb_0   6.06218     0.5     5.30529e-05    0.226612   0.392503    0.453224   0.911517     
39    3    3    39subltc_0_orb_0   7.79423     4.5     3.19264e-06    -1.6252e-05   3.41856e-05    3.79865e-05   0.0607055     
39    3    3    39subltc_1_orb_0   8.66025     5     5.30529e-05    0.226612   0.392503    0.453224   0.911517     
75    3    6    75subltc_0_orb_0   10.3923     9     3.19264e-06    -1.6252e-05   3.41856e-05    3.79865e-05   0.0607055     
75    3    6    75subltc_1_orb_0   11.2583     9.5     5.30529e-05    0.226612   0.392503    0.453224   0.911517     
111    3    9    111subltc_0_orb_0   12.9904     13.5     3.19264e-06    -1.6252e-05   3.41856e-05    3.79865e-05   0.0607055     
111    3    9    111subltc_1_orb_0   13.8564     14     5.30529e-05    0.226612   0.392503    0.453224   0.911517     
15    3    1    15subltc_0_orb_0   6.06218     1.5     3.19264e-06    -2.14796e-05   -3.11675e-05    3.79865e-05   0.0607055     
15    3    1    15subltc_1_orb_0   6.9282     2     5.30529e-05    -0.453224   1.43168e-09    0.453224   0.911517     
51    3    4    51subltc_0_orb_0   8.66025     6     3.19264e-06    -2.14796e-05   -3.11675e-05    3.79865e-05   0.0607055     
51    3    4    51subltc_1_orb_0   9.52628     6.5     5.30529e-05    -0.453224   1.43168e-09    0.453224   0.911517     
87    3    7    87subltc_0_orb_0   11.2583     10.5     3.19264e-06    -2.14796e-05   -3.11675e-05    3.79865e-05   0.0607055     
87    3    7    87subltc_1_orb_0   12.1244     11     5.30529e-05    -0.453224   1.43168e-09    0.453224   0.911517     
123    3    10    123subltc_0_orb_0   13.8564     15     3.19264e-06    -2.14796e-05   -3.11675e-05    3.79865e-05   0.0607055     
123    3    10    123subltc_1_orb_0   14.7224     15.5     5.30529e-05    -0.453224   1.43168e-09    0.453224   0.911517     
27    3    2    27subltc_0_orb_0   6.9282     3     3.19264e-06    3.77316e-05   -3.01815e-06    3.79865e-05   0.0607055     
27    3    2    27subltc_1_orb_0   7.79423     3.5     5.30529e-05    0.226612   -0.392503    0.453224   0.911517     
63    3    5    63subltc_0_orb_0   9.52628     7.5     3.19264e-06    3.77316e-05   -3.01815e-06    3.79865e-05   0.0607055     
63    3    5    63subltc_1_orb_0   10.3923     8     5.30529e-05    0.226612   -0.392503    0.453224   0.911517     
99    3    8    99subltc_0_orb_0   12.1244     12     3.19264e-06    3.77316e-05   -3.01815e-06    3.79865e-05   0.0607055     
99    3    8    99subltc_1_orb_0   12.9904     12.5     5.30529e-05    0.226612   -0.392503    0.453224   0.911517     
135    3    11    135subltc_0_orb_0   14.7224     16.5     3.19264e-06    3.77316e-05   -3.01815e-06    3.79865e-05   0.0607055     
135    3    11    135subltc_1_orb_0   15.5885     17     5.30529e-05    0.226612   -0.392503    0.453224   0.911517     
6    6    0    6subltc_0_orb_0   10.3923     0     3.19264e-06    -1.6252e-05   3.41856e-05    3.79865e-05   0.0607055     
6    6    0    6subltc_1_orb_0   11.2583     0.5     5.30529e-05    0.226612   0.392503    0.453224   0.911517     
42    6    3    42subltc_0_orb_0   12.9904     4.5     3.19264e-06    -1.6252e-05   3.41856e-05    3.79865e-05   0.0607055     
42    6    3    42subltc_1_orb_0   13.8564     5     5.30529e-05    0.226612   0.392503    0.453224   0.911517     
78    6    6    78subltc_0_orb_0   15.5885     9     3.19264e-06    -1.6252e-05   3.41856e-05    3.79865e-05   0.0607055     
78    6    6    78subltc_1_orb_0   16.4545     9.5     5.30529e-05    0.226612   0.392503    0.453224   0.911517     
114    6    9    114subltc_0_orb_0   18.1865     13.5     3.19264e-06    -1.6252e-05   3.41856e-05    3.79865e-05   0.0607055     
114    6    9    114subltc_1_orb_0   19.0526     14     5.30529e-05    0.226612   0.392503    0.453224   0.911517     
18    6    1    18subltc_0_orb_0   11.2583     1.5     3.19264e-06    -2.14796e-05   -3.11675e-05    3.79865e-05   0.0607055     
18    6    1    18subltc_1_orb_0   12.1244     2     5.30529e-05    -0.453224   1.43168e-09    0.453224   0.911517     
54    6    4    54subltc_0_orb_0   13.8564     6     3.19264e-06    -2.14796e-05   -3.11675e-05    3.79865e-05   0.0607055     
54    6    4    54subltc_1_orb_0   14.7224     6.5     5.30529e-05    -0.453224   1.43168e-09    0.453224   0.911517     
90    6    7    90subltc_0_orb_0   16.4545     10.5     3.19264e-06    -2.14796e-05   -3.11675e-05    3.79865e-05   0.0607055     
90    6    7    90subltc_1_orb_0   17.3205     11     5.30529e-05    -0.453224   1.43168e-09    0.453224   0.911517     
126    6    10    126subltc_0_orb_0   19.0526     15     3.19264e-06    -2.14796e-05   -3.11675e-05    3.79865e-05   0.0607055     
126    6    10    126subltc_1_orb_0   19.9186     15.5     5.30529e-05    -0.453224   1.43168e-09    0.453224   0.911517     
30    6    2    30subltc_0_orb_0   12.1244     3     3.19264e-06    3.77316e-05   -3.01815e-06    3.79865e-05   0.0607055     
30    6    2    30subltc_1_orb_0   12.9904     3.5     5.30529e-05    0.226612   -0.392503    0.453224   0.911517     
66    6    5    66subltc_0_orb_0   14.7224     7.5     3.19264e-06    3.77316e-05   -3.01815e-06    3.79865e-05   0.0607055     
66    6    5    66subltc_1_orb_0   15.5885     8     5.30529e-05    0.226612   -0.392503    0.453224   0.911517     
102    6    8    102subltc_0_orb_0   17.3205     12     3.19264e-06    3.77316e-05   -3.01815e-06    3.79865e-05   0.0607055     
102    6    8    102subltc_1_orb_0   18.1865     12.5     5.30529e-05    0.226612   -0.392503    0.453224   0.911517     
138    6    11    138subltc_0_orb_0   19.9186     16.5     3.19264e-06    3.77316e-05   -3.01815e-06    3.79865e-05   0.0607055     
138    6    11    138subltc_1_orb_0   20.7846     17     5.30529e-05    0.226612   -0.392503    0.453224   0.911517     
9    9    0    9subltc_0_orb_0   15.5885     0     3.19264e-06    -1.6252e-05   3.41856e-05    3.79865e-05   0.0607055     
9    9    0    9subltc_1_orb_0   16.4545     0.5     5.30529e-05    0.226612   0.392503    0.453224   0.911517     
45    9    3    45subltc_0_orb_0   18.1865     4.5     3.19264e-06    -1.6252e-05   3.41856e-05    3.79865e-05   0.0607055     
45    9    3    45subltc_1_orb_0   19.0526     5     5.30529e-05    0.226612   0.392503    0.453224   0.911517     
81    9    6    81subltc_0_orb_0   20.7846     9     3.19264e-06    -1.6252e-05   3.41856e-05    3.79865e-05   0.0607055     
81    9    6    81subltc_1_orb_0   21.6506     9.5     5.30529e-05    0.226612   0.392503    0.453224   0.911517     
117    9    9    117subltc_0_orb_0   23.3827     13.5     3.19264e-06    -1.6252e-05   3.41856e-05    3.79865e-05   0.0607055     
117    9    9    117subltc_1_orb_0   24.2487     14     5.30529e-05    0.226612   0.392503    0.453224   0.911517     
21    9    1    21subltc_0_orb_0   16.4545     1.5     3.19264e-06    -2.14796e-05   -3.11675e-05    3.79865e-05   0.0607055     
21    9    1    21subltc_1_orb_0   17.3205     2     5.30529e-05    -0.453224   1.43168e-09    0.453224   0.911517     
57    9    4    57subltc_0_orb_0   19.0526     6     3.19264e-06    -2.14796e-05   -3.11675e-05    3.79865e-05   0.0607055     
57    9    4    57subltc_1_orb_0   19.9186     6.5     5.30529e-05    -0.453224   1.43168e-09    0.453224   0.911517     
93    9    7    93subltc_0_orb_0   21.6506     10.5     3.19264e-06    -2.14796e-05   -3.11675e-05    3.79865e-05   0.0607055     
93    9    7    93subltc_1_orb_0   22.5167     11     5.30529e-05    -0.453224   1.43168e-09    0.453224   0.911517     
129    9    10    129subltc_0_orb_0   24.2487     15     3.19264e-06    -2.14796e-05   -3.11675e-05    3.79865e-05   0.0607055     
129    9    10    129subltc_1_orb_0   25.1147     15.5     5.30529e-05    -0.453224   1.43168e-09    0.453224   0.911517     
33    9    2    33subltc_0_orb_0   17.3205     3     3.19264e-06    3.77316e-05   -3.01815e-06    3.79865e-05   0.0607055     
33    9    2    33subltc_1_orb_0   18.1865     3.5     5.30529e-05    0.226612   -0.392503    0.453224   0.911517     
69    9    5    69subltc_0_orb_0   19.9186     7.5     3.19264e-06    3.77316e-05   -3.01815e-06    3.79865e-05   0.0607055     
69    9    5    69subltc_1_orb_0   20.7846     8     5.30529e-05    0.226612   -0.392503    0.453224   0.911517     
105    9    8    105subltc_0_orb_0   22.5167     12     3.19264e-06    3.77316e-05   -3.01815e-06    3.79865e-05   0.0607055     
105    9    8    105subltc_1_orb_0   23.3827     12.5     5.30529e-05    0.226612   -0.392503    0.453224   0.911517     
141    9    11    141subltc_0_orb_0   25.1147     16.5     3.19264e-06    3.77316e-05   -3.01815e-06    3.79865e-05   0.0607055     
141    9    11    141subltc_1_orb_0   25.9808     17     5.30529e-05    0.226612   -0.392503    0.453224   0.911517     
1    1    0    1subltc_0_orb_0   1.73205     0     3.19264e-06    3.77316e-05   -3.01815e-06    3.79865e-05   0.0607055     
1    1    0    1subltc_1_orb_0   2.59808     0.5     5.30529e-05    0.226612   -0.392503    0.453224   0.911517     
37    1    3    37subltc_0_orb_0   4.33013     4.5     3.19264e-06    3.77316e-05   -3.01815e-06    3.79865e-05   0.0607055     
37    1    3    37subltc_1_orb_0   5.19615     5     5.30529e-05    0.226612   -0.392503    0.453224   0.911517     
73    1    6    73subltc_0_orb_0   6.9282     9     3.19264e-06    3.77316e-05   -3.01815e-06    3.79865e-05   0.0607055     
73    1    6    73subltc_1_orb_0   7.79423     9.5     5.30529e-05    0.226612   -0.392503    0.453224   0.911517     
109    1    9    109subltc_0_orb_0   9.52628     13.5     3.19264e-06    3.77316e-05   -3.01815e-06    3.79865e-05   0.0607055     
109    1    9    109subltc_1_orb_0   10.3923     14     5.30529e-05    0.226612   -0.392503    0.453224   0.911517     
13    1    1    13subltc_0_orb_0   2.59808     1.5     3.19264e-06    -1.6252e-05   3.41856e-05    3.79865e-05   0.0607055     
13    1    1    13subltc_1_orb_0   3.4641     2     5.30529e-05    0.226612   0.392503    0.453224   0.911517     
49    1    4    49subltc_0_orb_0   5.19615     6     3.19264e-06    -1.6252e-05   3.41856e-05    3.79865e-05   0.0607055     
49    1    4    49subltc_1_orb_0   6.06218     6.5     5.30529e-05    0.226612   0.392503    0.453224   0.911517     
85    1    7    85subltc_0_orb_0   7.79423     10.5     3.19264e-06    -1.6252e-05   3.41856e-05    3.79865e-05   0.0607055     
85    1    7    85subltc_1_orb_0   8.66025     11     5.30529e-05    0.226612   0.392503    0.453224   0.911517     
121    1    10    121subltc_0_orb_0   10.3923     15     3.19264e-06    -1.6252e-05   3.41856e-05    3.79865e-05   0.0607055     
121    1    10    121subltc_1_orb_0   11.2583     15.5     5.30529e-05    0.226612   0.392503    0.453224   0.911517     
25    1    2    25subltc_0_orb_0   3.4641     3     3.19264e-06    -2.14796e-05   -3.11675e-05    3.79865e-05   0.0607055     
25    1    2    25subltc_1_orb_0   4.33013     3.5     5.30529e-05    -0.453224   1.43168e-09    0.453224   0.911517     
61    1    5    61subltc_0_orb_0   6.06218     7.5     3.19264e-06    -2.14796e-05   -3.11675e-05    3.79865e-05   0.0607055     
61    1    5    61subltc_1_orb_0   6.9282     8     5.30529e-05    -0.453224   1.43168e-09    0.453224   0.911517     
97    1    8    97subltc_0_orb_0   8.66025     12     3.19264e-06    -2.14796e-05   -3.11675e-05    3.79865e-05   0.0607055     
97    1    8    97subltc_1_orb_0   9.52628     12.5     5.30529e-05    -0.453224   1.43168e-09    0.453224   0.911517     
133    1    11    133subltc_0_orb_0   11.2583     16.5     3.19264e-06    -2.14796e-05   -3.11675e-05    3.79865e-05   0.0607055     
133    1    11    133subltc_1_orb_0   12.1244     17     5.30529e-05    -0.453224   1.43168e-09    0.453224   0.911517     
4    4    0    4subltc_0_orb_0   6.9282     0     3.19264e-06    3.77316e-05   -3.01815e-06    3.79865e-05   0.0607055     
4    4    0    4subltc_1_orb_0   7.79423     0.5     5.30529e-05    0.226612   -0.392503    0.453224   0.911517     
40    4    3    40subltc_0_orb_0   9.52628     4.5     3.19264e-06    3.77316e-05   -3.01815e-06    3.79865e-05   0.0607055     
40    4    3    40subltc_1_orb_0   10.3923     5     5.30529e-05    0.226612   -0.392503    0.453224   0.911517     
76    4    6    76subltc_0_orb_0   12.1244     9     3.19264e-06    3.77316e-05   -3.01815e-06    3.79865e-05   0.0607055     
76    4    6    76subltc_1_orb_0   12.9904     9.5     5.30529e-05    0.226612   -0.392503    0.453224   0.911517     
112    4    9    112subltc_0_orb_0   14.7224     13.5     3.19264e-06    3.77316e-05   -3.01815e-06    3.79865e-05   0.0607055     
112    4    9    112subltc_1_orb_0   15.5885     14     5.30529e-05    0.226612   -0.392503    0.453224   0.911517     
16    4    1    16subltc_0_orb_0   7.79423     1.5     3.19264e-06    -1.6252e-05   3.41856e-05    3.79865e-05   0.0607055     
16    4    1    16subltc_1_orb_0   8.66025     2     5.30529e-05    0.226612   0.392503    0.453224   0.911517     
52    4    4    52subltc_0_orb_0   10.3923     6     3.19264e-06    -1.6252e-05   3.41856e-05    3.79865e-05   0.0607055     
52    4    4    52subltc_1_orb_0   11.2583     6.5     5.30529e-05    0.226612   0.392503    0.453224   0.911517     
88    4    7    88subltc_0_orb_0   12.9904     10.5     3.19264e-06    -1.6252e-05   3.41856e-05    3.79865e-05   0.0607055     
88    4    7    88subltc_1_orb_0   13.8564     11     5.30529e-05    0.226612   0.392503    0.453224   0.911517     
124    4    10    124subltc_0_orb_0   15.5885     15     3.19264e-06    -1.6252e-05   3.41856e-05    3.79865e-05   0.0607055     
124    4    10    124subltc_1_orb_0   16.4545     15.5     5.30529e-05    0.226612   0.392503    0.453224   0.911517     
28    4    2    28subltc_0_orb_0   8.66025     3     3.19264e-06    -2.14796e-05   -3.11675e-05    3.79865e-05   0.0607055     
28    4    2    28subltc_1_orb_0   9.52628     3.5     5.30529e-05    -0.453224   1.43168e-09    0.453224   0.911517     
64    4    5    64subltc_0_orb_0   11.2583     7.5     3.19264e-06    -2.14796e-05   -3.11675e-05    3.79865e-05   0.0607055     
64    4    5    64subltc_1_orb_0   12.1244     8     5.30529e-05    -0.453224   1.43168e-09    0.453224   0.911517     
100    4    8    100subltc_0_orb_0   13.8564     12     3.19264e-06    -2.14796e-05   -3.11675e-05    3.79865e-05   0.0607055     
100    4    8    100subltc_1_orb_0   14.7224     12.5     5.30529e-05    -0.453224   1.43168e-09    0.453224   0.911517     
136    4    11    136subltc_0_orb_0   16.4545     16.5     3.19264e-06    -2.14796e-05   -3.11675e-05    3.79865e-05   0.0607055     
136    4    11    136subltc_1_orb_0   17.3205     17     5.30529e-05    -0.453224   1.43168e-09    0.453224   0.911517     
7    7    0    7subltc_0_orb_0   12.1244     0     3.19264e-06    3.77316e-05   -3.01815e-06    3.79865e-05   0.0607055     
7    7    0    7subltc_1_orb_0   12.9904     0.5     5.30529e-05    0.226612   -0.392503    0.453224   0.911517     
43    7    3    43subltc_0_orb_0   14.7224     4.5     3.19264e-06    3.77316e-05   -3.01815e-06    3.79865e-05   0.0607055     
43    7    3    43subltc_1_orb_0   15.5885     5     5.30529e-05    0.226612   -0.392503    0.453224   0.911517     
79    7    6    79subltc_0_orb_0   17.3205     9     3.19264e-06    3.77316e-05   -3.01815e-06    3.79865e-05   0.0607055     
79    7    6    79subltc_1_orb_0   18.1865     9.5     5.30529e-05    0.226612   -0.392503    0.453224   0.911517     
115    7    9    115subltc_0_orb_0   19.9186     13.5     3.19264e-06    3.77316e-05   -3.01815e-06    3.79865e-05   0.0607055     
115    7    9    115subltc_1_orb_0   20.7846     14     5.30529e-05    0.226612   -0.392503    0.453224   0.911517     
19    7    1    19subltc_0_orb_0   12.9904     1.5     3.19264e-06    -1.6252e-05   3.41856e-05    3.79865e-05   0.0607055     
19    7    1    19subltc_1_orb_0   13.8564     2     5.30529e-05    0.226612   0.392503    0.453224   0.911517     
55    7    4    55subltc_0_orb_0   15.5885     6     3.19264e-06    -1.6252e-05   3.41856e-05    3.79865e-05   0.0607055     
55    7    4    55subltc_1_orb_0   16.4545     6.5     5.30529e-05    0.226612   0.392503    0.453224   0.911517     
91    7    7    91subltc_0_orb_0   18.1865     10.5     3.19264e-06    -1.6252e-05   3.41856e-05    3.79865e-05   0.0607055     
91    7    7    91subltc_1_orb_0   19.0526     11     5.30529e-05    0.226612   0.392503    0.453224   0.911517     
127    7    10    127subltc_0_orb_0   20.7846     15     3.19264e-06    -1.6252e-05   3.41856e-05    3.79865e-05   0.0607055     
127    7    10    127subltc_1_orb_0   21.6506     15.5     5.30529e-05    0.226612   0.392503    0.453224   0.911517     
31    7    2    31subltc_0_orb_0   13.8564     3     3.19264e-06    -2.14796e-05   -3.11675e-05    3.79865e-05   0.0607055     
31    7    2    31subltc_1_orb_0   14.7224     3.5     5.30529e-05    -0.453224   1.43168e-09    0.453224   0.911517     
67    7    5    67subltc_0_orb_0   16.4545     7.5     3.19264e-06    -2.14796e-05   -3.11675e-05    3.79865e-05   0.0607055     
67    7    5    67subltc_1_orb_0   17.3205     8     5.30529e-05    -0.453224   1.43168e-09    0.453224   0.911517     
103    7    8    103subltc_0_orb_0   19.0526     12     3.19264e-06    -2.14796e-05   -3.11675e-05    3.79865e-05   0.0607055     
103    7    8    103subltc_1_orb_0   19.9186     12.5     5.30529e-05    -0.453224   1.43168e-09    0.453224   0.911517     
139    7    11    139subltc_0_orb_0   21.6506     16.5     3.19264e-06    -2.14796e-05   -3.11675e-05    3.79865e-05   0.0607055     
139    7    11    139subltc_1_orb_0   22.5167     17     5.30529e-05    -0.453224   1.43168e-09    0.453224   0.911517     
10    10    0    10subltc_0_orb_0   17.3205     0     3.19264e-06    3.77316e-05   -3.01815e-06    3.79865e-05   0.0607055     
10    10    0    10subltc_1_orb_0   18.1865     0.5     5.30529e-05    0.226612   -0.392503    0.453224   0.911517     
46    10    3    46subltc_0_orb_0   19.9186     4.5     3.19264e-06    3.77316e-05   -3.01815e-06    3.79865e-05   0.0607055     
46    10    3    46subltc_1_orb_0   20.7846     5     5.30529e-05    0.226612   -0.392503    0.453224   0.911517     
82    10    6    82subltc_0_orb_0   22.5167     9     3.19264e-06    3.77316e-05   -3.01815e-06    3.79865e-05   0.0607055     
82    10    6    82subltc_1_orb_0   23.3827     9.5     5.30529e-05    0.226612   -0.392503    0.453224   0.911517     
118    10    9    118subltc_0_orb_0   25.1147     13.5     3.19264e-06    3.77316e-05   -3.01815e-06    3.79865e-05   0.0607055     
118    10    9    118subltc_1_orb_0   25.9808     14     5.30529e-05    0.226612   -0.392503    0.453224   0.911517     
22    10    1    22subltc_0_orb_0   18.1865     1.5     3.19264e-06    -1.6252e-05   3.41856e-05    3.79865e-05   0.0607055     
22    10    1    22subltc_1_orb_0   19.0526     2     5.30529e-05    0.226612   0.392503    0.453224   0.911517     
58    10    4    58subltc_0_orb_0   20.7846     6     3.19264e-06    -1.6252e-05   3.41856e-05    3.79865e-05   0.0607055     
58    10    4    58subltc_1_orb_0   21.6506     6.5     5.30529e-05    0.226612   0.392503    0.453224   0.911517     
94    10    7    94subltc_0_orb_0   23.3827     10.5     3.19264e-06    -1.6252e-05   3.41856e-05    3.79865e-05   0.0607055     
94    10    7    94subltc_1_orb_0   24.2487     11     5.30529e-05    0.226612   0.392503    0.453224   0.911517     
130    10    10    130subltc_0_orb_0   25.9808     15     3.19264e-06    -1.6252e-05   3.41856e-05    3.79865e-05   0.0607055     
130    10    10    130subltc_1_orb_0   26.8468     15.5     5.30529e-05    0.226612   0.392503    0.453224   0.911517     
34    10    2    34subltc_0_orb_0   19.0526     3     3.19264e-06    -2.14796e-05   -3.11675e-05    3.79865e-05   0.0607055     
34    10    2    34subltc_1_orb_0   19.9186     3.5     5.30529e-05    -0.453224   1.43168e-09    0.453224   0.911517     
70    10    5    70subltc_0_orb_0   21.6506     7.5     3.19264e-06    -2.14796e-05   -3.11675e-05    3.79865e-05   0.0607055     
70    10    5    70subltc_1_orb_0   22.5167     8     5.30529e-05    -0.453224   1.43168e-09    0.453224   0.911517     
106    10    8    106subltc_0_orb_0   24.2487     12     3.19264e-06    -2.14796e-05   -3.11675e-05    3.79865e-05   0.0607055     
106    10    8    106subltc_1_orb_0   25.1147     12.5     5.30529e-05    -0.453224   1.43168e-09    0.453224   0.911517     
142    10    11    142subltc_0_orb_0   26.8468     16.5     3.19264e-06    -2.14796e-05   -3.11675e-05    3.79865e-05   0.0607055     
142    10    11    142subltc_1_orb_0   27.7128     17     5.30529e-05    -0.453224   1.43168e-09    0.453224   0.911517     
2    2    0    2subltc_0_orb_0   3.4641     0     3.19264e-06    -2.14796e-05   -3.11675e-05    3.79865e-05   0.0607055     
2    2    0    2subltc_1_orb_0   4.33013     0.5     5.30529e-05    -0.453224   1.43168e-09    0.453224   0.911517     
38    2    3    38subltc_0_orb_0   6.06218     4.5     3.19264e-06    -2.14796e-05   -3.11675e-05    3.79865e-05   0.0607055     
38    2    3    38subltc_1_orb_0   6.9282     5     5.30529e-05    -0.453224   1.43168e-09    0.453224   0.911517     
74    2    6    74subltc_0_orb_0   8.66025     9     3.19264e-06    -2.14796e-05   -3.11675e-05    3.79865e-05   0.0607055     
74    2    6    74subltc_1_orb_0   9.52628     9.5     5.30529e-05    -0.453224   1.43168e-09    0.453224   0.911517     
110    2    9    110subltc_0_orb_0   11.2583     13.5     3.19264e-06    -2.14796e-05   -3.11675e-05    3.79865e-05   0.0607055     
110    2    9    110subltc_1_orb_0   12.1244     14     5.30529e-05    -0.453224   1.43168e-09    0.453224   0.911517     
14    2    1    14subltc_0_orb_0   4.33013     1.5     3.19264e-06    3.77316e-05   -3.01815e-06    3.79865e-05   0.0607055     
14    2    1    14subltc_1_orb_0   5.19615     2     5.30529e-05    0.226612   -0.392503    0.453224   0.911517     
50    2    4    50subltc_0_orb_0   6.9282     6     3.19264e-06    3.77316e-05   -3.01815e-06    3.79865e-05   0.0607055     
50    2    4    50subltc_1_orb_0   7.79423     6.5     5.30529e-05    0.226612   -0.392503    0.453224   0.911517     
86    2    7    86subltc_0_orb_0   9.52628     10.5     3.19264e-06    3.77316e-05   -3.01815e-06    3.79865e-05   0.0607055     
86    2    7    86subltc_1_orb_0   10.3923     11     5.30529e-05    0.226612   -0.392503    0.453224   0.911517     
122    2    10    122subltc_0_orb_0   12.1244     15     3.19264e-06    3.77316e-05   -3.01815e-06    3.79865e-05   0.0607055     
122    2    10    122subltc_1_orb_0   12.9904     15.5     5.30529e-05    0.226612   -0.392503    0.453224   0.911517     
26    2    2    26subltc_0_orb_0   5.19615     3     3.19264e-06    -1.6252e-05   3.41856e-05    3.79865e-05   0.0607055     
26    2    2    26subltc_1_orb_0   6.06218     3.5     5.30529e-05    0.226612   0.392503    0.453224   0.911517     
62    2    5    62subltc_0_orb_0   7.79423     7.5     3.19264e-06    -1.6252e-05   3.41856e-05    3.79865e-05   0.0607055     
62    2    5    62subltc_1_orb_0   8.66025     8     5.30529e-05    0.226612   0.392503    0.453224   0.911517     
98    2    8    98subltc_0_orb_0   10.3923     12     3.19264e-06    -1.6252e-05   3.41856e-05    3.79865e-05   0.0607055     
98    2    8    98subltc_1_orb_0   11.2583     12.5     5.30529e-05    0.226612   0.392503    0.453224   0.911517     
134    2    11    134subltc_0_orb_0   12.9904     16.5     3.19264e-06    -1.6252e-05   3.41856e-05    3.79865e-05   0.0607055     
134    2    11    134subltc_1_orb_0   13.8564     17     5.30529e-05    0.226612   0.392503    0.453224   0.911517     
5    5    0    5subltc_0_orb_0   8.66025     0     3.19264e-06    -2.14796e-05   -3.11675e-05    3.79865e-05   0.0607055     
5    5    0    5subltc_1_orb_0   9.52628     0.5     5.30529e-05    -0.453224   1.43168e-09    0.453224   0.911517     
41    5    3    41subltc_0_orb_0   11.2583     4.5     3.19264e-06    -2.14796e-05   -3.11675e-05    3.79865e-05   0.0607055     
41    5    3    41subltc_1_orb_0   12.1244     5     5.30529e-05    -0.453224   1.43168e-09    0.453224   0.911517     
77    5    6    77subltc_0_orb_0   13.8564     9     3.19264e-06    -2.14796e-05   -3.11675e-05    3.79865e-05   0.0607055     
77    5    6    77subltc_1_orb_0   14.7224     9.5     5.30529e-05    -0.453224   1.43168e-09    0.453224   0.911517     
113    5    9    113subltc_0_orb_0   16.4545     13.5     3.19264e-06    -2.14796e-05   -3.11675e-05    3.79865e-05   0.0607055     
113    5    9    113subltc_1_orb_0   17.3205     14     5.30529e-05    -0.453224   1.43168e-09    0.453224   0.911517     
17    5    1    17subltc_0_orb_0   9.52628     1.5     3.19264e-06    3.77316e-05   -3.01815e-06    3.79865e-05   0.0607055     
17    5    1    17subltc_1_orb_0   10.3923     2     5.30529e-05    0.226612   -0.392503    0.453224   0.911517     
53    5    4    53subltc_0_orb_0   12.1244     6     3.19264e-06    3.77316e-05   -3.01815e-06    3.79865e-05   0.0607055     
53    5    4    53subltc_1_orb_0   12.9904     6.5     5.30529e-05    0.226612   -0.392503    0.453224   0.911517     
89    5    7    89subltc_0_orb_0   14.7224     10.5     3.19264e-06    3.77316e-05   -3.01815e-06    3.79865e-05   0.0607055     
89    5    7    89subltc_1_orb_0   15.5885     11     5.30529e-05    0.226612   -0.392503    0.453224   0.911517     
125    5    10    125subltc_0_orb_0   17.3205     15     3.19264e-06    3.77316e-05   -3.01815e-06    3.79865e-05   0.0607055     
125    5    10    125subltc_1_orb_0   18.1865     15.5     5.30529e-05    0.226612   -0.392503    0.453224   0.911517     
29    5    2    29subltc_0_orb_0   10.3923     3     3.19264e-06    -1.6252e-05   3.41856e-05    3.79865e-05   0.0607055     
29    5    2    29subltc_1_orb_0   11.2583     3.5     5.30529e-05    0.226612   0.392503    0.453224   0.911517     
65    5    5    65subltc_0_orb_0   12.9904     7.5     3.19264e-06    -1.6252e-05   3.41856e-05    3.79865e-05   0.0607055     
65    5    5    65subltc_1_orb_0   13.8564     8     5.30529e-05    0.226612   0.392503    0.453224   0.911517     
101    5    8    101subltc_0_orb_0   15.5885     12     3.19264e-06    -1.6252e-05   3.41856e-05    3.79865e-05   0.0607055     
101    5    8    101subltc_1_orb_0   16.4545     12.5     5.30529e-05    0.226612   0.392503    0.453224   0.911517     
137    5    11    137subltc_0_orb_0   18.1865     16.5     3.19264e-06    -1.6252e-05   3.41856e-05    3.79865e-05   0.0607055     
137    5    11    137subltc_1_orb_0   19.0526     17     5.30529e-05    0.226612   0.392503    0.453224   0.911517     
8    8    0    8subltc_0_orb_0   13.8564     0     3.19264e-06    -2.14796e-05   -3.11675e-05    3.79865e-05   0.0607055     
8    8    0    8subltc_1_orb_0   14.7224     0.5     5.30529e-05    -0.453224   1.43168e-09    0.453224   0.911517     
44    8    3    44subltc_0_orb_0   16.4545     4.5     3.19264e-06    -2.14796e-05   -3.11675e-05    3.79865e-05   0.0607055     
44    8    3    44subltc_1_orb_0   17.3205     5     5.30529e-05    -0.453224   1.43168e-09    0.453224   0.911517     
80    8    6    80subltc_0_orb_0   19.0526     9     3.19264e-06    -2.14796e-05   -3.11675e-05    3.79865e-05   0.0607055     
80    8    6    80subltc_1_orb_0   19.9186     9.5     5.30529e-05    -0.453224   1.43168e-09    0.453224   0.911517     
116    8    9    116subltc_0_orb_0   21.6506     13.5     3.19264e-06    -2.14796e-05   -3.11675e-05    3.79865e-05   0.0607055     
116    8    9    116subltc_1_orb_0   22.5167     14     5.30529e-05    -0.453224   1.43168e-09    0.453224   0.911517     
20    8    1    20subltc_0_orb_0   14.7224     1.5     3.19264e-06    3.77316e-05   -3.01815e-06    3.79865e-05   0.0607055     
20    8    1    20subltc_1_orb_0   15.5885     2     5.30529e-05    0.226612   -0.392503    0.453224   0.911517     
56    8    4    56subltc_0_orb_0   17.3205     6     3.19264e-06    3.77316e-05   -3.01815e-06    3.79865e-05   0.0607055     
56    8    4    56subltc_1_orb_0   18.1865     6.5     5.30529e-05    0.226612   -0.392503    0.453224   0.911517     
92    8    7    92subltc_0_orb_0   19.9186     10.5     3.19264e-06    3.77316e-05   -3.01815e-06    3.79865e-05   0.0607055     
92    8    7    92subltc_1_orb_0   20.7846     11     5.30529e-05    0.226612   -0.392503    0.453224   0.911517     
128    8    10    128subltc_0_orb_0   22.5167     15     3.19264e-06    3.77316e-05   -3.01815e-06    3.79865e-05   0.0607055     
128    8    10    128subltc_1_orb_0   23.3827     15.5     5.30529e-05    0.226612   -0.392503    0.453224   0.911517     
32    8    2    32subltc_0_orb_0   15.5885     3     3.19264e-06    -1.6252e-05   3.41856e-05    3.79865e-05   0.0607055     
32    8    2    32subltc_1_orb_0   16.4545     3.5     5.30529e-05    0.226612   0.392503    0.453224   0.911517     
68    8    5    68subltc_0_orb_0   18.1865     7.5     3.19264e-06    -1.6252e-05   3.41856e-05    3.79865e-05   0.0607055     
68    8    5    68subltc_1_orb_0   19.0526     8     5.30529e-05    0.226612   0.392503    0.453224   0.911517     
104    8    8    104subltc_0_orb_0   20.7846     12     3.19264e-06    -1.6252e-05   3.41856e-05    3.79865e-05   0.0607055     
104    8    8    104subltc_1_orb_0   21.6506     12.5     5.30529e-05    0.226612   0.392503    0.453224   0.911517     
140    8    11    140subltc_0_orb_0   23.3827     16.5     3.19264e-06    -1.6252e-05   3.41856e-05    3.79865e-05   0.0607055     
140    8    11    140subltc_1_orb_0   24.2487     17     5.30529e-05    0.226612   0.392503    0.453224   0.911517     
11    11    0    11subltc_0_orb_0   19.0526     0     3.19264e-06    -2.14796e-05   -3.11675e-05    3.79865e-05   0.0607055     
11    11    0    11subltc_1_orb_0   19.9186     0.5     5.30529e-05    -0.453224   1.43168e-09    0.453224   0.911517     
47    11    3    47subltc_0_orb_0   21.6506     4.5     3.19264e-06    -2.14796e-05   -3.11675e-05    3.79865e-05   0.0607055     
47    11    3    47subltc_1_orb_0   22.5167     5     5.30529e-05    -0.453224   1.43168e-09    0.453224   0.911517     
83    11    6    83subltc_0_orb_0   24.2487     9     3.19264e-06    -2.14796e-05   -3.11675e-05    3.79865e-05   0.0607055     
83    11    6    83subltc_1_orb_0   25.1147     9.5     5.30529e-05    -0.453224   1.43168e-09    0.453224   0.911517     
119    11    9    119subltc_0_orb_0   26.8468     13.5     3.19264e-06    -2.14796e-05   -3.11675e-05    3.79865e-05   0.0607055     
119    11    9    119subltc_1_orb_0   27.7128     14     5.30529e-05    -0.453224   1.43168e-09    0.453224   0.911517     
23    11    1    23subltc_0_orb_0   19.9186     1.5     3.19264e-06    3.77316e-05   -3.01815e-06    3.79865e-05   0.0607055     
23    11    1    23subltc_1_orb_0   20.7846     2     5.30529e-05    0.226612   -0.392503    0.453224   0.911517     
59    11    4    59subltc_0_orb_0   22.5167     6     3.19264e-06    3.77316e-05   -3.01815e-06    3.79865e-05   0.0607055     
59    11    4    59subltc_1_orb_0   23.3827     6.5     5.30529e-05    0.226612   -0.392503    0.453224   0.911517     
95    11    7    95subltc_0_orb_0   25.1147     10.5     3.19264e-06    3.77316e-05   -3.01815e-06    3.79865e-05   0.0607055     
95    11    7    95subltc_1_orb_0   25.9808     11     5.30529e-05    0.226612   -0.392503    0.453224   0.911517     
131    11    10    131subltc_0_orb_0   27.7128     15     3.19264e-06    3.77316e-05   -3.01815e-06    3.79865e-05   0.0607055     
131    11    10    131subltc_1_orb_0   28.5788     15.5     5.30529e-05    0.226612   -0.392503    0.453224   0.911517     
35    11    2    35subltc_0_orb_0   20.7846     3     3.19264e-06    -1.6252e-05   3.41856e-05    3.79865e-05   0.0607055     
35    11    2    35subltc_1_orb_0   21.6506     3.5     5.30529e-05    0.226612   0.392503    0.453224   0.911517     
71    11    5    71subltc_0_orb_0   23.3827     7.5     3.19264e-06    -1.6252e-05   3.41856e-05    3.79865e-05   0.0607055     
71    11    5    71subltc_1_orb_0   24.2487     8     5.30529e-05    0.226612   0.392503    0.453224   0.911517     
107    11    8    107subltc_0_orb_0   25.9808     12     3.19264e-06    -1.6252e-05   3.41856e-05    3.79865e-05   0.0607055     
107    11    8    107subltc_1_orb_0   26.8468     12.5     5.30529e-05    0.226612   0.392503    0.453224   0.911517     
143    11    11    143subltc_0_orb_0   28.5788     16.5     3.19264e-06    -1.6252e-05   3.41856e-05    3.79865e-05   0.0607055     
143    11    11    143subltc_1_orb_0   29.4449     17     5.30529e-05    0.226612   0.392503    0.453224   0.911517     
