#site (in real lattice) site_1 site_2  rx     ry   Sz   Sx  Sy
0    0    0    0     0     -1.1669e-14    -1.30532e-07   3.71083e-06    0.000871966
4    0    1    0.5     0.866025     -8.53986e-15    2.3418e-07   -3.32001e-06    0.000871969
8    0    2    1     1.73205     -1.34617e-11    3.7273e-08   -3.4129e-07    0.000871973
12    0    3    1.5     2.59808     -1.35155e-13    -3.27397e-07   6.68956e-06    0.000871956
1    1    0    1     0     -6.77472e-13    0.498578   0.0274724    0.999128
5    1    1    1.5     0.866025     7.16253e-13    -0.497503   -0.0427259    0.999128
9    1    2    2     1.73205     3.74178e-12    0.497928   0.0374504    0.999128
13    1    3    2.5     2.59808     -8.81012e-12    -0.499255   -0.00887343    0.999128
2    2    0    2     0     8.54832e-15    1.69103e-07   -2.37058e-06    0.000871969
6    2    1    2.5     0.866025     1.28213e-14    9.73893e-08   -1.22422e-06    0.000871973
10    2    2    3     1.73205     -2.04164e-14    -2.62351e-07   5.74014e-06    0.000871957
14    2    3    3.5     2.59808     -3.18653e-13    -1.90688e-07   4.59377e-06    0.000871966
3    3    0    3     0     4.37835e-12    0.498062   0.0356192    0.999128
7    3    1    3.5     0.866025     -4.25354e-15    -0.498016   -0.0362556    0.999128
11    3    2    4     1.73205     -3.58232e-11    0.498073   0.0354583    0.999128
15    3    3    4.5     2.59808     9.96777e-13    -0.498319   -0.0318233    0.999128
