#site (in real lattice) site_1 site_2  rx     ry   Sz   Sx  Sy
0    0    0    0     0     1.60028e-16    9.90007e-15   1.76794e-14    0.5
4    0    1    0.5     0.866025     -2.25514e-17    6.63011e-15   1.33643e-14    0.5
8    0    2    1     1.73205     2.71484e-16    1.2438e-14   1.27064e-14    0.5
12    0    3    1.5     2.59808     2.67147e-16    1.08767e-14   1.73854e-14    0.5
1    1    0    1     0     2.51752e-16    1.3141e-14   1.40456e-14    0.5
5    1    1    1.5     0.866025     -1.19371e-16    6.8746e-15   1.86635e-14    0.5
9    1    2    2     1.73205     6.07153e-18    1.17959e-14   7.42939e-15    0.5
13    1    3    2.5     2.59808     -8.93383e-17    1.47228e-14   8.49104e-15    0.5
2    2    0    2     0     -2.64979e-16    8.76339e-15   1.14453e-14    0.5
6    2    1    2.5     0.866025     9.19403e-17    1.02956e-14   1.34719e-14    0.5
10    2    2    3     1.73205     6.15827e-17    8.63025e-15   1.03593e-14    0.5
14    2    3    3.5     2.59808     -9.88792e-17    1.23651e-14   1.09114e-14    0.5
3    3    0    3     0     -1.661e-16    1.43577e-14   1.09357e-14    0.5
7    3    1    3.5     0.866025     5.13912e-17    8.48811e-15   1.42995e-14    0.5
11    3    2    4     1.73205     2.92301e-16    8.40994e-15   1.10426e-14    0.5
15    3    3    4.5     2.59808     2.41452e-16    8.77835e-15   1.11363e-14    0.5
