#site (in real lattice) site_1 site_2  rx     ry   Sz   Sx  Sy
0    0    0    0     0     -8.30282e-16    7.45931e-17   1.93422e-16    0.5
4    0    1    0.5     0.866025     -2.20256e-16    2.10986e-16   5.88722e-17    0.5
8    0    2    1     1.73205     3.92373e-16    1.37043e-16   2.41994e-16    0.5
12    0    3    1.5     2.59808     -8.45271e-17    8.55436e-17   1.4569e-16    0.5
1    1    0    1     0     1.05777e-15    6.46998e-16   5.77012e-16    0.5
5    1    1    1.5     0.866025     7.66802e-16    -8.71156e-17   6.32632e-16    0.5
9    1    2    2     1.73205     2.24972e-16    -4.09828e-17   8.27029e-16    0.5
13    1    3    2.5     2.59808     -3.24935e-16    1.13082e-16   2.55546e-16    0.5
2    2    0    2     0     1.37368e-16    3.98119e-16   3.30465e-16    0.5
6    2    1    2.5     0.866025     -1.0078e-15    2.50342e-16   -1.49349e-16    0.5
10    2    2    3     1.73205     -3.03793e-16    1.47451e-17   -7.1991e-17    0.5
14    2    3    3.5     2.59808     5.99062e-16    -2.94903e-16   5.91893e-16    0.5
3    3    0    3     0     -1.29237e-16    6.33716e-17   6.44233e-16    0.5
7    3    1    3.5     0.866025     5.58229e-16    -2.5186e-16   1.11673e-17    0.5
11    3    2    4     1.73205     -3.98444e-18    -3.55944e-16   3.73616e-16    0.5
15    3    3    4.5     2.59808     4.18746e-16    -1.95211e-16   1.19371e-16    0.5
