#site (in real lattice) site_1 site_2  rx     ry   Sz   Sx  Sy
0    0    0    0     0     8.25658e-16    -1.3045e-07   3.70479e-06    0.000871967
4    0    1    0.5     0.866025     3.03589e-17    2.34042e-07   -3.31822e-06    0.000871969
8    0    2    1     1.73205     -6.39086e-18    3.74785e-08   -3.42762e-07    0.000871973
12    0    3    1.5     2.59808     1.16041e-16    -3.27006e-07   6.68024e-06    0.000871956
1    1    0    1     0     4.11338e-14    0.498578   0.0274705    0.999128
5    1    1    1.5     0.866025     -2.31998e-15    -0.497504   -0.0427144    0.999128
9    1    2    2     1.73205     7.84095e-16    0.497929   0.0374375    0.999128
13    1    3    2.5     2.59808     4.54914e-14    -0.499255   -0.00889969    0.999128
2    2    0    2     0     2.32536e-17    1.6905e-07   -2.36982e-06    0.000871969
6    2    1    2.5     0.866025     -3.10531e-17    9.75005e-08   -1.22474e-06    0.000871974
10    2    2    3     1.73205     4.43318e-16    -2.62096e-07   5.73185e-06    0.000871957
14    2    3    3.5     2.59808     1.16124e-15    -1.90466e-07   4.58678e-06    0.000871966
3    3    0    3     0     -1.8735e-16    0.498062   0.0356174    0.999128
7    3    1    3.5     0.866025     3.20924e-16    -0.498016   -0.0362549    0.999128
11    3    2    4     1.73205     5.82867e-16    0.498074   0.0354567    0.999128
15    3    3    4.5     2.59808     -3.64292e-17    -0.498319   -0.0318274    0.999128
