#site (in real lattice) site_1 site_2  rx     ry   Sz   Sx  Sy
0    0    0    0     0     1.47015e-09    1.47222e-08   3.74803e-08    0.5
4    0    1    0.5     0.866025     -1.20302e-08    3.34703e-09   2.19167e-08    0.5
8    0    2    1     1.73205     8.95311e-09    2.39182e-08   1.99943e-08    0.5
12    0    3    1.5     2.59808     8.25317e-09    1.89282e-08   3.65094e-08    0.5
1    1    0    1     0     -3.34256e-09    2.54277e-08   2.56871e-08    0.5
5    1    1    1.5     0.866025     -6.68118e-09    4.67942e-09   4.08259e-08    0.5
9    1    2    2     1.73205     2.54802e-10    2.06985e-08   2.02101e-09    0.5
13    1    3    2.5     2.59808     5.63282e-09    3.2405e-08   5.16073e-09    0.5
2    2    0    2     0     1.49578e-09    1.11817e-08   1.5783e-08    0.5
6    2    1    2.5     0.866025     8.80902e-09    1.59604e-08   2.22969e-08    0.5
10    2    2    3     1.73205     5.45115e-10    1.09881e-08   1.16075e-08    0.5
14    2    3    3.5     2.59808     3.19853e-09    2.33702e-08   1.31433e-08    0.5
3    3    0    3     0     2.23451e-09    2.87353e-08   1.42545e-08    0.5
7    3    1    3.5     0.866025     1.47675e-09    9.89536e-09   2.58776e-08    0.5
11    3    2    4     1.73205     6.10187e-10    8.79302e-09   1.51615e-08    0.5
15    3    3    4.5     2.59808     1.33574e-09    1.09418e-08   1.41974e-08    0.5
