#site (in real lattice) site_1 site_2  rx     ry   Sz   Sx  Sy
0    0    0    0     0     8.91011e-15    9.61473e-14   8.71307e-14    0.5
4    0    1    0.5     0.866025     1.86919e-15    1.85368e-13   -2.52089e-13    0.5
8    0    2    1     1.73205     5.5529e-14    8.56133e-14   -1.21944e-13    0.5
12    0    3    1.5     2.59808     -1.90533e-14    -8.54316e-14   2.29811e-13    0.5
1    1    0    1     0     7.33146e-14    3.09253e-13   4.50785e-13    0.5
5    1    1    1.5     0.866025     4.47732e-15    1.57331e-14   6.79888e-13    0.5
9    1    2    2     1.73205     -6.20328e-14    -9.567e-14   4.27852e-13    0.5
13    1    3    2.5     2.59808     1.1908e-14    1.11844e-13   1.06179e-13    0.5
2    2    0    2     0     1.16368e-13    2.97578e-13   6.04993e-13    0.5
6    2    1    2.5     0.866025     3.89221e-14    3.44998e-13   -2.3792e-13    0.5
10    2    2    3     1.73205     -1.36561e-15    -1.36819e-13   -7.10314e-14    0.5
14    2    3    3.5     2.59808     -5.33536e-15    -2.33668e-13   5.59726e-13    0.5
3    3    0    3     0     7.10968e-14    4.81566e-14   5.47683e-13    0.5
7    3    1    3.5     0.866025     -4.71116e-14    -5.21925e-13   1.70588e-13    0.5
11    3    2    4     1.73205     -8.81326e-15    -1.79272e-13   -2.6007e-14    0.5
15    3    3    4.5     2.59808     -4.80805e-14    -3.81785e-13   2.11699e-13    0.5
