#site (in real lattice) site_1 site_2  rx     ry   Sz   Sx  Sy
0    0    0    0     0     5.11017e-13    1.90096e-10   3.37338e-11    0.500002
4    0    1    0.5     0.866025     -7.39417e-13    3.7591e-10   -6.3776e-10    0.500002
8    0    2    1     1.73205     -9.78238e-13    1.86294e-10   -3.82201e-10    0.500002
12    0    3    1.5     2.59808     3.41538e-13    -1.63505e-10   3.19141e-10    0.500002
1    1    0    1     0     -6.1201e-14    6.03537e-10   7.30122e-10    0.500002
5    1    1    1.5     0.866025     -4.00778e-13    1.03107e-11   1.21537e-09    0.500002
9    1    2    2     1.73205     -9.44537e-13    -1.96969e-10   7.20661e-10    0.500002
13    1    3    2.5     2.59808     -1.60354e-13    2.38986e-10   5.12879e-11    0.500002
2    2    0    2     0     -1.7316e-12    5.88513e-10   1.03382e-09    0.500002
6    2    1    2.5     0.866025     2.55557e-13    6.98875e-10   -6.43562e-10    0.500002
10    2    2    3     1.73205     -1.17861e-13    -2.54477e-10   -2.73478e-10    0.500002
14    2    3    3.5     2.59808     2.456e-13    -4.63303e-10   9.73931e-10    0.500002
3    3    0    3     0     9.94985e-14    1.06287e-10   9.4416e-10    0.500002
7    3    1    3.5     0.866025     7.43281e-13    -1.03547e-09   2.28186e-10    0.500002
11    3    2    4     1.73205     -8.73554e-13    -3.23202e-10   -1.78766e-10    0.500002
15    3    3    4.5     2.59808     5.32426e-14    -7.44268e-10   2.57651e-10    0.500002
