#alpha(site in real lattice)   0up   0dn  1up     1dn
0    0.289766    0.238231    0.289789    0.23825    0.501611    0.4124    
12    0.289766    0.238231    0.289789    0.23825    0.501611    0.4124    
24    0.289766    0.238231    0.289789    0.23825    0.501611    0.4124    
6    0.533425    0.438556    0.533427    0.438557    0.047191    0.0387981    
18    0.533425    0.438556    0.533427    0.438557    0.047191    0.0387981    
30    0.533425    0.438556    0.533427    0.438557    0.047191    0.0387981    
2    0.289766    0.238231    0.289789    0.23825    0.501611    0.4124    
14    0.289766    0.238231    0.289789    0.23825    0.501611    0.4124    
26    0.289766    0.238231    0.289789    0.23825    0.501611    0.4124    
8    0.533425    0.438556    0.533427    0.438557    0.047191    0.0387981    
20    0.533425    0.438556    0.533427    0.438557    0.047191    0.0387981    
32    0.533425    0.438556    0.533427    0.438557    0.047191    0.0387981    
4    0.289766    0.238231    0.289789    0.23825    0.501611    0.4124    
16    0.289766    0.238231    0.289789    0.23825    0.501611    0.4124    
28    0.289766    0.238231    0.289789    0.23825    0.501611    0.4124    
10    0.533425    0.438556    0.533427    0.438557    0.047191    0.0387981    
22    0.533425    0.438556    0.533427    0.438557    0.047191    0.0387981    
34    0.533425    0.438556    0.533427    0.438557    0.047191    0.0387981    
1    0.533425    0.438556    0.533427    0.438557    0.047191    0.0387981    
13    0.533425    0.438556    0.533427    0.438557    0.047191    0.0387981    
25    0.533425    0.438556    0.533427    0.438557    0.047191    0.0387981    
7    0.289766    0.238231    0.289789    0.23825    0.501611    0.4124    
19    0.289766    0.238231    0.289789    0.23825    0.501611    0.4124    
31    0.289766    0.238231    0.289789    0.23825    0.501611    0.4124    
3    0.533425    0.438556    0.533427    0.438557    0.047191    0.0387981    
15    0.533425    0.438556    0.533427    0.438557    0.047191    0.0387981    
27    0.533425    0.438556    0.533427    0.438557    0.047191    0.0387981    
9    0.289766    0.238231    0.289789    0.23825    0.501611    0.4124    
21    0.289766    0.238231    0.289789    0.23825    0.501611    0.4124    
33    0.289766    0.238231    0.289789    0.23825    0.501611    0.4124    
5    0.533425    0.438556    0.533427    0.438557    0.047191    0.0387981    
17    0.533425    0.438556    0.533427    0.438557    0.047191    0.0387981    
29    0.533425    0.438556    0.533427    0.438557    0.047191    0.0387981    
11    0.289766    0.238231    0.289789    0.23825    0.501611    0.4124    
23    0.289766    0.238231    0.289789    0.23825    0.501611    0.4124    
35    0.289766    0.238231    0.289789    0.23825    0.501611    0.4124    
