#site (in real lattice) site_1 site_2  rx     ry   Sz   Sx  Sy
0    0    0    0     0     1.39212e-16    1.022e-16   2.07824e-16    0.5
4    0    1    0.5     0.866025     6.96166e-16    2.35597e-16   3.47758e-16    0.5
8    0    2    1     1.73205     6.92697e-16    8.68056e-17   -8.13668e-17    0.5
12    0    3    1.5     2.59808     -3.07642e-16    4.29344e-17   4.19722e-17    0.5
1    1    0    1     0     1.02869e-15    4.33681e-16   3.01842e-16    0.5
5    1    1    1.5     0.866025     4.16334e-16    -1.98626e-16   2.35922e-16    0.5
9    1    2    2     1.73205     -7.72819e-16    1.34441e-16   6.30572e-16    0.5
13    1    3    2.5     2.59808     5.48173e-16    1.85615e-16   3.36536e-16    0.5
2    2    0    2     0     -1.41055e-16    9.84134e-17   2.06955e-16    0.5
6    2    1    2.5     0.866025     -4.61436e-16    5.55112e-16   3.4914e-16    0.5
10    2    2    3     1.73205     -1.20997e-16    3.65969e-16   2.37568e-16    0.5
14    2    3    3.5     2.59808     -4.92499e-16    -1.16985e-16   1.87852e-16    0.5
3    3    0    3     0     6.43582e-16    1.36176e-16   5.0307e-17    0.5
7    3    1    3.5     0.866025     -2.04697e-16    -1.19262e-16   5.3256e-16    0.5
11    3    2    4     1.73205     2.40259e-16    -2.15973e-16   3.64292e-16    0.5
15    3    3    4.5     2.59808     -1.70003e-16    -1.71304e-16   2.81025e-16    0.5
