#site (in real lattice) site_1 site_2  rx  ry   Tz   Tx  Ty  |T|
0    0    0    0subltc_0   0     0     0.352061    0.293126   -0.00101116    0.458116     
4    0    1    4subltc_0   0     2     -0.365074    0.269856   -0.000372993    0.453983     
8    0    2    8subltc_0   0     4     0.352061    0.293126   -0.00101116    0.458116     
12    0    3    12subltc_0   0     6     -0.365074    0.269856   -0.000372993    0.453983     

1    1    0    1subltc_0   2     0     -0.360258    0.292499   -0.00163509    0.464052     
5    1    1    5subltc_0   2     2     0.399858    0.206105   -0.00147537    0.449853     
9    1    2    9subltc_0   2     4     -0.360258    0.292499   -0.00163509    0.464052     
13    1    3    13subltc_0   2     6     0.399858    0.206105   -0.00147537    0.449853     

2    2    0    2subltc_0   4     0     0.352061    0.293126   -0.00101116    0.458116     
6    2    1    6subltc_0   4     2     -0.365074    0.269856   -0.000372993    0.453983     
10    2    2    10subltc_0   4     4     0.352061    0.293126   -0.00101116    0.458116     
14    2    3    14subltc_0   4     6     -0.365074    0.269856   -0.000372993    0.453983     

3    3    0    3subltc_0   6     0     -0.360258    0.292499   -0.00163509    0.464052     
7    3    1    7subltc_0   6     2     0.399858    0.206105   -0.00147537    0.449853     
11    3    2    11subltc_0   6     4     -0.360258    0.292499   -0.00163509    0.464052     
15    3    3    15subltc_0   6     6     0.399858    0.206105   -0.00147537    0.449853     

