#site (in real lattice) site_1 site_2  rx     ry   Sz   Sx  Sy
0    0    0    0     0     -1.09117e-15    2.26019e-16   3.07656e-16    0.500001
4    0    1    0.5     0.866025     -1.89475e-15    2.75821e-16   -3.80555e-16    0.500001
8    0    2    1     1.73205     1.3327e-15    3.34609e-16   -1.40404e-17    0.500001
12    0    3    1.5     2.59808     1.6623e-15    -1.72605e-16   4.6328e-16    0.500001
1    1    0    1     0     -2.28116e-16    7.93202e-16   1.05558e-15    0.500001
5    1    1    1.5     0.866025     4.51895e-16    1.17961e-16   1.51615e-15    0.500001
9    1    2    2     1.73205     2.47198e-16    -2.86663e-16   1.51008e-15    0.500001
13    1    3    2.5     2.59808     -4.91794e-16    3.29597e-17   3.1572e-16    0.500001
2    2    0    2     0     -1.86984e-15    8.90784e-16   1.74036e-15    0.500001
6    2    1    2.5     0.866025     -2.99196e-15    1.18482e-15   -5.31042e-16    0.500001
10    2    2    3     1.73205     3.96954e-16    -3.61246e-16   -1.06143e-16    0.500001
14    2    3    3.5     2.59808     -9.58868e-16    -4.94396e-16   1.29692e-15    0.500001
3    3    0    3     0     -3.56486e-16    -3.42608e-17   1.44069e-15    0.500001
7    3    1    3.5     0.866025     -1.17788e-15    -1.47105e-15   6.81746e-16    0.500001
11    3    2    4     1.73205     1.83013e-16    -5.51425e-16   4.08527e-16    0.500001
15    3    3    4.5     2.59808     -6.8695e-16    -9.26342e-16   6.59195e-16    0.500001
