#site (in real lattice) site_1 site_2  rx     ry   Sz   Sx  Sy
0    0    0    0     0     1.05862e-15    8.05508e-16   1.05103e-15    0.500001
4    0    1    0.5     0.866025     -1.66322e-15    1.36939e-15   -1.61915e-15    0.500001
8    0    2    1     1.73205     -2.72265e-15    5.72621e-16   -6.48407e-16    0.500001
12    0    3    1.5     2.59808     -5.03287e-16    -7.20832e-16   2.10704e-15    0.500001
1    1    0    1     0     2.20483e-15    2.65125e-15   4.08007e-15    0.500001
5    1    1    1.5     0.866025     1.25464e-15    -8.89046e-17   5.93015e-15    0.500001
9    1    2    2     1.73205     2.44596e-16    -9.02273e-16   4.09048e-15    0.500001
13    1    3    2.5     2.59808     2.94643e-15    1.01828e-15   1.21778e-15    0.500001
2    2    0    2     0     -5.50395e-16    2.49486e-15   5.54878e-15    0.500001
6    2    1    2.5     0.866025     -1.07108e-15    3.00174e-15   -1.60592e-15    0.500001
10    2    2    3     1.73205     -4.97486e-16    -1.18753e-15   -3.54697e-16    0.500001
14    2    3    3.5     2.59808     -7.539e-16    -1.98896e-15   4.96695e-15    0.500001
3    3    0    3     0     -6.59195e-17    3.12088e-16   5.31172e-15    0.500001
7    3    1    3.5     0.866025     -1.05471e-15    -4.24617e-15   1.56385e-15    0.500001
11    3    2    4     1.73205     -1.0339e-15    -1.53203e-15   2.98372e-16    0.500001
15    3    3    4.5     2.59808     -1.90689e-15    -3.41697e-15   2.25861e-15    0.500001
