#site (in real lattice) site_1 site_2  rx  ry   Sz   Sx  Sy  |S|  <n>
0    0    0    0subltc_0_orb_0   0     0     -0.00807039    0.445655   0.192644    0.485577   1.02885     
0    0    0    0subltc_1_orb_0   0.866025     0.5     -0.000239722    0.0132373   0.00572211    0.0144231   1.97115     
6    0    1    6subltc_0_orb_0   0.866025     1.5     -0.00807039    0.445655   0.192644    0.485577   1.02885     
6    0    1    6subltc_1_orb_0   1.73205     2     -0.000239722    0.0132373   0.00572211    0.0144231   1.97115     
12    0    2    12subltc_0_orb_0   1.73205     3     -0.00807039    0.445655   0.192644    0.485577   1.02885     
12    0    2    12subltc_1_orb_0   2.59808     3.5     -0.000239722    0.0132373   0.00572211    0.0144231   1.97115     
18    0    3    18subltc_0_orb_0   2.59808     4.5     -0.00807039    0.445655   0.192644    0.485577   1.02885     
18    0    3    18subltc_1_orb_0   3.4641     5     -0.000239722    0.0132373   0.00572211    0.0144231   1.97115     
24    0    4    24subltc_0_orb_0   3.4641     6     -0.00807039    0.445655   0.192644    0.485577   1.02885     
24    0    4    24subltc_1_orb_0   4.33013     6.5     -0.000239722    0.0132373   0.00572211    0.0144231   1.97115     
30    0    5    30subltc_0_orb_0   4.33013     7.5     -0.00807039    0.445655   0.192644    0.485577   1.02885     
30    0    5    30subltc_1_orb_0   5.19615     8     -0.000239722    0.0132373   0.00572211    0.0144231   1.97115     
1    1    0    1subltc_0_orb_0   1.73205     0     -0.00807039    0.445655   0.192644    0.485577   1.02885     
1    1    0    1subltc_1_orb_0   2.59808     0.5     -0.000239722    0.0132373   0.00572211    0.0144231   1.97115     
7    1    1    7subltc_0_orb_0   2.59808     1.5     -0.00807039    0.445655   0.192644    0.485577   1.02885     
7    1    1    7subltc_1_orb_0   3.4641     2     -0.000239722    0.0132373   0.00572211    0.0144231   1.97115     
13    1    2    13subltc_0_orb_0   3.4641     3     -0.00807039    0.445655   0.192644    0.485577   1.02885     
13    1    2    13subltc_1_orb_0   4.33013     3.5     -0.000239722    0.0132373   0.00572211    0.0144231   1.97115     
19    1    3    19subltc_0_orb_0   4.33013     4.5     -0.00807039    0.445655   0.192644    0.485577   1.02885     
19    1    3    19subltc_1_orb_0   5.19615     5     -0.000239722    0.0132373   0.00572211    0.0144231   1.97115     
25    1    4    25subltc_0_orb_0   5.19615     6     -0.00807039    0.445655   0.192644    0.485577   1.02885     
25    1    4    25subltc_1_orb_0   6.06218     6.5     -0.000239722    0.0132373   0.00572211    0.0144231   1.97115     
31    1    5    31subltc_0_orb_0   6.06218     7.5     -0.00807039    0.445655   0.192644    0.485577   1.02885     
31    1    5    31subltc_1_orb_0   6.9282     8     -0.000239722    0.0132373   0.00572211    0.0144231   1.97115     
2    2    0    2subltc_0_orb_0   3.4641     0     -0.00807039    0.445655   0.192644    0.485577   1.02885     
2    2    0    2subltc_1_orb_0   4.33013     0.5     -0.000239722    0.0132373   0.00572211    0.0144231   1.97115     
8    2    1    8subltc_0_orb_0   4.33013     1.5     -0.00807039    0.445655   0.192644    0.485577   1.02885     
8    2    1    8subltc_1_orb_0   5.19615     2     -0.000239722    0.0132373   0.00572211    0.0144231   1.97115     
14    2    2    14subltc_0_orb_0   5.19615     3     -0.00807039    0.445655   0.192644    0.485577   1.02885     
14    2    2    14subltc_1_orb_0   6.06218     3.5     -0.000239722    0.0132373   0.00572211    0.0144231   1.97115     
20    2    3    20subltc_0_orb_0   6.06218     4.5     -0.00807039    0.445655   0.192644    0.485577   1.02885     
20    2    3    20subltc_1_orb_0   6.9282     5     -0.000239722    0.0132373   0.00572211    0.0144231   1.97115     
26    2    4    26subltc_0_orb_0   6.9282     6     -0.00807039    0.445655   0.192644    0.485577   1.02885     
26    2    4    26subltc_1_orb_0   7.79423     6.5     -0.000239722    0.0132373   0.00572211    0.0144231   1.97115     
32    2    5    32subltc_0_orb_0   7.79423     7.5     -0.00807039    0.445655   0.192644    0.485577   1.02885     
32    2    5    32subltc_1_orb_0   8.66025     8     -0.000239722    0.0132373   0.00572211    0.0144231   1.97115     
3    3    0    3subltc_0_orb_0   5.19615     0     -0.00807039    0.445655   0.192644    0.485577   1.02885     
3    3    0    3subltc_1_orb_0   6.06218     0.5     -0.000239722    0.0132373   0.00572211    0.0144231   1.97115     
9    3    1    9subltc_0_orb_0   6.06218     1.5     -0.00807039    0.445655   0.192644    0.485577   1.02885     
9    3    1    9subltc_1_orb_0   6.9282     2     -0.000239722    0.0132373   0.00572211    0.0144231   1.97115     
15    3    2    15subltc_0_orb_0   6.9282     3     -0.00807039    0.445655   0.192644    0.485577   1.02885     
15    3    2    15subltc_1_orb_0   7.79423     3.5     -0.000239722    0.0132373   0.00572211    0.0144231   1.97115     
21    3    3    21subltc_0_orb_0   7.79423     4.5     -0.00807039    0.445655   0.192644    0.485577   1.02885     
21    3    3    21subltc_1_orb_0   8.66025     5     -0.000239722    0.0132373   0.00572211    0.0144231   1.97115     
27    3    4    27subltc_0_orb_0   8.66025     6     -0.00807039    0.445655   0.192644    0.485577   1.02885     
27    3    4    27subltc_1_orb_0   9.52628     6.5     -0.000239722    0.0132373   0.00572211    0.0144231   1.97115     
33    3    5    33subltc_0_orb_0   9.52628     7.5     -0.00807039    0.445655   0.192644    0.485577   1.02885     
33    3    5    33subltc_1_orb_0   10.3923     8     -0.000239722    0.0132373   0.00572211    0.0144231   1.97115     
4    4    0    4subltc_0_orb_0   6.9282     0     -0.00807039    0.445655   0.192644    0.485577   1.02885     
4    4    0    4subltc_1_orb_0   7.79423     0.5     -0.000239722    0.0132373   0.00572211    0.0144231   1.97115     
10    4    1    10subltc_0_orb_0   7.79423     1.5     -0.00807039    0.445655   0.192644    0.485577   1.02885     
10    4    1    10subltc_1_orb_0   8.66025     2     -0.000239722    0.0132373   0.00572211    0.0144231   1.97115     
16    4    2    16subltc_0_orb_0   8.66025     3     -0.00807039    0.445655   0.192644    0.485577   1.02885     
16    4    2    16subltc_1_orb_0   9.52628     3.5     -0.000239722    0.0132373   0.00572211    0.0144231   1.97115     
22    4    3    22subltc_0_orb_0   9.52628     4.5     -0.00807039    0.445655   0.192644    0.485577   1.02885     
22    4    3    22subltc_1_orb_0   10.3923     5     -0.000239722    0.0132373   0.00572211    0.0144231   1.97115     
28    4    4    28subltc_0_orb_0   10.3923     6     -0.00807039    0.445655   0.192644    0.485577   1.02885     
28    4    4    28subltc_1_orb_0   11.2583     6.5     -0.000239722    0.0132373   0.00572211    0.0144231   1.97115     
34    4    5    34subltc_0_orb_0   11.2583     7.5     -0.00807039    0.445655   0.192644    0.485577   1.02885     
34    4    5    34subltc_1_orb_0   12.1244     8     -0.000239722    0.0132373   0.00572211    0.0144231   1.97115     
5    5    0    5subltc_0_orb_0   8.66025     0     -0.00807039    0.445655   0.192644    0.485577   1.02885     
5    5    0    5subltc_1_orb_0   9.52628     0.5     -0.000239722    0.0132373   0.00572211    0.0144231   1.97115     
11    5    1    11subltc_0_orb_0   9.52628     1.5     -0.00807039    0.445655   0.192644    0.485577   1.02885     
11    5    1    11subltc_1_orb_0   10.3923     2     -0.000239722    0.0132373   0.00572211    0.0144231   1.97115     
17    5    2    17subltc_0_orb_0   10.3923     3     -0.00807039    0.445655   0.192644    0.485577   1.02885     
17    5    2    17subltc_1_orb_0   11.2583     3.5     -0.000239722    0.0132373   0.00572211    0.0144231   1.97115     
23    5    3    23subltc_0_orb_0   11.2583     4.5     -0.00807039    0.445655   0.192644    0.485577   1.02885     
23    5    3    23subltc_1_orb_0   12.1244     5     -0.000239722    0.0132373   0.00572211    0.0144231   1.97115     
29    5    4    29subltc_0_orb_0   12.1244     6     -0.00807039    0.445655   0.192644    0.485577   1.02885     
29    5    4    29subltc_1_orb_0   12.9904     6.5     -0.000239722    0.0132373   0.00572211    0.0144231   1.97115     
35    5    5    35subltc_0_orb_0   12.9904     7.5     -0.00807039    0.445655   0.192644    0.485577   1.02885     
35    5    5    35subltc_1_orb_0   13.8564     8     -0.000239722    0.0132373   0.00572211    0.0144231   1.97115     
