0    0    0    0subltc_0_orb_1   0     0     0.00816393    0.0290178   -0.0110088    0.0320917   0.0644876     
4    0    1    4subltc_0_orb_1   0     2     -0.00814715    -0.0290152   0.0110281    0.0320917   0.0644876     
8    0    2    8subltc_0_orb_1   0     4     0.00816393    0.0290178   -0.0110088    0.0320917   0.0644876     
12    0    3    12subltc_0_orb_1   0     6     -0.00814715    -0.0290152   0.0110281    0.0320917   0.0644876     
1    1    0    1subltc_0_orb_1   2     0     -0.00816393    -0.0290178   0.0110088    0.0320917   0.0644876     
5    1    1    5subltc_0_orb_1   2     2     0.00814715    0.0290152   -0.0110281    0.0320917   0.0644876     
9    1    2    9subltc_0_orb_1   2     4     -0.00816393    -0.0290178   0.0110088    0.0320917   0.0644876     
13    1    3    13subltc_0_orb_1   2     6     0.00814715    0.0290152   -0.0110281    0.0320917   0.0644876     
2    2    0    2subltc_0_orb_1   4     0     0.00816393    0.0290178   -0.0110088    0.0320917   0.0644876     
6    2    1    6subltc_0_orb_1   4     2     -0.00814715    -0.0290152   0.0110281    0.0320917   0.0644876     
10    2    2    10subltc_0_orb_1   4     4     0.00816393    0.0290178   -0.0110088    0.0320917   0.0644876     
14    2    3    14subltc_0_orb_1   4     6     -0.00814715    -0.0290152   0.0110281    0.0320917   0.0644876     
3    3    0    3subltc_0_orb_1   6     0     -0.00816393    -0.0290178   0.0110088    0.0320917   0.0644876     
7    3    1    7subltc_0_orb_1   6     2     0.00814715    0.0290152   -0.0110281    0.0320917   0.0644876     
11    3    2    11subltc_0_orb_1   6     4     -0.00816393    -0.0290178   0.0110088    0.0320917   0.0644876     
15    3    3    15subltc_0_orb_1   6     6     0.00814715    0.0290152   -0.0110281    0.0320917   0.0644876     
