#alpha(site in real lattice)   0up   0dn  1up     1dn
0    0.248986    0.251014    0.248986    0.251014    0.248986    0.251014    
12    0.248986    0.251014    0.248986    0.251014    0.248986    0.251014    
24    0.248986    0.251014    0.248986    0.251014    0.248986    0.251014    
2    0.248986    0.251014    0.248986    0.251014    0.248986    0.251014    
14    0.248986    0.251014    0.248986    0.251014    0.248986    0.251014    
26    0.248986    0.251014    0.248986    0.251014    0.248986    0.251014    
4    0.248986    0.251014    0.248986    0.251014    0.248986    0.251014    
16    0.248986    0.251014    0.248986    0.251014    0.248986    0.251014    
28    0.248986    0.251014    0.248986    0.251014    0.248986    0.251014    
6    0.248987    0.251013    0.248988    0.251012    0.248986    0.251014    
18    0.248987    0.251013    0.248988    0.251012    0.248986    0.251014    
30    0.248987    0.251013    0.248988    0.251012    0.248986    0.251014    
8    0.248987    0.251013    0.248988    0.251012    0.248986    0.251014    
20    0.248987    0.251013    0.248988    0.251012    0.248986    0.251014    
32    0.248987    0.251013    0.248988    0.251012    0.248986    0.251014    
10    0.248987    0.251013    0.248988    0.251012    0.248986    0.251014    
22    0.248987    0.251013    0.248988    0.251012    0.248986    0.251014    
34    0.248987    0.251013    0.248988    0.251012    0.248986    0.251014    
1    0.248987    0.251013    0.248986    0.251014    0.248988    0.251012    
13    0.248987    0.251013    0.248986    0.251014    0.248988    0.251012    
25    0.248987    0.251013    0.248986    0.251014    0.248988    0.251012    
3    0.248987    0.251013    0.248986    0.251014    0.248988    0.251012    
15    0.248987    0.251013    0.248986    0.251014    0.248988    0.251012    
27    0.248987    0.251013    0.248986    0.251014    0.248988    0.251012    
5    0.248987    0.251013    0.248986    0.251014    0.248988    0.251012    
17    0.248987    0.251013    0.248986    0.251014    0.248988    0.251012    
29    0.248987    0.251013    0.248986    0.251014    0.248988    0.251012    
7    0.248988    0.251012    0.248988    0.251012    0.248988    0.251012    
19    0.248988    0.251012    0.248988    0.251012    0.248988    0.251012    
31    0.248988    0.251012    0.248988    0.251012    0.248988    0.251012    
9    0.248988    0.251012    0.248988    0.251012    0.248988    0.251012    
21    0.248988    0.251012    0.248988    0.251012    0.248988    0.251012    
33    0.248988    0.251012    0.248988    0.251012    0.248988    0.251012    
11    0.248988    0.251012    0.248988    0.251012    0.248988    0.251012    
23    0.248988    0.251012    0.248988    0.251012    0.248988    0.251012    
35    0.248988    0.251012    0.248988    0.251012    0.248988    0.251012    
