#site (in real lattice) site_1 site_2  rx     ry   Sz   Sx  Sy
0    0    0    0     0     -4.05513e-15    -1.30538e-07   3.70744e-06    0.000871967
4    0    1    0.5     0.866025     -5.74324e-16    2.34157e-07   -3.319e-06    0.000871969
8    0    2    1     1.73205     -1.90559e-15    3.73244e-08   -3.42127e-07    0.000871973
12    0    3    1.5     2.59808     6.80948e-15    -3.27342e-07   6.6843e-06    0.000871956
1    1    0    1     0     -3.04222e-13    0.498578   0.0274713    0.999128
5    1    1    1.5     0.866025     -4.056e-14    -0.497503   -0.0427194    0.999128
9    1    2    2     1.73205     -2.60972e-14    0.497928   0.0374431    0.999128
13    1    3    2.5     2.59808     3.58782e-11    -0.499255   -0.00888821    0.999128
2    2    0    2     0     3.64652e-15    1.69138e-07   -2.37015e-06    0.000871969
6    2    1    2.5     0.866025     -5.06322e-16    9.74018e-08   -1.22452e-06    0.000871973
10    2    2    3     1.73205     1.75113e-13    -2.62326e-07   5.73546e-06    0.000871957
14    2    3    3.5     2.59808     1.38184e-11    -1.90628e-07   4.58983e-06    0.000871966
3    3    0    3     0     -3.81917e-14    0.498062   0.0356182    0.999128
7    3    1    3.5     0.866025     -4.72972e-15    -0.498016   -0.0362552    0.999128
11    3    2    4     1.73205     -6.21239e-14    0.498073   0.0354574    0.999128
15    3    3    4.5     2.59808     -9.84213e-14    -0.498319   -0.0318256    0.999128
