0    0    0    0subltc_0_orb_0   0     0     0.118613    0.42109   -0.159572    0.465671   0.935512     
4    0    1    4subltc_0_orb_0   0     2     -0.118071    -0.421005   0.160197    0.465671   0.935512     
8    0    2    8subltc_0_orb_0   0     4     0.118613    0.42109   -0.159572    0.465671   0.935512     
12    0    3    12subltc_0_orb_0   0     6     -0.118071    -0.421005   0.160197    0.465671   0.935512     
1    1    0    1subltc_0_orb_0   2     0     -0.118613    -0.42109   0.159572    0.465671   0.935512     
5    1    1    5subltc_0_orb_0   2     2     0.118071    0.421005   -0.160197    0.465671   0.935512     
9    1    2    9subltc_0_orb_0   2     4     -0.118613    -0.42109   0.159572    0.465671   0.935512     
13    1    3    13subltc_0_orb_0   2     6     0.118071    0.421005   -0.160197    0.465671   0.935512     
2    2    0    2subltc_0_orb_0   4     0     0.118613    0.42109   -0.159572    0.465671   0.935512     
6    2    1    6subltc_0_orb_0   4     2     -0.118071    -0.421005   0.160197    0.465671   0.935512     
10    2    2    10subltc_0_orb_0   4     4     0.118613    0.42109   -0.159572    0.465671   0.935512     
14    2    3    14subltc_0_orb_0   4     6     -0.118071    -0.421005   0.160197    0.465671   0.935512     
3    3    0    3subltc_0_orb_0   6     0     -0.118613    -0.42109   0.159572    0.465671   0.935512     
7    3    1    7subltc_0_orb_0   6     2     0.118071    0.421005   -0.160197    0.465671   0.935512     
11    3    2    11subltc_0_orb_0   6     4     -0.118613    -0.42109   0.159572    0.465671   0.935512     
15    3    3    15subltc_0_orb_0   6     6     0.118071    0.421005   -0.160197    0.465671   0.935512     
