0    0    0    0subltc_0_orb_2   0     0     -7.7514e-34    -2.68192e-33   -1.10021e-33    3.00066e-33   1.48406e-32     
4    0    1    4subltc_0_orb_2   0     2     4.33009e-32    -4.21676e-33   -5.15199e-34    4.35088e-32   8.96267e-32     
8    0    2    8subltc_0_orb_2   0     4     -7.7514e-34    -2.68192e-33   -1.10021e-33    3.00066e-33   1.48406e-32     
12    0    3    12subltc_0_orb_2   0     6     4.33009e-32    -4.21676e-33   -5.15199e-34    4.35088e-32   8.96267e-32     
1    1    0    1subltc_0_orb_2   2     0     -3.11597e-34    -9.75856e-35   1.54214e-33    1.57633e-33   9.36093e-33     
5    1    1    5subltc_0_orb_2   2     2     8.87598e-33    1.11737e-33   3.95545e-34    8.95478e-33   1.84871e-32     
9    1    2    9subltc_0_orb_2   2     4     -3.11597e-34    -9.75856e-35   1.54214e-33    1.57633e-33   9.36093e-33     
13    1    3    13subltc_0_orb_2   2     6     8.87598e-33    1.11737e-33   3.95545e-34    8.95478e-33   1.84871e-32     
2    2    0    2subltc_0_orb_2   4     0     -7.7514e-34    -2.68192e-33   -1.10021e-33    3.00066e-33   1.48406e-32     
6    2    1    6subltc_0_orb_2   4     2     4.33009e-32    -4.21676e-33   -5.15199e-34    4.35088e-32   8.96267e-32     
10    2    2    10subltc_0_orb_2   4     4     -7.7514e-34    -2.68192e-33   -1.10021e-33    3.00066e-33   1.48406e-32     
14    2    3    14subltc_0_orb_2   4     6     4.33009e-32    -4.21676e-33   -5.15199e-34    4.35088e-32   8.96267e-32     
3    3    0    3subltc_0_orb_2   6     0     -3.11597e-34    -9.75856e-35   1.54214e-33    1.57633e-33   9.36093e-33     
7    3    1    7subltc_0_orb_2   6     2     8.87598e-33    1.11737e-33   3.95545e-34    8.95478e-33   1.84871e-32     
11    3    2    11subltc_0_orb_2   6     4     -3.11597e-34    -9.75856e-35   1.54214e-33    1.57633e-33   9.36093e-33     
15    3    3    15subltc_0_orb_2   6     6     8.87598e-33    1.11737e-33   3.95545e-34    8.95478e-33   1.84871e-32     
