#site (in real lattice) site_1 site_2  rx     ry   Sz   Sx  Sy
0    0    0    0     0     3.81639e-17    3.44343e-16   6.17562e-16    0.5
4    0    1    0.5     0.866025     2.10335e-16    3.37404e-16   7.13839e-16    0.5
8    0    2    1     1.73205     4.04191e-16    4.19803e-16   4.49293e-16    0.5
12    0    3    1.5     2.59808     -5.20417e-17    2.65413e-16   5.22152e-16    0.5
1    1    0    1     0     3.02384e-16    6.28404e-16   6.35017e-16    0.5
5    1    1    1.5     0.866025     -3.70363e-16    5.50775e-17   8.2833e-16    0.5
9    1    2    2     1.73205     -3.25383e-16    5.43294e-16   3.15828e-16    0.5
13    1    3    2.5     2.59808     4.5363e-16    6.33174e-16   1.88651e-16    0.5
2    2    0    2     0     7.12971e-16    2.23779e-16   6.22766e-16    0.5
6    2    1    2.5     0.866025     -2.23779e-16    6.6093e-16   6.70471e-16    0.5
10    2    2    3     1.73205     3.26128e-16    2.68015e-16   5.9848e-16    0.5
14    2    3    3.5     2.59808     -1.22732e-16    5.42101e-16   4.63171e-16    0.5
3    3    0    3     0     1.04761e-16    7.3368e-16   4.62195e-16    0.5
7    3    1    3.5     0.866025     5.68122e-16    3.13118e-16   6.657e-16    0.5
11    3    2    4     1.73205     1.2406e-16    2.51752e-16   2.76146e-16    0.5
15    3    3    4.5     2.59808     1.87784e-16    2.93168e-16   4.36283e-16    0.5
