#site (in real lattice) site_1 site_2  rx     ry   Sz   Sx  Sy
0    0    0    0     0     -9.08561e-17    1.62556e-16   2.87964e-16    0.5
4    0    1    0.5     0.866025     2.27249e-16    1.79544e-16   4.22839e-16    0.5
8    0    2    1     1.73205     4.38777e-16    1.94032e-16   7.90519e-17    0.5
12    0    3    1.5     2.59808     -8.67362e-18    9.88792e-17   2.61293e-16    0.5
1    1    0    1     0     3.25261e-16    1.94506e-16   6.46184e-17    0.5
5    1    1    1.5     0.866025     -1.09288e-16    -3.64292e-17   3.34368e-16    0.5
9    1    2    2     1.73205     -8.32667e-17    4.67508e-16   3.65593e-16    0.5
13    1    3    2.5     2.59808     -2.51535e-16    3.01842e-16   -5.76796e-17    0.5
2    2    0    2     0     4.56286e-16    2.36946e-16   4.02849e-16    0.5
6    2    1    2.5     0.866025     -8.84709e-17    5.93275e-16   4.9342e-16    0.5
10    2    2    3     1.73205     -9.46508e-17    1.83406e-16   9.29974e-17    0.5
14    2    3    3.5     2.59808     -7.80626e-17    9.28077e-17   2.22587e-16    0.5
3    3    0    3     0     5.17381e-16    3.56703e-16   1.30538e-16    0.5
7    3    1    3.5     0.866025     1.56125e-17    -1.38778e-17   3.22659e-16    0.5
11    3    2    4     1.73205     -1.66533e-16    -1.32273e-17   3.37837e-16    0.5
15    3    3    4.5     2.59808     -4.02456e-16    7.63278e-17   3.46945e-16    0.5
