#site (in real lattice) site_1 site_2  rx     ry   Sz   Sx  Sy
0    0    0    0     0     -1.03426e-11    -1.30656e-07   3.71422e-06    0.000871966
4    0    1    0.5     0.866025     1.0183e-11    2.34218e-07   -3.32102e-06    0.000871969
8    0    2    1     1.73205     2.8797e-13    3.71855e-08   -3.40438e-07    0.000871973
12    0    3    1.5     2.59808     -1.6948e-13    -3.2771e-07   6.69481e-06    0.000871956
1    1    0    1     0     -2.21406e-10    0.498578   0.0274735    0.999128
5    1    1    1.5     0.866025     2.23842e-10    -0.497502   -0.0427323    0.999128
9    1    2    2     1.73205     -1.51275e-10    0.497927   0.0374577    0.999128
13    1    3    2.5     2.59808     1.46136e-10    -0.499256   -0.00885866    0.999128
2    2    0    2     0     1.56635e-14    1.69102e-07   -2.371e-06    0.000871969
6    2    1    2.5     0.866025     1.03258e-11    9.74053e-08   -1.22392e-06    0.000871974
10    2    2    3     1.73205     -1.02072e-11    -2.62593e-07   5.74479e-06    0.000871957
14    2    3    3.5     2.59808     -1.04709e-11    -1.90887e-07   4.59771e-06    0.000871966
3    3    0    3     0     -7.4421e-11    0.498062   0.0356202    0.999128
7    3    1    3.5     0.866025     3.78096e-11    -0.498016   -0.036256    0.999128
11    3    2    4     1.73205     -7.39156e-11    0.498073   0.0354592    0.999128
15    3    3    4.5     2.59808     7.35978e-11    -0.498319   -0.031821    0.999128
