#site (in real lattice) site_1 site_2  rx     ry   Sz   Sx  Sy
0    0    0    0     0     -1.21149e-15    1.84602e-11   4.11546e-11    0.500001
4    0    1    0.5     0.866025     3.1173e-15    7.68585e-12   2.64895e-11    0.500001
8    0    2    1     1.73205     -2.41777e-16    2.71898e-11   2.45716e-11    0.500001
12    0    3    1.5     2.59808     -4.32467e-15    2.24543e-11   4.03421e-11    0.500001
1    1    0    1     0     1.92197e-15    2.88763e-11   2.96556e-11    0.500001
5    1    1    1.5     0.866025     3.64292e-16    8.90834e-12   4.43477e-11    0.500001
9    1    2    2     1.73205     -3.37664e-15    2.43843e-11   7.20966e-12    0.500001
13    1    3    2.5     2.59808     -4.91881e-15    3.51924e-11   1.05157e-11    0.500001
2    2    0    2     0     -1.65948e-15    1.50995e-11   2.05762e-11    0.500001
6    2    1    2.5     0.866025     -4.79825e-15    1.96459e-11   2.68579e-11    0.500001
10    2    2    3     1.73205     -4.2787e-15    1.49163e-11   1.66207e-11    0.500001
14    2    3    3.5     2.59808     -1.12757e-15    2.66704e-11   1.81812e-11    0.500001
3    3    0    3     0     -4.00027e-15    3.20125e-11   1.88093e-11    0.500001
7    3    1    3.5     0.866025     7.13839e-16    1.38526e-11   3.01618e-11    0.500001
11    3    2    4     1.73205     -2.21784e-15    1.30977e-11   1.96724e-11    0.500001
15    3    3    4.5     2.59808     -4.86677e-15    1.48397e-11   1.90873e-11    0.500001
