#site (in real lattice) site_1 site_2  rx     ry   Sz   Sx  Sy
0    0    0    0     0     -1.4615e-16    6.57408e-14   1.22702e-13    0.5
4    0    1    0.5     0.866025     7.28584e-17    4.13992e-14   8.99246e-14    0.5
8    0    2    1     1.73205     7.37257e-18    8.53996e-14   8.52721e-14    0.5
12    0    3    1.5     2.59808     -1.11022e-16    7.46746e-14   1.21191e-13    0.5
1    1    0    1     0     1.63498e-16    9.0246e-14   9.54668e-14    0.5
5    1    1    1.5     0.866025     3.25261e-17    4.408e-14   1.29846e-13    0.5
9    1    2    2     1.73205     3.52366e-17    7.9966e-14   4.48118e-14    0.5
13    1    3    2.5     2.59808     -2.95987e-16    1.03235e-13   5.34343e-14    0.5
2    2    0    2     0     -1.31839e-16    5.81132e-14   7.62498e-14    0.5
6    2    1    2.5     0.866025     -3.46945e-17    6.84071e-14   9.07399e-14    0.5
10    2    2    3     1.73205     9.38919e-17    5.77314e-14   6.74114e-14    0.5
14    2    3    3.5     2.59808     -3.98986e-17    8.42642e-14   7.13214e-14    0.5
3    3    0    3     0     3.81856e-16    9.72761e-14   7.10226e-14    0.5
7    3    1    3.5     0.866025     3.20924e-17    5.52872e-14   9.80748e-14    0.5
11    3    2    4     1.73205     -6.38595e-17    5.46616e-14   7.2959e-14    0.5
15    3    3    4.5     2.59808     2.2855e-16    5.74688e-14   7.30084e-14    0.5
