#site (in real lattice) site_1 site_2  rx  ry   Sz   Sx  Sy  |S|  <n>
0    0    0    0subltc_0_orb_0   0     0     0.193975    -0.40033   0.121849    0.461234   1     
0    0    0    0subltc_1_orb_0   1     0     -0.202126    0.417153   -0.126969    0.480617   1     
0    0    0    0subltc_2_orb_0   0     1     -0.202126    0.417153   -0.126969    0.480617   1     
4    0    1    4subltc_0_orb_0   0     2     0.193975    -0.40033   0.121848    0.461234   1     
4    0    1    4subltc_1_orb_0   1     2     -0.202126    0.417153   -0.126969    0.480617   1     
4    0    1    4subltc_2_orb_0   0     3     -0.202126    0.417153   -0.126969    0.480617   1     
8    0    2    8subltc_0_orb_0   0     4     0.193975    -0.40033   0.121849    0.461234   1     
8    0    2    8subltc_1_orb_0   1     4     -0.202126    0.417153   -0.126969    0.480617   1     
8    0    2    8subltc_2_orb_0   0     5     -0.202126    0.417153   -0.126969    0.480617   1     
12    0    3    12subltc_0_orb_0   0     6     0.193975    -0.40033   0.121848    0.461234   1     
12    0    3    12subltc_1_orb_0   1     6     -0.202126    0.417153   -0.126969    0.480617   1     
12    0    3    12subltc_2_orb_0   0     7     -0.202126    0.417153   -0.126969    0.480617   1     

1    1    0    1subltc_0_orb_0   2     0     0.193975    -0.400329   0.121849    0.461234   1     
1    1    0    1subltc_1_orb_0   3     0     -0.202126    0.417153   -0.126969    0.480617   1     
1    1    0    1subltc_2_orb_0   2     1     -0.202127    0.417153   -0.126969    0.480617   1     
5    1    1    5subltc_0_orb_0   2     2     0.193975    -0.400329   0.121848    0.461234   1     
5    1    1    5subltc_1_orb_0   3     2     -0.202126    0.417153   -0.126969    0.480617   1     
5    1    1    5subltc_2_orb_0   2     3     -0.202127    0.417153   -0.126969    0.480617   1     
9    1    2    9subltc_0_orb_0   2     4     0.193975    -0.400329   0.121849    0.461234   1     
9    1    2    9subltc_1_orb_0   3     4     -0.202126    0.417153   -0.126969    0.480617   1     
9    1    2    9subltc_2_orb_0   2     5     -0.202127    0.417153   -0.126969    0.480617   1     
13    1    3    13subltc_0_orb_0   2     6     0.193975    -0.400329   0.121848    0.461234   1     
13    1    3    13subltc_1_orb_0   3     6     -0.202126    0.417153   -0.126969    0.480617   1     
13    1    3    13subltc_2_orb_0   2     7     -0.202127    0.417153   -0.126969    0.480617   1     

2    2    0    2subltc_0_orb_0   4     0     0.193975    -0.40033   0.121849    0.461234   1     
2    2    0    2subltc_1_orb_0   5     0     -0.202126    0.417153   -0.126969    0.480617   1     
2    2    0    2subltc_2_orb_0   4     1     -0.202126    0.417153   -0.126969    0.480617   1     
6    2    1    6subltc_0_orb_0   4     2     0.193975    -0.40033   0.121848    0.461234   1     
6    2    1    6subltc_1_orb_0   5     2     -0.202126    0.417153   -0.126969    0.480617   1     
6    2    1    6subltc_2_orb_0   4     3     -0.202126    0.417153   -0.126969    0.480617   1     
10    2    2    10subltc_0_orb_0   4     4     0.193975    -0.40033   0.121849    0.461234   1     
10    2    2    10subltc_1_orb_0   5     4     -0.202126    0.417153   -0.126969    0.480617   1     
10    2    2    10subltc_2_orb_0   4     5     -0.202126    0.417153   -0.126969    0.480617   1     
14    2    3    14subltc_0_orb_0   4     6     0.193975    -0.40033   0.121848    0.461234   1     
14    2    3    14subltc_1_orb_0   5     6     -0.202126    0.417153   -0.126969    0.480617   1     
14    2    3    14subltc_2_orb_0   4     7     -0.202126    0.417153   -0.126969    0.480617   1     

3    3    0    3subltc_0_orb_0   6     0     0.193975    -0.400329   0.121849    0.461234   1     
3    3    0    3subltc_1_orb_0   7     0     -0.202126    0.417153   -0.126969    0.480617   1     
3    3    0    3subltc_2_orb_0   6     1     -0.202127    0.417153   -0.126969    0.480617   1     
7    3    1    7subltc_0_orb_0   6     2     0.193975    -0.400329   0.121848    0.461234   1     
7    3    1    7subltc_1_orb_0   7     2     -0.202126    0.417153   -0.126969    0.480617   1     
7    3    1    7subltc_2_orb_0   6     3     -0.202127    0.417153   -0.126969    0.480617   1     
11    3    2    11subltc_0_orb_0   6     4     0.193975    -0.400329   0.121849    0.461234   1     
11    3    2    11subltc_1_orb_0   7     4     -0.202126    0.417153   -0.126969    0.480617   1     
11    3    2    11subltc_2_orb_0   6     5     -0.202127    0.417153   -0.126969    0.480617   1     
15    3    3    15subltc_0_orb_0   6     6     0.193975    -0.400329   0.121848    0.461234   1     
15    3    3    15subltc_1_orb_0   7     6     -0.202126    0.417153   -0.126969    0.480617   1     
15    3    3    15subltc_2_orb_0   6     7     -0.202127    0.417153   -0.126969    0.480617   1     

