#site (in real lattice) site_1 site_2  rx     ry   Sz   Sx  Sy
0    0    0    0     0     -9.24758e-13    -1.3071e-07   3.71838e-06    0.000871967
4    0    1    0.5     0.866025     6.18836e-12    2.34388e-07   -3.32227e-06    0.000871969
8    0    2    1     1.73205     -1.69251e-12    3.71352e-08   -3.39419e-07    0.000871973
12    0    3    1.5     2.59808     -8.80562e-12    -3.27974e-07   6.70123e-06    0.000871956
1    1    0    1     0     -3.82948e-07    0.498578   0.0274748    0.999128
5    1    1    1.5     0.866025     4.09474e-07    -0.497501   -0.0427401    0.999128
9    1    2    2     1.73205     -4.13541e-07    0.497926   0.0374666    0.999128
13    1    3    2.5     2.59808     3.76498e-07    -0.499256   -0.00884058    0.999128
2    2    0    2     0     4.33465e-12    1.69327e-07   -2.37149e-06    0.000871969
6    2    1    2.5     0.866025     -4.32296e-13    9.74425e-08   -1.22357e-06    0.000871973
10    2    2    3     1.73205     -6.95193e-12    -2.62902e-07   5.75045e-06    0.000871957
14    2    3    3.5     2.59808     -2.18497e-12    -1.91028e-07   4.60253e-06    0.000871966
3    3    0    3     0     -1.81498e-07    0.498062   0.0356214    0.999128
7    3    1    3.5     0.866025     1.83466e-07    -0.498016   -0.0362565    0.999128
11    3    2    4     1.73205     -1.80063e-07    0.498073   0.0354603    0.999128
15    3    3    4.5     2.59808     1.75934e-07    -0.498319   -0.0318181    0.999128
