#site (in real lattice) site_1 site_2  rx     ry   Sz   Sx  Sy
0    0    0    0     0     -2.21957e-16    1.22807e-15   2.129e-15    0.500001
4    0    1    0.5     0.866025     -6.14959e-16    1.1189e-15   1.96718e-15    0.500001
8    0    2    1     1.73205     -5.45557e-16    1.68648e-15   1.8743e-15    0.500001
12    0    3    1.5     2.59808     -2.89699e-16    1.23165e-15   2.1233e-15    0.500001
1    1    0    1     0     2.1684e-16    1.6636e-15   1.88738e-15    0.500001
5    1    1    1.5     0.866025     4.40796e-17    8.19033e-16   2.4353e-15    0.500001
9    1    2    2     1.73205     -1.14058e-15    1.4086e-15   1.22992e-15    0.500001
13    1    3    2.5     2.59808     -2.83905e-16    1.72414e-15   1.13327e-15    0.500001
2    2    0    2     0     7.41323e-17    9.00715e-16   1.60995e-15    0.500001
6    2    1    2.5     0.866025     -2.64545e-16    1.41206e-15   1.63237e-15    0.500001
10    2    2    3     1.73205     5.90145e-17    1.23028e-15   1.3472e-15    0.500001
14    2    3    3.5     2.59808     -1.5786e-16    1.58554e-15   1.51615e-15    0.500001
3    3    0    3     0     -1.249e-16    1.99146e-15   1.68789e-15    0.500001
7    3    1    3.5     0.866025     -4.09612e-16    9.32089e-16   1.72139e-15    0.500001
11    3    2    4     1.73205     -2.38524e-16    1.13451e-15   1.41553e-15    0.500001
15    3    3    4.5     2.59808     -5.76999e-17    1.27834e-15   1.51637e-15    0.500001
