#site (in real lattice) site_1 site_2  rx  ry   Sz   Sx  Sy  |S|  <n>
0    0    0    0subltc_0_orb_0   0     0     1.12525e-05    -1.17829e-05   3.90894e-05    4.2349e-05   1.83141     
0    0    0    0subltc_1_orb_0   1     0     -0.100842    0.102695   -0.351581    0.379901   0.959271     
0    0    0    0subltc_2_orb_0   0     1     0.100852    -0.102714   0.35161    0.379935   0.959314     
12    0    1    12subltc_0_orb_0   0     2     1.12525e-05    -1.17829e-05   3.90894e-05    4.2349e-05   1.83141     
12    0    1    12subltc_1_orb_0   1     2     -0.100842    0.102695   -0.351581    0.379901   0.959271     
12    0    1    12subltc_2_orb_0   0     3     0.100852    -0.102714   0.35161    0.379935   0.959314     
24    0    2    24subltc_0_orb_0   0     4     1.12525e-05    -1.17829e-05   3.90894e-05    4.2349e-05   1.83141     
24    0    2    24subltc_1_orb_0   1     4     -0.100842    0.102695   -0.351581    0.379901   0.959271     
24    0    2    24subltc_2_orb_0   0     5     0.100852    -0.102714   0.35161    0.379935   0.959314     
36    0    3    36subltc_0_orb_0   0     6     1.12525e-05    -1.17829e-05   3.90894e-05    4.2349e-05   1.83141     
36    0    3    36subltc_1_orb_0   1     6     -0.100842    0.102695   -0.351581    0.379901   0.959271     
36    0    3    36subltc_2_orb_0   0     7     0.100852    -0.102714   0.35161    0.379935   0.959314     
48    0    4    48subltc_0_orb_0   0     8     1.12525e-05    -1.17829e-05   3.90894e-05    4.2349e-05   1.83141     
48    0    4    48subltc_1_orb_0   1     8     -0.100842    0.102695   -0.351581    0.379901   0.959271     
48    0    4    48subltc_2_orb_0   0     9     0.100852    -0.102714   0.35161    0.379935   0.959314     
60    0    5    60subltc_0_orb_0   0     10     1.12525e-05    -1.17829e-05   3.90894e-05    4.2349e-05   1.83141     
60    0    5    60subltc_1_orb_0   1     10     -0.100842    0.102695   -0.351581    0.379901   0.959271     
60    0    5    60subltc_2_orb_0   0     11     0.100852    -0.102714   0.35161    0.379935   0.959314     
72    0    6    72subltc_0_orb_0   0     12     1.12525e-05    -1.17829e-05   3.90894e-05    4.2349e-05   1.83141     
72    0    6    72subltc_1_orb_0   1     12     -0.100842    0.102695   -0.351581    0.379901   0.959271     
72    0    6    72subltc_2_orb_0   0     13     0.100852    -0.102714   0.35161    0.379935   0.959314     
84    0    7    84subltc_0_orb_0   0     14     1.12525e-05    -1.17829e-05   3.90894e-05    4.2349e-05   1.83141     
84    0    7    84subltc_1_orb_0   1     14     -0.100842    0.102695   -0.351581    0.379901   0.959271     
84    0    7    84subltc_2_orb_0   0     15     0.100852    -0.102714   0.35161    0.379935   0.959314     
96    0    8    96subltc_0_orb_0   0     16     1.12525e-05    -1.17829e-05   3.90894e-05    4.2349e-05   1.83141     
96    0    8    96subltc_1_orb_0   1     16     -0.100842    0.102695   -0.351581    0.379901   0.959271     
96    0    8    96subltc_2_orb_0   0     17     0.100852    -0.102714   0.35161    0.379935   0.959314     
108    0    9    108subltc_0_orb_0   0     18     1.12525e-05    -1.17829e-05   3.90894e-05    4.2349e-05   1.83141     
108    0    9    108subltc_1_orb_0   1     18     -0.100842    0.102695   -0.351581    0.379901   0.959271     
108    0    9    108subltc_2_orb_0   0     19     0.100852    -0.102714   0.35161    0.379935   0.959314     
120    0    10    120subltc_0_orb_0   0     20     1.12525e-05    -1.17829e-05   3.90894e-05    4.2349e-05   1.83141     
120    0    10    120subltc_1_orb_0   1     20     -0.100842    0.102695   -0.351581    0.379901   0.959271     
120    0    10    120subltc_2_orb_0   0     21     0.100852    -0.102714   0.35161    0.379935   0.959314     
132    0    11    132subltc_0_orb_0   0     22     1.12525e-05    -1.17829e-05   3.90894e-05    4.2349e-05   1.83141     
132    0    11    132subltc_1_orb_0   1     22     -0.100842    0.102695   -0.351581    0.379901   0.959271     
132    0    11    132subltc_2_orb_0   0     23     0.100852    -0.102714   0.35161    0.379935   0.959314     

1    1    0    1subltc_0_orb_0   2     0     1.12525e-05    -1.17829e-05   3.90894e-05    4.2349e-05   1.83141     
1    1    0    1subltc_1_orb_0   3     0     -0.100842    0.102695   -0.351581    0.379901   0.959271     
1    1    0    1subltc_2_orb_0   2     1     0.100852    -0.102714   0.35161    0.379935   0.959314     
13    1    1    13subltc_0_orb_0   2     2     1.12525e-05    -1.17829e-05   3.90894e-05    4.2349e-05   1.83141     
13    1    1    13subltc_1_orb_0   3     2     -0.100842    0.102695   -0.351581    0.379901   0.959271     
13    1    1    13subltc_2_orb_0   2     3     0.100852    -0.102714   0.35161    0.379935   0.959314     
25    1    2    25subltc_0_orb_0   2     4     1.12525e-05    -1.17829e-05   3.90894e-05    4.2349e-05   1.83141     
25    1    2    25subltc_1_orb_0   3     4     -0.100842    0.102695   -0.351581    0.379901   0.959271     
25    1    2    25subltc_2_orb_0   2     5     0.100852    -0.102714   0.35161    0.379935   0.959314     
37    1    3    37subltc_0_orb_0   2     6     1.12525e-05    -1.17829e-05   3.90894e-05    4.2349e-05   1.83141     
37    1    3    37subltc_1_orb_0   3     6     -0.100842    0.102695   -0.351581    0.379901   0.959271     
37    1    3    37subltc_2_orb_0   2     7     0.100852    -0.102714   0.35161    0.379935   0.959314     
49    1    4    49subltc_0_orb_0   2     8     1.12525e-05    -1.17829e-05   3.90894e-05    4.2349e-05   1.83141     
49    1    4    49subltc_1_orb_0   3     8     -0.100842    0.102695   -0.351581    0.379901   0.959271     
49    1    4    49subltc_2_orb_0   2     9     0.100852    -0.102714   0.35161    0.379935   0.959314     
61    1    5    61subltc_0_orb_0   2     10     1.12525e-05    -1.17829e-05   3.90894e-05    4.2349e-05   1.83141     
61    1    5    61subltc_1_orb_0   3     10     -0.100842    0.102695   -0.351581    0.379901   0.959271     
61    1    5    61subltc_2_orb_0   2     11     0.100852    -0.102714   0.35161    0.379935   0.959314     
73    1    6    73subltc_0_orb_0   2     12     1.12525e-05    -1.17829e-05   3.90894e-05    4.2349e-05   1.83141     
73    1    6    73subltc_1_orb_0   3     12     -0.100842    0.102695   -0.351581    0.379901   0.959271     
73    1    6    73subltc_2_orb_0   2     13     0.100852    -0.102714   0.35161    0.379935   0.959314     
85    1    7    85subltc_0_orb_0   2     14     1.12525e-05    -1.17829e-05   3.90894e-05    4.2349e-05   1.83141     
85    1    7    85subltc_1_orb_0   3     14     -0.100842    0.102695   -0.351581    0.379901   0.959271     
85    1    7    85subltc_2_orb_0   2     15     0.100852    -0.102714   0.35161    0.379935   0.959314     
97    1    8    97subltc_0_orb_0   2     16     1.12525e-05    -1.17829e-05   3.90894e-05    4.2349e-05   1.83141     
97    1    8    97subltc_1_orb_0   3     16     -0.100842    0.102695   -0.351581    0.379901   0.959271     
97    1    8    97subltc_2_orb_0   2     17     0.100852    -0.102714   0.35161    0.379935   0.959314     
109    1    9    109subltc_0_orb_0   2     18     1.12525e-05    -1.17829e-05   3.90894e-05    4.2349e-05   1.83141     
109    1    9    109subltc_1_orb_0   3     18     -0.100842    0.102695   -0.351581    0.379901   0.959271     
109    1    9    109subltc_2_orb_0   2     19     0.100852    -0.102714   0.35161    0.379935   0.959314     
121    1    10    121subltc_0_orb_0   2     20     1.12525e-05    -1.17829e-05   3.90894e-05    4.2349e-05   1.83141     
121    1    10    121subltc_1_orb_0   3     20     -0.100842    0.102695   -0.351581    0.379901   0.959271     
121    1    10    121subltc_2_orb_0   2     21     0.100852    -0.102714   0.35161    0.379935   0.959314     
133    1    11    133subltc_0_orb_0   2     22     1.12525e-05    -1.17829e-05   3.90894e-05    4.2349e-05   1.83141     
133    1    11    133subltc_1_orb_0   3     22     -0.100842    0.102695   -0.351581    0.379901   0.959271     
133    1    11    133subltc_2_orb_0   2     23     0.100852    -0.102714   0.35161    0.379935   0.959314     

2    2    0    2subltc_0_orb_0   4     0     1.12525e-05    -1.17829e-05   3.90894e-05    4.2349e-05   1.83141     
2    2    0    2subltc_1_orb_0   5     0     -0.100842    0.102695   -0.351581    0.379901   0.959271     
2    2    0    2subltc_2_orb_0   4     1     0.100852    -0.102714   0.35161    0.379935   0.959314     
14    2    1    14subltc_0_orb_0   4     2     1.12525e-05    -1.17829e-05   3.90894e-05    4.2349e-05   1.83141     
14    2    1    14subltc_1_orb_0   5     2     -0.100842    0.102695   -0.351581    0.379901   0.959271     
14    2    1    14subltc_2_orb_0   4     3     0.100852    -0.102714   0.35161    0.379935   0.959314     
26    2    2    26subltc_0_orb_0   4     4     1.12525e-05    -1.17829e-05   3.90894e-05    4.2349e-05   1.83141     
26    2    2    26subltc_1_orb_0   5     4     -0.100842    0.102695   -0.351581    0.379901   0.959271     
26    2    2    26subltc_2_orb_0   4     5     0.100852    -0.102714   0.35161    0.379935   0.959314     
38    2    3    38subltc_0_orb_0   4     6     1.12525e-05    -1.17829e-05   3.90894e-05    4.2349e-05   1.83141     
38    2    3    38subltc_1_orb_0   5     6     -0.100842    0.102695   -0.351581    0.379901   0.959271     
38    2    3    38subltc_2_orb_0   4     7     0.100852    -0.102714   0.35161    0.379935   0.959314     
50    2    4    50subltc_0_orb_0   4     8     1.12525e-05    -1.17829e-05   3.90894e-05    4.2349e-05   1.83141     
50    2    4    50subltc_1_orb_0   5     8     -0.100842    0.102695   -0.351581    0.379901   0.959271     
50    2    4    50subltc_2_orb_0   4     9     0.100852    -0.102714   0.35161    0.379935   0.959314     
62    2    5    62subltc_0_orb_0   4     10     1.12525e-05    -1.17829e-05   3.90894e-05    4.2349e-05   1.83141     
62    2    5    62subltc_1_orb_0   5     10     -0.100842    0.102695   -0.351581    0.379901   0.959271     
62    2    5    62subltc_2_orb_0   4     11     0.100852    -0.102714   0.35161    0.379935   0.959314     
74    2    6    74subltc_0_orb_0   4     12     1.12525e-05    -1.17829e-05   3.90894e-05    4.2349e-05   1.83141     
74    2    6    74subltc_1_orb_0   5     12     -0.100842    0.102695   -0.351581    0.379901   0.959271     
74    2    6    74subltc_2_orb_0   4     13     0.100852    -0.102714   0.35161    0.379935   0.959314     
86    2    7    86subltc_0_orb_0   4     14     1.12525e-05    -1.17829e-05   3.90894e-05    4.2349e-05   1.83141     
86    2    7    86subltc_1_orb_0   5     14     -0.100842    0.102695   -0.351581    0.379901   0.959271     
86    2    7    86subltc_2_orb_0   4     15     0.100852    -0.102714   0.35161    0.379935   0.959314     
98    2    8    98subltc_0_orb_0   4     16     1.12525e-05    -1.17829e-05   3.90894e-05    4.2349e-05   1.83141     
98    2    8    98subltc_1_orb_0   5     16     -0.100842    0.102695   -0.351581    0.379901   0.959271     
98    2    8    98subltc_2_orb_0   4     17     0.100852    -0.102714   0.35161    0.379935   0.959314     
110    2    9    110subltc_0_orb_0   4     18     1.12525e-05    -1.17829e-05   3.90894e-05    4.2349e-05   1.83141     
110    2    9    110subltc_1_orb_0   5     18     -0.100842    0.102695   -0.351581    0.379901   0.959271     
110    2    9    110subltc_2_orb_0   4     19     0.100852    -0.102714   0.35161    0.379935   0.959314     
122    2    10    122subltc_0_orb_0   4     20     1.12525e-05    -1.17829e-05   3.90894e-05    4.2349e-05   1.83141     
122    2    10    122subltc_1_orb_0   5     20     -0.100842    0.102695   -0.351581    0.379901   0.959271     
122    2    10    122subltc_2_orb_0   4     21     0.100852    -0.102714   0.35161    0.379935   0.959314     
134    2    11    134subltc_0_orb_0   4     22     1.12525e-05    -1.17829e-05   3.90894e-05    4.2349e-05   1.83141     
134    2    11    134subltc_1_orb_0   5     22     -0.100842    0.102695   -0.351581    0.379901   0.959271     
134    2    11    134subltc_2_orb_0   4     23     0.100852    -0.102714   0.35161    0.379935   0.959314     

3    3    0    3subltc_0_orb_0   6     0     1.12525e-05    -1.17829e-05   3.90894e-05    4.2349e-05   1.83141     
3    3    0    3subltc_1_orb_0   7     0     -0.100842    0.102695   -0.351581    0.379901   0.959271     
3    3    0    3subltc_2_orb_0   6     1     0.100852    -0.102714   0.35161    0.379935   0.959314     
15    3    1    15subltc_0_orb_0   6     2     1.12525e-05    -1.17829e-05   3.90894e-05    4.2349e-05   1.83141     
15    3    1    15subltc_1_orb_0   7     2     -0.100842    0.102695   -0.351581    0.379901   0.959271     
15    3    1    15subltc_2_orb_0   6     3     0.100852    -0.102714   0.35161    0.379935   0.959314     
27    3    2    27subltc_0_orb_0   6     4     1.12525e-05    -1.17829e-05   3.90894e-05    4.2349e-05   1.83141     
27    3    2    27subltc_1_orb_0   7     4     -0.100842    0.102695   -0.351581    0.379901   0.959271     
27    3    2    27subltc_2_orb_0   6     5     0.100852    -0.102714   0.35161    0.379935   0.959314     
39    3    3    39subltc_0_orb_0   6     6     1.12525e-05    -1.17829e-05   3.90894e-05    4.2349e-05   1.83141     
39    3    3    39subltc_1_orb_0   7     6     -0.100842    0.102695   -0.351581    0.379901   0.959271     
39    3    3    39subltc_2_orb_0   6     7     0.100852    -0.102714   0.35161    0.379935   0.959314     
51    3    4    51subltc_0_orb_0   6     8     1.12525e-05    -1.17829e-05   3.90894e-05    4.2349e-05   1.83141     
51    3    4    51subltc_1_orb_0   7     8     -0.100842    0.102695   -0.351581    0.379901   0.959271     
51    3    4    51subltc_2_orb_0   6     9     0.100852    -0.102714   0.35161    0.379935   0.959314     
63    3    5    63subltc_0_orb_0   6     10     1.12525e-05    -1.17829e-05   3.90894e-05    4.2349e-05   1.83141     
63    3    5    63subltc_1_orb_0   7     10     -0.100842    0.102695   -0.351581    0.379901   0.959271     
63    3    5    63subltc_2_orb_0   6     11     0.100852    -0.102714   0.35161    0.379935   0.959314     
75    3    6    75subltc_0_orb_0   6     12     1.12525e-05    -1.17829e-05   3.90894e-05    4.2349e-05   1.83141     
75    3    6    75subltc_1_orb_0   7     12     -0.100842    0.102695   -0.351581    0.379901   0.959271     
75    3    6    75subltc_2_orb_0   6     13     0.100852    -0.102714   0.35161    0.379935   0.959314     
87    3    7    87subltc_0_orb_0   6     14     1.12525e-05    -1.17829e-05   3.90894e-05    4.2349e-05   1.83141     
87    3    7    87subltc_1_orb_0   7     14     -0.100842    0.102695   -0.351581    0.379901   0.959271     
87    3    7    87subltc_2_orb_0   6     15     0.100852    -0.102714   0.35161    0.379935   0.959314     
99    3    8    99subltc_0_orb_0   6     16     1.12525e-05    -1.17829e-05   3.90894e-05    4.2349e-05   1.83141     
99    3    8    99subltc_1_orb_0   7     16     -0.100842    0.102695   -0.351581    0.379901   0.959271     
99    3    8    99subltc_2_orb_0   6     17     0.100852    -0.102714   0.35161    0.379935   0.959314     
111    3    9    111subltc_0_orb_0   6     18     1.12525e-05    -1.17829e-05   3.90894e-05    4.2349e-05   1.83141     
111    3    9    111subltc_1_orb_0   7     18     -0.100842    0.102695   -0.351581    0.379901   0.959271     
111    3    9    111subltc_2_orb_0   6     19     0.100852    -0.102714   0.35161    0.379935   0.959314     
123    3    10    123subltc_0_orb_0   6     20     1.12525e-05    -1.17829e-05   3.90894e-05    4.2349e-05   1.83141     
123    3    10    123subltc_1_orb_0   7     20     -0.100842    0.102695   -0.351581    0.379901   0.959271     
123    3    10    123subltc_2_orb_0   6     21     0.100852    -0.102714   0.35161    0.379935   0.959314     
135    3    11    135subltc_0_orb_0   6     22     1.12525e-05    -1.17829e-05   3.90894e-05    4.2349e-05   1.83141     
135    3    11    135subltc_1_orb_0   7     22     -0.100842    0.102695   -0.351581    0.379901   0.959271     
135    3    11    135subltc_2_orb_0   6     23     0.100852    -0.102714   0.35161    0.379935   0.959314     

4    4    0    4subltc_0_orb_0   8     0     1.12525e-05    -1.17829e-05   3.90894e-05    4.2349e-05   1.83141     
4    4    0    4subltc_1_orb_0   9     0     -0.100842    0.102695   -0.351581    0.379901   0.959271     
4    4    0    4subltc_2_orb_0   8     1     0.100852    -0.102714   0.35161    0.379935   0.959314     
16    4    1    16subltc_0_orb_0   8     2     1.12525e-05    -1.17829e-05   3.90894e-05    4.2349e-05   1.83141     
16    4    1    16subltc_1_orb_0   9     2     -0.100842    0.102695   -0.351581    0.379901   0.959271     
16    4    1    16subltc_2_orb_0   8     3     0.100852    -0.102714   0.35161    0.379935   0.959314     
28    4    2    28subltc_0_orb_0   8     4     1.12525e-05    -1.17829e-05   3.90894e-05    4.2349e-05   1.83141     
28    4    2    28subltc_1_orb_0   9     4     -0.100842    0.102695   -0.351581    0.379901   0.959271     
28    4    2    28subltc_2_orb_0   8     5     0.100852    -0.102714   0.35161    0.379935   0.959314     
40    4    3    40subltc_0_orb_0   8     6     1.12525e-05    -1.17829e-05   3.90894e-05    4.2349e-05   1.83141     
40    4    3    40subltc_1_orb_0   9     6     -0.100842    0.102695   -0.351581    0.379901   0.959271     
40    4    3    40subltc_2_orb_0   8     7     0.100852    -0.102714   0.35161    0.379935   0.959314     
52    4    4    52subltc_0_orb_0   8     8     1.12525e-05    -1.17829e-05   3.90894e-05    4.2349e-05   1.83141     
52    4    4    52subltc_1_orb_0   9     8     -0.100842    0.102695   -0.351581    0.379901   0.959271     
52    4    4    52subltc_2_orb_0   8     9     0.100852    -0.102714   0.35161    0.379935   0.959314     
64    4    5    64subltc_0_orb_0   8     10     1.12525e-05    -1.17829e-05   3.90894e-05    4.2349e-05   1.83141     
64    4    5    64subltc_1_orb_0   9     10     -0.100842    0.102695   -0.351581    0.379901   0.959271     
64    4    5    64subltc_2_orb_0   8     11     0.100852    -0.102714   0.35161    0.379935   0.959314     
76    4    6    76subltc_0_orb_0   8     12     1.12525e-05    -1.17829e-05   3.90894e-05    4.2349e-05   1.83141     
76    4    6    76subltc_1_orb_0   9     12     -0.100842    0.102695   -0.351581    0.379901   0.959271     
76    4    6    76subltc_2_orb_0   8     13     0.100852    -0.102714   0.35161    0.379935   0.959314     
88    4    7    88subltc_0_orb_0   8     14     1.12525e-05    -1.17829e-05   3.90894e-05    4.2349e-05   1.83141     
88    4    7    88subltc_1_orb_0   9     14     -0.100842    0.102695   -0.351581    0.379901   0.959271     
88    4    7    88subltc_2_orb_0   8     15     0.100852    -0.102714   0.35161    0.379935   0.959314     
100    4    8    100subltc_0_orb_0   8     16     1.12525e-05    -1.17829e-05   3.90894e-05    4.2349e-05   1.83141     
100    4    8    100subltc_1_orb_0   9     16     -0.100842    0.102695   -0.351581    0.379901   0.959271     
100    4    8    100subltc_2_orb_0   8     17     0.100852    -0.102714   0.35161    0.379935   0.959314     
112    4    9    112subltc_0_orb_0   8     18     1.12525e-05    -1.17829e-05   3.90894e-05    4.2349e-05   1.83141     
112    4    9    112subltc_1_orb_0   9     18     -0.100842    0.102695   -0.351581    0.379901   0.959271     
112    4    9    112subltc_2_orb_0   8     19     0.100852    -0.102714   0.35161    0.379935   0.959314     
124    4    10    124subltc_0_orb_0   8     20     1.12525e-05    -1.17829e-05   3.90894e-05    4.2349e-05   1.83141     
124    4    10    124subltc_1_orb_0   9     20     -0.100842    0.102695   -0.351581    0.379901   0.959271     
124    4    10    124subltc_2_orb_0   8     21     0.100852    -0.102714   0.35161    0.379935   0.959314     
136    4    11    136subltc_0_orb_0   8     22     1.12525e-05    -1.17829e-05   3.90894e-05    4.2349e-05   1.83141     
136    4    11    136subltc_1_orb_0   9     22     -0.100842    0.102695   -0.351581    0.379901   0.959271     
136    4    11    136subltc_2_orb_0   8     23     0.100852    -0.102714   0.35161    0.379935   0.959314     

5    5    0    5subltc_0_orb_0   10     0     1.12525e-05    -1.17829e-05   3.90894e-05    4.2349e-05   1.83141     
5    5    0    5subltc_1_orb_0   11     0     -0.100842    0.102695   -0.351581    0.379901   0.959271     
5    5    0    5subltc_2_orb_0   10     1     0.100852    -0.102714   0.35161    0.379935   0.959314     
17    5    1    17subltc_0_orb_0   10     2     1.12525e-05    -1.17829e-05   3.90894e-05    4.2349e-05   1.83141     
17    5    1    17subltc_1_orb_0   11     2     -0.100842    0.102695   -0.351581    0.379901   0.959271     
17    5    1    17subltc_2_orb_0   10     3     0.100852    -0.102714   0.35161    0.379935   0.959314     
29    5    2    29subltc_0_orb_0   10     4     1.12525e-05    -1.17829e-05   3.90894e-05    4.2349e-05   1.83141     
29    5    2    29subltc_1_orb_0   11     4     -0.100842    0.102695   -0.351581    0.379901   0.959271     
29    5    2    29subltc_2_orb_0   10     5     0.100852    -0.102714   0.35161    0.379935   0.959314     
41    5    3    41subltc_0_orb_0   10     6     1.12525e-05    -1.17829e-05   3.90894e-05    4.2349e-05   1.83141     
41    5    3    41subltc_1_orb_0   11     6     -0.100842    0.102695   -0.351581    0.379901   0.959271     
41    5    3    41subltc_2_orb_0   10     7     0.100852    -0.102714   0.35161    0.379935   0.959314     
53    5    4    53subltc_0_orb_0   10     8     1.12525e-05    -1.17829e-05   3.90894e-05    4.2349e-05   1.83141     
53    5    4    53subltc_1_orb_0   11     8     -0.100842    0.102695   -0.351581    0.379901   0.959271     
53    5    4    53subltc_2_orb_0   10     9     0.100852    -0.102714   0.35161    0.379935   0.959314     
65    5    5    65subltc_0_orb_0   10     10     1.12525e-05    -1.17829e-05   3.90894e-05    4.2349e-05   1.83141     
65    5    5    65subltc_1_orb_0   11     10     -0.100842    0.102695   -0.351581    0.379901   0.959271     
65    5    5    65subltc_2_orb_0   10     11     0.100852    -0.102714   0.35161    0.379935   0.959314     
77    5    6    77subltc_0_orb_0   10     12     1.12525e-05    -1.17829e-05   3.90894e-05    4.2349e-05   1.83141     
77    5    6    77subltc_1_orb_0   11     12     -0.100842    0.102695   -0.351581    0.379901   0.959271     
77    5    6    77subltc_2_orb_0   10     13     0.100852    -0.102714   0.35161    0.379935   0.959314     
89    5    7    89subltc_0_orb_0   10     14     1.12525e-05    -1.17829e-05   3.90894e-05    4.2349e-05   1.83141     
89    5    7    89subltc_1_orb_0   11     14     -0.100842    0.102695   -0.351581    0.379901   0.959271     
89    5    7    89subltc_2_orb_0   10     15     0.100852    -0.102714   0.35161    0.379935   0.959314     
101    5    8    101subltc_0_orb_0   10     16     1.12525e-05    -1.17829e-05   3.90894e-05    4.2349e-05   1.83141     
101    5    8    101subltc_1_orb_0   11     16     -0.100842    0.102695   -0.351581    0.379901   0.959271     
101    5    8    101subltc_2_orb_0   10     17     0.100852    -0.102714   0.35161    0.379935   0.959314     
113    5    9    113subltc_0_orb_0   10     18     1.12525e-05    -1.17829e-05   3.90894e-05    4.2349e-05   1.83141     
113    5    9    113subltc_1_orb_0   11     18     -0.100842    0.102695   -0.351581    0.379901   0.959271     
113    5    9    113subltc_2_orb_0   10     19     0.100852    -0.102714   0.35161    0.379935   0.959314     
125    5    10    125subltc_0_orb_0   10     20     1.12525e-05    -1.17829e-05   3.90894e-05    4.2349e-05   1.83141     
125    5    10    125subltc_1_orb_0   11     20     -0.100842    0.102695   -0.351581    0.379901   0.959271     
125    5    10    125subltc_2_orb_0   10     21     0.100852    -0.102714   0.35161    0.379935   0.959314     
137    5    11    137subltc_0_orb_0   10     22     1.12525e-05    -1.17829e-05   3.90894e-05    4.2349e-05   1.83141     
137    5    11    137subltc_1_orb_0   11     22     -0.100842    0.102695   -0.351581    0.379901   0.959271     
137    5    11    137subltc_2_orb_0   10     23     0.100852    -0.102714   0.35161    0.379935   0.959314     

6    6    0    6subltc_0_orb_0   12     0     1.12525e-05    -1.17829e-05   3.90894e-05    4.2349e-05   1.83141     
6    6    0    6subltc_1_orb_0   13     0     -0.100842    0.102695   -0.351581    0.379901   0.959271     
6    6    0    6subltc_2_orb_0   12     1     0.100852    -0.102714   0.35161    0.379935   0.959314     
18    6    1    18subltc_0_orb_0   12     2     1.12525e-05    -1.17829e-05   3.90894e-05    4.2349e-05   1.83141     
18    6    1    18subltc_1_orb_0   13     2     -0.100842    0.102695   -0.351581    0.379901   0.959271     
18    6    1    18subltc_2_orb_0   12     3     0.100852    -0.102714   0.35161    0.379935   0.959314     
30    6    2    30subltc_0_orb_0   12     4     1.12525e-05    -1.17829e-05   3.90894e-05    4.2349e-05   1.83141     
30    6    2    30subltc_1_orb_0   13     4     -0.100842    0.102695   -0.351581    0.379901   0.959271     
30    6    2    30subltc_2_orb_0   12     5     0.100852    -0.102714   0.35161    0.379935   0.959314     
42    6    3    42subltc_0_orb_0   12     6     1.12525e-05    -1.17829e-05   3.90894e-05    4.2349e-05   1.83141     
42    6    3    42subltc_1_orb_0   13     6     -0.100842    0.102695   -0.351581    0.379901   0.959271     
42    6    3    42subltc_2_orb_0   12     7     0.100852    -0.102714   0.35161    0.379935   0.959314     
54    6    4    54subltc_0_orb_0   12     8     1.12525e-05    -1.17829e-05   3.90894e-05    4.2349e-05   1.83141     
54    6    4    54subltc_1_orb_0   13     8     -0.100842    0.102695   -0.351581    0.379901   0.959271     
54    6    4    54subltc_2_orb_0   12     9     0.100852    -0.102714   0.35161    0.379935   0.959314     
66    6    5    66subltc_0_orb_0   12     10     1.12525e-05    -1.17829e-05   3.90894e-05    4.2349e-05   1.83141     
66    6    5    66subltc_1_orb_0   13     10     -0.100842    0.102695   -0.351581    0.379901   0.959271     
66    6    5    66subltc_2_orb_0   12     11     0.100852    -0.102714   0.35161    0.379935   0.959314     
78    6    6    78subltc_0_orb_0   12     12     1.12525e-05    -1.17829e-05   3.90894e-05    4.2349e-05   1.83141     
78    6    6    78subltc_1_orb_0   13     12     -0.100842    0.102695   -0.351581    0.379901   0.959271     
78    6    6    78subltc_2_orb_0   12     13     0.100852    -0.102714   0.35161    0.379935   0.959314     
90    6    7    90subltc_0_orb_0   12     14     1.12525e-05    -1.17829e-05   3.90894e-05    4.2349e-05   1.83141     
90    6    7    90subltc_1_orb_0   13     14     -0.100842    0.102695   -0.351581    0.379901   0.959271     
90    6    7    90subltc_2_orb_0   12     15     0.100852    -0.102714   0.35161    0.379935   0.959314     
102    6    8    102subltc_0_orb_0   12     16     1.12525e-05    -1.17829e-05   3.90894e-05    4.2349e-05   1.83141     
102    6    8    102subltc_1_orb_0   13     16     -0.100842    0.102695   -0.351581    0.379901   0.959271     
102    6    8    102subltc_2_orb_0   12     17     0.100852    -0.102714   0.35161    0.379935   0.959314     
114    6    9    114subltc_0_orb_0   12     18     1.12525e-05    -1.17829e-05   3.90894e-05    4.2349e-05   1.83141     
114    6    9    114subltc_1_orb_0   13     18     -0.100842    0.102695   -0.351581    0.379901   0.959271     
114    6    9    114subltc_2_orb_0   12     19     0.100852    -0.102714   0.35161    0.379935   0.959314     
126    6    10    126subltc_0_orb_0   12     20     1.12525e-05    -1.17829e-05   3.90894e-05    4.2349e-05   1.83141     
126    6    10    126subltc_1_orb_0   13     20     -0.100842    0.102695   -0.351581    0.379901   0.959271     
126    6    10    126subltc_2_orb_0   12     21     0.100852    -0.102714   0.35161    0.379935   0.959314     
138    6    11    138subltc_0_orb_0   12     22     1.12525e-05    -1.17829e-05   3.90894e-05    4.2349e-05   1.83141     
138    6    11    138subltc_1_orb_0   13     22     -0.100842    0.102695   -0.351581    0.379901   0.959271     
138    6    11    138subltc_2_orb_0   12     23     0.100852    -0.102714   0.35161    0.379935   0.959314     

7    7    0    7subltc_0_orb_0   14     0     1.12525e-05    -1.17829e-05   3.90894e-05    4.2349e-05   1.83141     
7    7    0    7subltc_1_orb_0   15     0     -0.100842    0.102695   -0.351581    0.379901   0.959271     
7    7    0    7subltc_2_orb_0   14     1     0.100852    -0.102714   0.35161    0.379935   0.959314     
19    7    1    19subltc_0_orb_0   14     2     1.12525e-05    -1.17829e-05   3.90894e-05    4.2349e-05   1.83141     
19    7    1    19subltc_1_orb_0   15     2     -0.100842    0.102695   -0.351581    0.379901   0.959271     
19    7    1    19subltc_2_orb_0   14     3     0.100852    -0.102714   0.35161    0.379935   0.959314     
31    7    2    31subltc_0_orb_0   14     4     1.12525e-05    -1.17829e-05   3.90894e-05    4.2349e-05   1.83141     
31    7    2    31subltc_1_orb_0   15     4     -0.100842    0.102695   -0.351581    0.379901   0.959271     
31    7    2    31subltc_2_orb_0   14     5     0.100852    -0.102714   0.35161    0.379935   0.959314     
43    7    3    43subltc_0_orb_0   14     6     1.12525e-05    -1.17829e-05   3.90894e-05    4.2349e-05   1.83141     
43    7    3    43subltc_1_orb_0   15     6     -0.100842    0.102695   -0.351581    0.379901   0.959271     
43    7    3    43subltc_2_orb_0   14     7     0.100852    -0.102714   0.35161    0.379935   0.959314     
55    7    4    55subltc_0_orb_0   14     8     1.12525e-05    -1.17829e-05   3.90894e-05    4.2349e-05   1.83141     
55    7    4    55subltc_1_orb_0   15     8     -0.100842    0.102695   -0.351581    0.379901   0.959271     
55    7    4    55subltc_2_orb_0   14     9     0.100852    -0.102714   0.35161    0.379935   0.959314     
67    7    5    67subltc_0_orb_0   14     10     1.12525e-05    -1.17829e-05   3.90894e-05    4.2349e-05   1.83141     
67    7    5    67subltc_1_orb_0   15     10     -0.100842    0.102695   -0.351581    0.379901   0.959271     
67    7    5    67subltc_2_orb_0   14     11     0.100852    -0.102714   0.35161    0.379935   0.959314     
79    7    6    79subltc_0_orb_0   14     12     1.12525e-05    -1.17829e-05   3.90894e-05    4.2349e-05   1.83141     
79    7    6    79subltc_1_orb_0   15     12     -0.100842    0.102695   -0.351581    0.379901   0.959271     
79    7    6    79subltc_2_orb_0   14     13     0.100852    -0.102714   0.35161    0.379935   0.959314     
91    7    7    91subltc_0_orb_0   14     14     1.12525e-05    -1.17829e-05   3.90894e-05    4.2349e-05   1.83141     
91    7    7    91subltc_1_orb_0   15     14     -0.100842    0.102695   -0.351581    0.379901   0.959271     
91    7    7    91subltc_2_orb_0   14     15     0.100852    -0.102714   0.35161    0.379935   0.959314     
103    7    8    103subltc_0_orb_0   14     16     1.12525e-05    -1.17829e-05   3.90894e-05    4.2349e-05   1.83141     
103    7    8    103subltc_1_orb_0   15     16     -0.100842    0.102695   -0.351581    0.379901   0.959271     
103    7    8    103subltc_2_orb_0   14     17     0.100852    -0.102714   0.35161    0.379935   0.959314     
115    7    9    115subltc_0_orb_0   14     18     1.12525e-05    -1.17829e-05   3.90894e-05    4.2349e-05   1.83141     
115    7    9    115subltc_1_orb_0   15     18     -0.100842    0.102695   -0.351581    0.379901   0.959271     
115    7    9    115subltc_2_orb_0   14     19     0.100852    -0.102714   0.35161    0.379935   0.959314     
127    7    10    127subltc_0_orb_0   14     20     1.12525e-05    -1.17829e-05   3.90894e-05    4.2349e-05   1.83141     
127    7    10    127subltc_1_orb_0   15     20     -0.100842    0.102695   -0.351581    0.379901   0.959271     
127    7    10    127subltc_2_orb_0   14     21     0.100852    -0.102714   0.35161    0.379935   0.959314     
139    7    11    139subltc_0_orb_0   14     22     1.12525e-05    -1.17829e-05   3.90894e-05    4.2349e-05   1.83141     
139    7    11    139subltc_1_orb_0   15     22     -0.100842    0.102695   -0.351581    0.379901   0.959271     
139    7    11    139subltc_2_orb_0   14     23     0.100852    -0.102714   0.35161    0.379935   0.959314     

8    8    0    8subltc_0_orb_0   16     0     1.12525e-05    -1.17829e-05   3.90894e-05    4.2349e-05   1.83141     
8    8    0    8subltc_1_orb_0   17     0     -0.100842    0.102695   -0.351581    0.379901   0.959271     
8    8    0    8subltc_2_orb_0   16     1     0.100852    -0.102714   0.35161    0.379935   0.959314     
20    8    1    20subltc_0_orb_0   16     2     1.12525e-05    -1.17829e-05   3.90894e-05    4.2349e-05   1.83141     
20    8    1    20subltc_1_orb_0   17     2     -0.100842    0.102695   -0.351581    0.379901   0.959271     
20    8    1    20subltc_2_orb_0   16     3     0.100852    -0.102714   0.35161    0.379935   0.959314     
32    8    2    32subltc_0_orb_0   16     4     1.12525e-05    -1.17829e-05   3.90894e-05    4.2349e-05   1.83141     
32    8    2    32subltc_1_orb_0   17     4     -0.100842    0.102695   -0.351581    0.379901   0.959271     
32    8    2    32subltc_2_orb_0   16     5     0.100852    -0.102714   0.35161    0.379935   0.959314     
44    8    3    44subltc_0_orb_0   16     6     1.12525e-05    -1.17829e-05   3.90894e-05    4.2349e-05   1.83141     
44    8    3    44subltc_1_orb_0   17     6     -0.100842    0.102695   -0.351581    0.379901   0.959271     
44    8    3    44subltc_2_orb_0   16     7     0.100852    -0.102714   0.35161    0.379935   0.959314     
56    8    4    56subltc_0_orb_0   16     8     1.12525e-05    -1.17829e-05   3.90894e-05    4.2349e-05   1.83141     
56    8    4    56subltc_1_orb_0   17     8     -0.100842    0.102695   -0.351581    0.379901   0.959271     
56    8    4    56subltc_2_orb_0   16     9     0.100852    -0.102714   0.35161    0.379935   0.959314     
68    8    5    68subltc_0_orb_0   16     10     1.12525e-05    -1.17829e-05   3.90894e-05    4.2349e-05   1.83141     
68    8    5    68subltc_1_orb_0   17     10     -0.100842    0.102695   -0.351581    0.379901   0.959271     
68    8    5    68subltc_2_orb_0   16     11     0.100852    -0.102714   0.35161    0.379935   0.959314     
80    8    6    80subltc_0_orb_0   16     12     1.12525e-05    -1.17829e-05   3.90894e-05    4.2349e-05   1.83141     
80    8    6    80subltc_1_orb_0   17     12     -0.100842    0.102695   -0.351581    0.379901   0.959271     
80    8    6    80subltc_2_orb_0   16     13     0.100852    -0.102714   0.35161    0.379935   0.959314     
92    8    7    92subltc_0_orb_0   16     14     1.12525e-05    -1.17829e-05   3.90894e-05    4.2349e-05   1.83141     
92    8    7    92subltc_1_orb_0   17     14     -0.100842    0.102695   -0.351581    0.379901   0.959271     
92    8    7    92subltc_2_orb_0   16     15     0.100852    -0.102714   0.35161    0.379935   0.959314     
104    8    8    104subltc_0_orb_0   16     16     1.12525e-05    -1.17829e-05   3.90894e-05    4.2349e-05   1.83141     
104    8    8    104subltc_1_orb_0   17     16     -0.100842    0.102695   -0.351581    0.379901   0.959271     
104    8    8    104subltc_2_orb_0   16     17     0.100852    -0.102714   0.35161    0.379935   0.959314     
116    8    9    116subltc_0_orb_0   16     18     1.12525e-05    -1.17829e-05   3.90894e-05    4.2349e-05   1.83141     
116    8    9    116subltc_1_orb_0   17     18     -0.100842    0.102695   -0.351581    0.379901   0.959271     
116    8    9    116subltc_2_orb_0   16     19     0.100852    -0.102714   0.35161    0.379935   0.959314     
128    8    10    128subltc_0_orb_0   16     20     1.12525e-05    -1.17829e-05   3.90894e-05    4.2349e-05   1.83141     
128    8    10    128subltc_1_orb_0   17     20     -0.100842    0.102695   -0.351581    0.379901   0.959271     
128    8    10    128subltc_2_orb_0   16     21     0.100852    -0.102714   0.35161    0.379935   0.959314     
140    8    11    140subltc_0_orb_0   16     22     1.12525e-05    -1.17829e-05   3.90894e-05    4.2349e-05   1.83141     
140    8    11    140subltc_1_orb_0   17     22     -0.100842    0.102695   -0.351581    0.379901   0.959271     
140    8    11    140subltc_2_orb_0   16     23     0.100852    -0.102714   0.35161    0.379935   0.959314     

9    9    0    9subltc_0_orb_0   18     0     1.12525e-05    -1.17829e-05   3.90894e-05    4.2349e-05   1.83141     
9    9    0    9subltc_1_orb_0   19     0     -0.100842    0.102695   -0.351581    0.379901   0.959271     
9    9    0    9subltc_2_orb_0   18     1     0.100852    -0.102714   0.35161    0.379935   0.959314     
21    9    1    21subltc_0_orb_0   18     2     1.12525e-05    -1.17829e-05   3.90894e-05    4.2349e-05   1.83141     
21    9    1    21subltc_1_orb_0   19     2     -0.100842    0.102695   -0.351581    0.379901   0.959271     
21    9    1    21subltc_2_orb_0   18     3     0.100852    -0.102714   0.35161    0.379935   0.959314     
33    9    2    33subltc_0_orb_0   18     4     1.12525e-05    -1.17829e-05   3.90894e-05    4.2349e-05   1.83141     
33    9    2    33subltc_1_orb_0   19     4     -0.100842    0.102695   -0.351581    0.379901   0.959271     
33    9    2    33subltc_2_orb_0   18     5     0.100852    -0.102714   0.35161    0.379935   0.959314     
45    9    3    45subltc_0_orb_0   18     6     1.12525e-05    -1.17829e-05   3.90894e-05    4.2349e-05   1.83141     
45    9    3    45subltc_1_orb_0   19     6     -0.100842    0.102695   -0.351581    0.379901   0.959271     
45    9    3    45subltc_2_orb_0   18     7     0.100852    -0.102714   0.35161    0.379935   0.959314     
57    9    4    57subltc_0_orb_0   18     8     1.12525e-05    -1.17829e-05   3.90894e-05    4.2349e-05   1.83141     
57    9    4    57subltc_1_orb_0   19     8     -0.100842    0.102695   -0.351581    0.379901   0.959271     
57    9    4    57subltc_2_orb_0   18     9     0.100852    -0.102714   0.35161    0.379935   0.959314     
69    9    5    69subltc_0_orb_0   18     10     1.12525e-05    -1.17829e-05   3.90894e-05    4.2349e-05   1.83141     
69    9    5    69subltc_1_orb_0   19     10     -0.100842    0.102695   -0.351581    0.379901   0.959271     
69    9    5    69subltc_2_orb_0   18     11     0.100852    -0.102714   0.35161    0.379935   0.959314     
81    9    6    81subltc_0_orb_0   18     12     1.12525e-05    -1.17829e-05   3.90894e-05    4.2349e-05   1.83141     
81    9    6    81subltc_1_orb_0   19     12     -0.100842    0.102695   -0.351581    0.379901   0.959271     
81    9    6    81subltc_2_orb_0   18     13     0.100852    -0.102714   0.35161    0.379935   0.959314     
93    9    7    93subltc_0_orb_0   18     14     1.12525e-05    -1.17829e-05   3.90894e-05    4.2349e-05   1.83141     
93    9    7    93subltc_1_orb_0   19     14     -0.100842    0.102695   -0.351581    0.379901   0.959271     
93    9    7    93subltc_2_orb_0   18     15     0.100852    -0.102714   0.35161    0.379935   0.959314     
105    9    8    105subltc_0_orb_0   18     16     1.12525e-05    -1.17829e-05   3.90894e-05    4.2349e-05   1.83141     
105    9    8    105subltc_1_orb_0   19     16     -0.100842    0.102695   -0.351581    0.379901   0.959271     
105    9    8    105subltc_2_orb_0   18     17     0.100852    -0.102714   0.35161    0.379935   0.959314     
117    9    9    117subltc_0_orb_0   18     18     1.12525e-05    -1.17829e-05   3.90894e-05    4.2349e-05   1.83141     
117    9    9    117subltc_1_orb_0   19     18     -0.100842    0.102695   -0.351581    0.379901   0.959271     
117    9    9    117subltc_2_orb_0   18     19     0.100852    -0.102714   0.35161    0.379935   0.959314     
129    9    10    129subltc_0_orb_0   18     20     1.12525e-05    -1.17829e-05   3.90894e-05    4.2349e-05   1.83141     
129    9    10    129subltc_1_orb_0   19     20     -0.100842    0.102695   -0.351581    0.379901   0.959271     
129    9    10    129subltc_2_orb_0   18     21     0.100852    -0.102714   0.35161    0.379935   0.959314     
141    9    11    141subltc_0_orb_0   18     22     1.12525e-05    -1.17829e-05   3.90894e-05    4.2349e-05   1.83141     
141    9    11    141subltc_1_orb_0   19     22     -0.100842    0.102695   -0.351581    0.379901   0.959271     
141    9    11    141subltc_2_orb_0   18     23     0.100852    -0.102714   0.35161    0.379935   0.959314     

10    10    0    10subltc_0_orb_0   20     0     1.12525e-05    -1.17829e-05   3.90894e-05    4.2349e-05   1.83141     
10    10    0    10subltc_1_orb_0   21     0     -0.100842    0.102695   -0.351581    0.379901   0.959271     
10    10    0    10subltc_2_orb_0   20     1     0.100852    -0.102714   0.35161    0.379935   0.959314     
22    10    1    22subltc_0_orb_0   20     2     1.12525e-05    -1.17829e-05   3.90894e-05    4.2349e-05   1.83141     
22    10    1    22subltc_1_orb_0   21     2     -0.100842    0.102695   -0.351581    0.379901   0.959271     
22    10    1    22subltc_2_orb_0   20     3     0.100852    -0.102714   0.35161    0.379935   0.959314     
34    10    2    34subltc_0_orb_0   20     4     1.12525e-05    -1.17829e-05   3.90894e-05    4.2349e-05   1.83141     
34    10    2    34subltc_1_orb_0   21     4     -0.100842    0.102695   -0.351581    0.379901   0.959271     
34    10    2    34subltc_2_orb_0   20     5     0.100852    -0.102714   0.35161    0.379935   0.959314     
46    10    3    46subltc_0_orb_0   20     6     1.12525e-05    -1.17829e-05   3.90894e-05    4.2349e-05   1.83141     
46    10    3    46subltc_1_orb_0   21     6     -0.100842    0.102695   -0.351581    0.379901   0.959271     
46    10    3    46subltc_2_orb_0   20     7     0.100852    -0.102714   0.35161    0.379935   0.959314     
58    10    4    58subltc_0_orb_0   20     8     1.12525e-05    -1.17829e-05   3.90894e-05    4.2349e-05   1.83141     
58    10    4    58subltc_1_orb_0   21     8     -0.100842    0.102695   -0.351581    0.379901   0.959271     
58    10    4    58subltc_2_orb_0   20     9     0.100852    -0.102714   0.35161    0.379935   0.959314     
70    10    5    70subltc_0_orb_0   20     10     1.12525e-05    -1.17829e-05   3.90894e-05    4.2349e-05   1.83141     
70    10    5    70subltc_1_orb_0   21     10     -0.100842    0.102695   -0.351581    0.379901   0.959271     
70    10    5    70subltc_2_orb_0   20     11     0.100852    -0.102714   0.35161    0.379935   0.959314     
82    10    6    82subltc_0_orb_0   20     12     1.12525e-05    -1.17829e-05   3.90894e-05    4.2349e-05   1.83141     
82    10    6    82subltc_1_orb_0   21     12     -0.100842    0.102695   -0.351581    0.379901   0.959271     
82    10    6    82subltc_2_orb_0   20     13     0.100852    -0.102714   0.35161    0.379935   0.959314     
94    10    7    94subltc_0_orb_0   20     14     1.12525e-05    -1.17829e-05   3.90894e-05    4.2349e-05   1.83141     
94    10    7    94subltc_1_orb_0   21     14     -0.100842    0.102695   -0.351581    0.379901   0.959271     
94    10    7    94subltc_2_orb_0   20     15     0.100852    -0.102714   0.35161    0.379935   0.959314     
106    10    8    106subltc_0_orb_0   20     16     1.12525e-05    -1.17829e-05   3.90894e-05    4.2349e-05   1.83141     
106    10    8    106subltc_1_orb_0   21     16     -0.100842    0.102695   -0.351581    0.379901   0.959271     
106    10    8    106subltc_2_orb_0   20     17     0.100852    -0.102714   0.35161    0.379935   0.959314     
118    10    9    118subltc_0_orb_0   20     18     1.12525e-05    -1.17829e-05   3.90894e-05    4.2349e-05   1.83141     
118    10    9    118subltc_1_orb_0   21     18     -0.100842    0.102695   -0.351581    0.379901   0.959271     
118    10    9    118subltc_2_orb_0   20     19     0.100852    -0.102714   0.35161    0.379935   0.959314     
130    10    10    130subltc_0_orb_0   20     20     1.12525e-05    -1.17829e-05   3.90894e-05    4.2349e-05   1.83141     
130    10    10    130subltc_1_orb_0   21     20     -0.100842    0.102695   -0.351581    0.379901   0.959271     
130    10    10    130subltc_2_orb_0   20     21     0.100852    -0.102714   0.35161    0.379935   0.959314     
142    10    11    142subltc_0_orb_0   20     22     1.12525e-05    -1.17829e-05   3.90894e-05    4.2349e-05   1.83141     
142    10    11    142subltc_1_orb_0   21     22     -0.100842    0.102695   -0.351581    0.379901   0.959271     
142    10    11    142subltc_2_orb_0   20     23     0.100852    -0.102714   0.35161    0.379935   0.959314     

11    11    0    11subltc_0_orb_0   22     0     1.12525e-05    -1.17829e-05   3.90894e-05    4.2349e-05   1.83141     
11    11    0    11subltc_1_orb_0   23     0     -0.100842    0.102695   -0.351581    0.379901   0.959271     
11    11    0    11subltc_2_orb_0   22     1     0.100852    -0.102714   0.35161    0.379935   0.959314     
23    11    1    23subltc_0_orb_0   22     2     1.12525e-05    -1.17829e-05   3.90894e-05    4.2349e-05   1.83141     
23    11    1    23subltc_1_orb_0   23     2     -0.100842    0.102695   -0.351581    0.379901   0.959271     
23    11    1    23subltc_2_orb_0   22     3     0.100852    -0.102714   0.35161    0.379935   0.959314     
35    11    2    35subltc_0_orb_0   22     4     1.12525e-05    -1.17829e-05   3.90894e-05    4.2349e-05   1.83141     
35    11    2    35subltc_1_orb_0   23     4     -0.100842    0.102695   -0.351581    0.379901   0.959271     
35    11    2    35subltc_2_orb_0   22     5     0.100852    -0.102714   0.35161    0.379935   0.959314     
47    11    3    47subltc_0_orb_0   22     6     1.12525e-05    -1.17829e-05   3.90894e-05    4.2349e-05   1.83141     
47    11    3    47subltc_1_orb_0   23     6     -0.100842    0.102695   -0.351581    0.379901   0.959271     
47    11    3    47subltc_2_orb_0   22     7     0.100852    -0.102714   0.35161    0.379935   0.959314     
59    11    4    59subltc_0_orb_0   22     8     1.12525e-05    -1.17829e-05   3.90894e-05    4.2349e-05   1.83141     
59    11    4    59subltc_1_orb_0   23     8     -0.100842    0.102695   -0.351581    0.379901   0.959271     
59    11    4    59subltc_2_orb_0   22     9     0.100852    -0.102714   0.35161    0.379935   0.959314     
71    11    5    71subltc_0_orb_0   22     10     1.12525e-05    -1.17829e-05   3.90894e-05    4.2349e-05   1.83141     
71    11    5    71subltc_1_orb_0   23     10     -0.100842    0.102695   -0.351581    0.379901   0.959271     
71    11    5    71subltc_2_orb_0   22     11     0.100852    -0.102714   0.35161    0.379935   0.959314     
83    11    6    83subltc_0_orb_0   22     12     1.12525e-05    -1.17829e-05   3.90894e-05    4.2349e-05   1.83141     
83    11    6    83subltc_1_orb_0   23     12     -0.100842    0.102695   -0.351581    0.379901   0.959271     
83    11    6    83subltc_2_orb_0   22     13     0.100852    -0.102714   0.35161    0.379935   0.959314     
95    11    7    95subltc_0_orb_0   22     14     1.12525e-05    -1.17829e-05   3.90894e-05    4.2349e-05   1.83141     
95    11    7    95subltc_1_orb_0   23     14     -0.100842    0.102695   -0.351581    0.379901   0.959271     
95    11    7    95subltc_2_orb_0   22     15     0.100852    -0.102714   0.35161    0.379935   0.959314     
107    11    8    107subltc_0_orb_0   22     16     1.12525e-05    -1.17829e-05   3.90894e-05    4.2349e-05   1.83141     
107    11    8    107subltc_1_orb_0   23     16     -0.100842    0.102695   -0.351581    0.379901   0.959271     
107    11    8    107subltc_2_orb_0   22     17     0.100852    -0.102714   0.35161    0.379935   0.959314     
119    11    9    119subltc_0_orb_0   22     18     1.12525e-05    -1.17829e-05   3.90894e-05    4.2349e-05   1.83141     
119    11    9    119subltc_1_orb_0   23     18     -0.100842    0.102695   -0.351581    0.379901   0.959271     
119    11    9    119subltc_2_orb_0   22     19     0.100852    -0.102714   0.35161    0.379935   0.959314     
131    11    10    131subltc_0_orb_0   22     20     1.12525e-05    -1.17829e-05   3.90894e-05    4.2349e-05   1.83141     
131    11    10    131subltc_1_orb_0   23     20     -0.100842    0.102695   -0.351581    0.379901   0.959271     
131    11    10    131subltc_2_orb_0   22     21     0.100852    -0.102714   0.35161    0.379935   0.959314     
143    11    11    143subltc_0_orb_0   22     22     1.12525e-05    -1.17829e-05   3.90894e-05    4.2349e-05   1.83141     
143    11    11    143subltc_1_orb_0   23     22     -0.100842    0.102695   -0.351581    0.379901   0.959271     
143    11    11    143subltc_2_orb_0   22     23     0.100852    -0.102714   0.35161    0.379935   0.959314     

