0   0.123396831075296   179.614790145075     -762.300019879249   1515.34854265135    
1   0.109006977259963   179.521600183911     -761.361249312443   1512.67089650383    
2   0.0823980392274394   179.342373331794     -759.285763526748   1507.40766994888    
3   0.0501188727086217   179.121144132556     -756.319800496308   1500.75305333282    
4   0.0388152993720788   179.046444639189     -755.218434602251   1498.44921941436    
5   0.0255569658559142   178.959480428329     -753.882851584689   1495.74453885354    
6   0.0114459937516889   178.867645119581     -752.414650030254   1492.87448709437    
7   0.001185964737602   178.786276734975     -751.068616772907   1490.32142184506    
8   0.00025268958365606   178.79140961289     -751.159549203802   1490.49225308713    
9   2.87410604931898e-05   178.79293490939     -751.185717744904   1490.5434335169    
10   1.80286742184554e-05   178.79296197814     -751.186122377809   1490.54191572575    
11   1.07010391253009e-05   178.792879527126     -751.185027103351   1490.54278698176    
12   6.38119019455331e-06   178.792937935177     -751.185312364284   1490.54328372802    
