0   0.0014574464751191   159.153094945106     -764.15281887612   1526.64609663664    
1   0.00101548869436086   159.152832376088     -764.149818544728   1526.63790927445    
2   0.000707644839966504   159.152628658393     -764.147052741616   1526.63398441718    
3   0.000493066485365986   159.152516785987     -764.145701821764   1526.63014639672    
4   0.000343559834477808   159.152400607648     -764.144433391467   1526.62723763076    
5   0.000239398286672121   159.152308162695     -764.14339003277   1526.62537825563    
6   0.000166801191052793   159.152236217026     -764.14269801638   1526.62364558575    
7   0.000116294748681279   159.152215464484     -764.142047783934   1526.62425439339    
8   8.10201248595344e-05   159.152249232318     -764.14228805015   1526.62385605013    
9   5.64109702671646e-05   159.152212640152     -764.142264713686   1526.6219579027    
10   3.93757953916293e-05   159.152178548428     -764.141561649206   1526.62299315149    
11   2.73873430751047e-05   159.152177810044     -764.141878345411   1526.62145442483    
12   1.90803928974711e-05   159.152109064665     -764.141355492097   1526.62061285034    
13   1.34445282214319e-05   159.152114131414     -764.140934929891   1526.62233459841    
14   9.27954494554379e-06   159.15217139017     -764.14155455172   1526.62206801833    
