0   0.00139861455694053   158.606078782939     -764.163616798314   1526.70337644748    
1   0.000972206968831589   158.605814432223     -764.160091469568   1526.69775842517    
2   0.000675734168755057   158.605645501176     -764.158185569366   1526.6922868252    
3   0.000469743666522675   158.605515840009     -764.156341278916   1526.68998319333    
4   0.000326507780792094   158.605458243339     -764.155555184406   1526.68772532502    
5   0.000226890135495658   158.60534855092     -764.154844710454   1526.68408230077    
6   0.000157841893483998   158.605292740578     -764.153487934499   1526.68565603635    
7   0.000109636978823639   158.60532189795     -764.154015883178   1526.68372735583    
8   7.62529675611182e-05   158.605295874704     -764.153466858224   1526.6841133502    
9   5.30396104724234e-05   158.605339177663     -764.153593328529   1526.68480704185    
10   3.68221118100822e-05   158.605360343538     -764.153953010859   1526.6838983495    
11   2.55862761848062e-05   158.605321024389     -764.153700588497   1526.68310438603    
12   1.77886216925919e-05   158.60525927391     -764.153359770206   1526.68185449209    
13   1.23904159692115e-05   158.605173359363     -764.152810432306   1526.68052088575    
14   8.73808847179198e-06   158.60515571857     -764.15218011375   1526.68217924432    
