0   0.0500140347805725   174.391799621958     -763.638341814605   1522.92987653968    
1   0.0396430559822005   174.36993330539     -763.41516233021   1522.34970326466    
2   0.0232305574221724   174.333500532699     -763.004183302598   1521.37175403728    
3   0.0073318802008536   174.295801783485     -762.535190470328   1520.35388271735    
4   0.000866317683208278   174.277962261301     -762.299920189713   1519.87037546534    
5   0.000593118739986437   174.277891774929     -762.298959309321   1519.8706326058    
6   0.000406561764816013   174.277926732269     -762.299200446359   1519.87070067371    
7   0.000278940518365195   174.277950775596     -762.299247215532   1519.8717205323    
8   0.000191564112214568   174.277983603428     -762.299641079731   1519.87058380245    
9   0.000131605922933108   174.277956123073     -762.299257901517   1519.87153482119    
10   9.04703193972313e-05   174.278009391605     -762.299546520896   1519.87293233778    
11   6.22536633586813e-05   174.278060145656     -762.300160585416   1519.87147605999    
12   4.282758993676e-05   174.278002802763     -762.299699208574   1519.87096319783    
13   2.9452190831722e-05   174.277979790188     -762.299390046096   1519.87172173265    
14   2.02818593915032e-05   174.277995294512     -762.299619746951   1519.87082290906    
15   1.39726787520649e-05   174.27798391295     -762.299333637702   1519.87236918196    
16   9.6072009183597e-06   174.27803738341     -762.299893875565   1519.87169775651    
