0   16.4723510327313   -769.136068953352     5781.29735520235   2521.73879736995    
1   9.92200641085613   -822.965818014662     1353.72784513251   2163.89854435264    
2   2.03003619298121   -890.225637225231     -781.121547693276   1665.20500036416    
3   0.941809112563137   -899.498392309763     -802.163532404349   1592.45572174089    
4   0.240936465701156   -905.465625968113     -779.035371019632   1545.10371910627    
5   0.000537434395133885   -907.513281852005     -764.391161970889   1528.75664734645    
6   0.000277496733762159   -907.51291226829     -764.396375825806   1528.76152943299    
7   0.000141683092708661   -907.512758653267     -764.39910631006   1528.7640399705    
8   7.21006026316218e-05   -907.51269146965     -764.400325043607   1528.76515853229    
9   3.6620155456195e-05   -907.512663049143     -764.400831807676   1528.76562392057    
10   1.85699139502276e-05   -907.512651762545     -764.401022829745   1528.7657998078    
11   9.40281244601553e-06   -907.512647776827     -764.401081718059   1528.76585445973    
