0   0.0993531748474558   81.223587379969     -764.399876720901   1528.43322277714    
1   0.0596882207278828   81.2227566644369     -764.397343707713   1528.41412627821    
2   0.0120486853808176   81.2217339252733     -764.388894837166   1528.39036526607    
3   0.000464671806384193   81.2214716634841     -764.385799108355   1528.38379426069    
4   0.000291178291521818   81.2216334967003     -764.385703874357   1528.38530196901    
5   0.000182451855509029   81.2217457852628     -764.386387376436   1528.38604925027    
6   0.000114322713755724   81.221817175538     -764.386885026074   1528.38649903915    
7   7.16334741778024e-05   81.2218620100545     -764.387203270005   1528.38677916653    
8   4.48848123906874e-05   81.22189011586     -764.387403253499   1528.38695455315    
9   2.81243708540527e-05   81.2219077300862     -764.387528610384   1528.38706445156    
10   1.76224476398385e-05   81.2219187687491     -764.387607164669   1528.38713332421    
11   1.10420485174709e-05   81.2219256865881     -764.387656390366   1528.38717648784    
12   6.91834298086529e-06   81.2219300255772     -764.387687232403   1528.38720357473    
