0   0.0128776668768761   168.970478947599     -763.833178552557   1524.84174887733    
1   0.0095658787090932   168.966498617888     -763.786264151796   1524.73796818619    
2   0.00464785796275346   168.960463136799     -763.712961433356   1524.58008300486    
3   0.000297685743657278   168.954909774292     -763.643569160238   1524.43628790557    
4   6.86422596703774e-05   168.954499023052     -763.638314595101   1524.42831934981    
5   4.57093020421538e-05   168.954499659545     -763.638662503523   1524.42622521522    
6   3.04096313748536e-05   168.954402488999     -763.637895941719   1524.42539614055    
7   2.02781231194809e-05   168.954386758126     -763.637406326389   1524.42749395245    
8   1.34593945610909e-05   168.954453994814     -763.638145300695   1524.42679752386    
9   8.97079586088146e-06   168.954452719519     -763.638016435554   1524.42751790899    
