0 3 4 1   VAL1
0 1 3 4   VAL1
0 4 3 1   VAL2
0 5 3 4   VAL1
0 4 5 3   VAL1
0 3 5 4   VAL2
1 0 4 2   VAL1
1 2 0 4   VAL1
1 4 0 2   VAL2
2 5 3 0   VAL1
2 0 5 3   VAL1
2 3 5 0   VAL2
2 4 5 3   VAL1
2 3 4 5   VAL1
2 5 4 3   VAL2
3 7 4 0   VAL1
3 0 7 4   VAL1
3 4 7 0   VAL2
3 6 7 4   VAL1
3 4 6 7   VAL1
3 7 6 4   VAL2
3 8 6 7   VAL1
3 7 8 6   VAL1
3 6 8 7   VAL2
4 5 2 1   VAL1
4 1 5 2   VAL1
4 2 5 1   VAL2
4 7 5 2   VAL1
4 2 7 5   VAL1
4 5 7 2   VAL2
4 3 7 5   VAL1
4 5 3 7   VAL1
4 7 3 5   VAL2
5 6 3 2   VAL1
5 2 6 3   VAL1
5 3 6 2   VAL2
5 8 6 3   VAL1
5 3 8 6   VAL1
5 6 8 3   VAL2
5 7 8 6   VAL1
5 6 7 8   VAL1
5 8 7 6   VAL2
6 10 7 3   VAL1
6 3 10 7   VAL1
6 7 10 3   VAL2
6 9 10 7   VAL1
6 7 9 10   VAL1
6 10 9 7   VAL2
6 11 9 10   VAL1
6 10 11 9   VAL1
6 9 11 10   VAL2
7 8 5 4   VAL1
7 4 8 5   VAL1
7 5 8 4   VAL2
7 10 8 5   VAL1
7 5 10 8   VAL1
7 8 10 5   VAL2
7 6 10 8   VAL1
7 8 6 10   VAL1
7 10 6 8   VAL2
8 9 6 5   VAL1
8 5 9 6   VAL1
8 6 9 5   VAL2
8 11 9 6   VAL1
8 6 11 9   VAL1
8 9 11 6   VAL2
8 10 11 9   VAL1
8 9 10 11   VAL1
8 11 10 9   VAL2
9 13 10 6   VAL1
9 6 13 10   VAL1
9 10 13 6   VAL2
9 12 13 10   VAL1
9 10 12 13   VAL1
9 13 12 10   VAL2
9 14 12 13   VAL1
9 13 14 12   VAL1
9 12 14 13   VAL2
10 11 8 7   VAL1
10 7 11 8   VAL1
10 8 11 7   VAL2
10 13 11 8   VAL1
10 8 13 11   VAL1
10 11 13 8   VAL2
10 9 13 11   VAL1
10 11 9 13   VAL1
10 13 9 11   VAL2
11 12 9 8   VAL1
11 8 12 9   VAL1
11 9 12 8   VAL2
11 14 12 9   VAL1
11 9 14 12   VAL1
11 12 14 9   VAL2
11 13 14 12   VAL1
11 12 13 14   VAL1
11 14 13 12   VAL2
12 16 13 9   VAL1
12 9 16 13   VAL1
12 13 16 9   VAL2
12 15 16 13   VAL1
12 13 15 16   VAL1
12 16 15 13   VAL2
12 17 15 16   VAL1
12 16 17 15   VAL1
12 15 17 16   VAL2
13 14 11 10   VAL1
13 10 14 11   VAL1
13 11 14 10   VAL2
13 16 14 11   VAL1
13 11 16 14   VAL1
13 14 16 11   VAL2
13 12 16 14   VAL1
13 14 12 16   VAL1
13 16 12 14   VAL2
14 15 12 11   VAL1
14 11 15 12   VAL1
14 12 15 11   VAL2
14 17 15 12   VAL1
14 12 17 15   VAL1
14 15 17 12   VAL2
14 16 17 15   VAL1
14 15 16 17   VAL1
14 17 16 15   VAL2
15 19 16 12   VAL1
15 12 19 16   VAL1
15 16 19 12   VAL2
15 18 19 16   VAL1
15 16 18 19   VAL1
15 19 18 16   VAL2
15 20 18 19   VAL1
15 19 20 18   VAL1
15 18 20 19   VAL2
16 17 14 13   VAL1
16 13 17 14   VAL1
16 14 17 13   VAL2
16 19 17 14   VAL1
16 14 19 17   VAL1
16 17 19 14   VAL2
16 15 19 17   VAL1
16 17 15 19   VAL1
16 19 15 17   VAL2
17 18 15 14   VAL1
17 14 18 15   VAL1
17 15 18 14   VAL2
17 20 18 15   VAL1
17 15 20 18   VAL1
17 18 20 15   VAL2
17 19 20 18   VAL1
17 18 19 20   VAL1
17 20 19 18   VAL2
18 22 19 15   VAL1
18 15 22 19   VAL1
18 19 22 15   VAL2
18 21 22 19   VAL1
18 19 21 22   VAL1
18 22 21 19   VAL2
18 23 21 22   VAL1
18 22 23 21   VAL1
18 21 23 22   VAL2
19 20 17 16   VAL1
19 16 20 17   VAL1
19 17 20 16   VAL2
19 22 20 17   VAL1
19 17 22 20   VAL1
19 20 22 17   VAL2
19 18 22 20   VAL1
19 20 18 22   VAL1
19 22 18 20   VAL2
20 21 18 17   VAL1
20 17 21 18   VAL1
20 18 21 17   VAL2
20 23 21 18   VAL1
20 18 23 21   VAL1
20 21 23 18   VAL2
20 22 23 21   VAL1
20 21 22 23   VAL1
20 23 22 21   VAL2
21 25 22 18   VAL1
21 18 25 22   VAL1
21 22 25 18   VAL2
21 24 25 22   VAL1
21 22 24 25   VAL1
21 25 24 22   VAL2
21 26 24 25   VAL1
21 25 26 24   VAL1
21 24 26 25   VAL2
22 23 20 19   VAL1
22 19 23 20   VAL1
22 20 23 19   VAL2
22 25 23 20   VAL1
22 20 25 23   VAL1
22 23 25 20   VAL2
22 21 25 23   VAL1
22 23 21 25   VAL1
22 25 21 23   VAL2
23 24 21 20   VAL1
23 20 24 21   VAL1
23 21 24 20   VAL2
23 26 24 21   VAL1
23 21 26 24   VAL1
23 24 26 21   VAL2
23 25 26 24   VAL1
23 24 25 26   VAL1
23 26 25 24   VAL2
24 28 25 21   VAL1
24 21 28 25   VAL1
24 25 28 21   VAL2
24 27 28 25   VAL1
24 25 27 28   VAL1
24 28 27 25   VAL2
24 29 27 28   VAL1
24 28 29 27   VAL1
24 27 29 28   VAL2
25 26 23 22   VAL1
25 22 26 23   VAL1
25 23 26 22   VAL2
25 28 26 23   VAL1
25 23 28 26   VAL1
25 26 28 23   VAL2
25 24 28 26   VAL1
25 26 24 28   VAL1
25 28 24 26   VAL2
26 27 24 23   VAL1
26 23 27 24   VAL1
26 24 27 23   VAL2
26 29 27 24   VAL1
26 24 29 27   VAL1
26 27 29 24   VAL2
26 28 29 27   VAL1
26 27 28 29   VAL1
26 29 28 27   VAL2
27 31 28 24   VAL1
27 24 31 28   VAL1
27 28 31 24   VAL2
27 30 31 28   VAL1
27 28 30 31   VAL1
27 31 30 28   VAL2
27 32 30 31   VAL1
27 31 32 30   VAL1
27 30 32 31   VAL2
28 29 26 25   VAL1
28 25 29 26   VAL1
28 26 29 25   VAL2
28 31 29 26   VAL1
28 26 31 29   VAL1
28 29 31 26   VAL2
28 27 31 29   VAL1
28 29 27 31   VAL1
28 31 27 29   VAL2
29 30 27 26   VAL1
29 26 30 27   VAL1
29 27 30 26   VAL2
29 32 30 27   VAL1
29 27 32 30   VAL1
29 30 32 27   VAL2
29 31 32 30   VAL1
29 30 31 32   VAL1
29 32 31 30   VAL2
30 34 31 27   VAL1
30 27 34 31   VAL1
30 31 34 27   VAL2
30 33 34 31   VAL1
30 31 33 34   VAL1
30 34 33 31   VAL2
30 35 33 34   VAL1
30 34 35 33   VAL1
30 33 35 34   VAL2
31 32 29 28   VAL1
31 28 32 29   VAL1
31 29 32 28   VAL2
31 34 32 29   VAL1
31 29 34 32   VAL1
31 32 34 29   VAL2
31 30 34 32   VAL1
31 32 30 34   VAL1
31 34 30 32   VAL2
32 33 30 29   VAL1
32 29 33 30   VAL1
32 30 33 29   VAL2
32 35 33 30   VAL1
32 30 35 33   VAL1
32 33 35 30   VAL2
32 34 35 33   VAL1
32 33 34 35   VAL1
32 35 34 33   VAL2
33 37 34 30   VAL1
33 30 37 34   VAL1
33 34 37 30   VAL2
33 36 37 34   VAL1
33 34 36 37   VAL1
33 37 36 34   VAL2
33 38 36 37   VAL1
33 37 38 36   VAL1
33 36 38 37   VAL2
34 35 32 31   VAL1
34 31 35 32   VAL1
34 32 35 31   VAL2
34 37 35 32   VAL1
34 32 37 35   VAL1
34 35 37 32   VAL2
34 33 37 35   VAL1
34 35 33 37   VAL1
34 37 33 35   VAL2
35 36 33 32   VAL1
35 32 36 33   VAL1
35 33 36 32   VAL2
35 38 36 33   VAL1
35 33 38 36   VAL1
35 36 38 33   VAL2
35 37 38 36   VAL1
35 36 37 38   VAL1
35 38 37 36   VAL2
36 40 37 33   VAL1
36 33 40 37   VAL1
36 37 40 33   VAL2
36 39 40 37   VAL1
36 37 39 40   VAL1
36 40 39 37   VAL2
36 41 39 40   VAL1
36 40 41 39   VAL1
36 39 41 40   VAL2
37 38 35 34   VAL1
37 34 38 35   VAL1
37 35 38 34   VAL2
37 40 38 35   VAL1
37 35 40 38   VAL1
37 38 40 35   VAL2
37 36 40 38   VAL1
37 38 36 40   VAL1
37 40 36 38   VAL2
38 39 36 35   VAL1
38 35 39 36   VAL1
38 36 39 35   VAL2
38 41 39 36   VAL1
38 36 41 39   VAL1
38 39 41 36   VAL2
38 40 41 39   VAL1
38 39 40 41   VAL1
38 41 40 39   VAL2
39 43 40 36   VAL1
39 36 43 40   VAL1
39 40 43 36   VAL2
39 42 43 40   VAL1
39 40 42 43   VAL1
39 43 42 40   VAL2
39 44 42 43   VAL1
39 43 44 42   VAL1
39 42 44 43   VAL2
40 41 38 37   VAL1
40 37 41 38   VAL1
40 38 41 37   VAL2
40 43 41 38   VAL1
40 38 43 41   VAL1
40 41 43 38   VAL2
40 39 43 41   VAL1
40 41 39 43   VAL1
40 43 39 41   VAL2
41 42 39 38   VAL1
41 38 42 39   VAL1
41 39 42 38   VAL2
41 44 42 39   VAL1
41 39 44 42   VAL1
41 42 44 39   VAL2
41 43 44 42   VAL1
41 42 43 44   VAL1
41 44 43 42   VAL2
42 46 43 39   VAL1
42 39 46 43   VAL1
42 43 46 39   VAL2
42 45 46 43   VAL1
42 43 45 46   VAL1
42 46 45 43   VAL2
42 47 45 46   VAL1
42 46 47 45   VAL1
42 45 47 46   VAL2
43 44 41 40   VAL1
43 40 44 41   VAL1
43 41 44 40   VAL2
43 46 44 41   VAL1
43 41 46 44   VAL1
43 44 46 41   VAL2
43 42 46 44   VAL1
43 44 42 46   VAL1
43 46 42 44   VAL2
44 45 42 41   VAL1
44 41 45 42   VAL1
44 42 45 41   VAL2
44 47 45 42   VAL1
44 42 47 45   VAL1
44 45 47 42   VAL2
44 46 47 45   VAL1
44 45 46 47   VAL1
44 47 46 45   VAL2
46 47 44 43   VAL1
46 43 47 44   VAL1
46 44 47 43   VAL2
