0 3 4 1   VAL1
0 1 3 4   VAL1
0 4 3 1   VAL2
0 5 8 3   VAL1
0 3 5 8   VAL1
0 8 5 3   VAL2
1 4 5 2   VAL1
1 2 4 5   VAL1
1 5 4 2   VAL2
1 3 6 4   VAL1
1 4 3 6   VAL1
1 6 3 4   VAL2
2 5 3 0   VAL1
2 0 5 3   VAL1
2 3 5 0   VAL2
2 4 7 5   VAL1
2 5 4 7   VAL1
2 7 4 5   VAL2
3 4 2 1   VAL1
3 1 4 2   VAL1
3 2 4 1   VAL2
3 6 7 4   VAL1
3 4 6 7   VAL1
3 7 6 4   VAL2
3 8 11 6   VAL1
3 6 8 11   VAL1
3 11 8 6   VAL2
4 5 0 2   VAL1
4 2 5 0   VAL1
4 0 5 2   VAL2
4 7 8 5   VAL1
4 5 7 8   VAL1
4 8 7 5   VAL2
4 6 9 7   VAL1
4 7 6 9   VAL1
4 9 6 7   VAL2
5 3 1 0   VAL1
5 0 3 1   VAL1
5 1 3 0   VAL2
5 8 6 3   VAL1
5 3 8 6   VAL1
5 6 8 3   VAL2
5 7 10 8   VAL1
5 8 7 10   VAL1
5 10 7 8   VAL2
6 7 5 4   VAL1
6 4 7 5   VAL1
6 5 7 4   VAL2
6 9 10 7   VAL1
6 7 9 10   VAL1
6 10 9 7   VAL2
6 11 14 9   VAL1
6 9 11 14   VAL1
6 14 11 9   VAL2
7 8 3 5   VAL1
7 5 8 3   VAL1
7 3 8 5   VAL2
7 10 11 8   VAL1
7 8 10 11   VAL1
7 11 10 8   VAL2
7 9 12 10   VAL1
7 10 9 12   VAL1
7 12 9 10   VAL2
8 6 4 3   VAL1
8 3 6 4   VAL1
8 4 6 3   VAL2
8 11 9 6   VAL1
8 6 11 9   VAL1
8 9 11 6   VAL2
8 10 13 11   VAL1
8 11 10 13   VAL1
8 13 10 11   VAL2
9 10 8 7   VAL1
9 7 10 8   VAL1
9 8 10 7   VAL2
9 12 13 10   VAL1
9 10 12 13   VAL1
9 13 12 10   VAL2
9 14 17 12   VAL1
9 12 14 17   VAL1
9 17 14 12   VAL2
10 11 6 8   VAL1
10 8 11 6   VAL1
10 6 11 8   VAL2
10 13 14 11   VAL1
10 11 13 14   VAL1
10 14 13 11   VAL2
10 12 15 13   VAL1
10 13 12 15   VAL1
10 15 12 13   VAL2
11 9 7 6   VAL1
11 6 9 7   VAL1
11 7 9 6   VAL2
11 14 12 9   VAL1
11 9 14 12   VAL1
11 12 14 9   VAL2
11 13 16 14   VAL1
11 14 13 16   VAL1
11 16 13 14   VAL2
12 13 11 10   VAL1
12 10 13 11   VAL1
12 11 13 10   VAL2
12 15 16 13   VAL1
12 13 15 16   VAL1
12 16 15 13   VAL2
12 17 20 15   VAL1
12 15 17 20   VAL1
12 20 17 15   VAL2
13 14 9 11   VAL1
13 11 14 9   VAL1
13 9 14 11   VAL2
13 16 17 14   VAL1
13 14 16 17   VAL1
13 17 16 14   VAL2
13 15 18 16   VAL1
13 16 15 18   VAL1
13 18 15 16   VAL2
14 12 10 9   VAL1
14 9 12 10   VAL1
14 10 12 9   VAL2
14 17 15 12   VAL1
14 12 17 15   VAL1
14 15 17 12   VAL2
14 16 19 17   VAL1
14 17 16 19   VAL1
14 19 16 17   VAL2
15 16 14 13   VAL1
15 13 16 14   VAL1
15 14 16 13   VAL2
15 18 19 16   VAL1
15 16 18 19   VAL1
15 19 18 16   VAL2
15 20 23 18   VAL1
15 18 20 23   VAL1
15 23 20 18   VAL2
16 17 12 14   VAL1
16 14 17 12   VAL1
16 12 17 14   VAL2
16 19 20 17   VAL1
16 17 19 20   VAL1
16 20 19 17   VAL2
16 18 21 19   VAL1
16 19 18 21   VAL1
16 21 18 19   VAL2
17 15 13 12   VAL1
17 12 15 13   VAL1
17 13 15 12   VAL2
17 20 18 15   VAL1
17 15 20 18   VAL1
17 18 20 15   VAL2
17 19 22 20   VAL1
17 20 19 22   VAL1
17 22 19 20   VAL2
18 19 17 16   VAL1
18 16 19 17   VAL1
18 17 19 16   VAL2
18 21 22 19   VAL1
18 19 21 22   VAL1
18 22 21 19   VAL2
18 23 26 21   VAL1
18 21 23 26   VAL1
18 26 23 21   VAL2
19 20 15 17   VAL1
19 17 20 15   VAL1
19 15 20 17   VAL2
19 22 23 20   VAL1
19 20 22 23   VAL1
19 23 22 20   VAL2
19 21 24 22   VAL1
19 22 21 24   VAL1
19 24 21 22   VAL2
20 18 16 15   VAL1
20 15 18 16   VAL1
20 16 18 15   VAL2
20 23 21 18   VAL1
20 18 23 21   VAL1
20 21 23 18   VAL2
20 22 25 23   VAL1
20 23 22 25   VAL1
20 25 22 23   VAL2
21 22 20 19   VAL1
21 19 22 20   VAL1
21 20 22 19   VAL2
21 24 25 22   VAL1
21 22 24 25   VAL1
21 25 24 22   VAL2
21 26 29 24   VAL1
21 24 26 29   VAL1
21 29 26 24   VAL2
22 23 18 20   VAL1
22 20 23 18   VAL1
22 18 23 20   VAL2
22 25 26 23   VAL1
22 23 25 26   VAL1
22 26 25 23   VAL2
22 24 27 25   VAL1
22 25 24 27   VAL1
22 27 24 25   VAL2
23 21 19 18   VAL1
23 18 21 19   VAL1
23 19 21 18   VAL2
23 26 24 21   VAL1
23 21 26 24   VAL1
23 24 26 21   VAL2
23 25 28 26   VAL1
23 26 25 28   VAL1
23 28 25 26   VAL2
24 25 23 22   VAL1
24 22 25 23   VAL1
24 23 25 22   VAL2
24 27 28 25   VAL1
24 25 27 28   VAL1
24 28 27 25   VAL2
24 29 32 27   VAL1
24 27 29 32   VAL1
24 32 29 27   VAL2
25 26 21 23   VAL1
25 23 26 21   VAL1
25 21 26 23   VAL2
25 28 29 26   VAL1
25 26 28 29   VAL1
25 29 28 26   VAL2
25 27 30 28   VAL1
25 28 27 30   VAL1
25 30 27 28   VAL2
26 24 22 21   VAL1
26 21 24 22   VAL1
26 22 24 21   VAL2
26 29 27 24   VAL1
26 24 29 27   VAL1
26 27 29 24   VAL2
26 28 31 29   VAL1
26 29 28 31   VAL1
26 31 28 29   VAL2
27 28 26 25   VAL1
27 25 28 26   VAL1
27 26 28 25   VAL2
27 30 31 28   VAL1
27 28 30 31   VAL1
27 31 30 28   VAL2
27 32 35 30   VAL1
27 30 32 35   VAL1
27 35 32 30   VAL2
28 29 24 26   VAL1
28 26 29 24   VAL1
28 24 29 26   VAL2
28 31 32 29   VAL1
28 29 31 32   VAL1
28 32 31 29   VAL2
28 30 33 31   VAL1
28 31 30 33   VAL1
28 33 30 31   VAL2
29 27 25 24   VAL1
29 24 27 25   VAL1
29 25 27 24   VAL2
29 32 30 27   VAL1
29 27 32 30   VAL1
29 30 32 27   VAL2
29 31 34 32   VAL1
29 32 31 34   VAL1
29 34 31 32   VAL2
30 31 29 28   VAL1
30 28 31 29   VAL1
30 29 31 28   VAL2
30 33 34 31   VAL1
30 31 33 34   VAL1
30 34 33 31   VAL2
30 35 38 33   VAL1
30 33 35 38   VAL1
30 38 35 33   VAL2
31 32 27 29   VAL1
31 29 32 27   VAL1
31 27 32 29   VAL2
31 34 35 32   VAL1
31 32 34 35   VAL1
31 35 34 32   VAL2
31 33 36 34   VAL1
31 34 33 36   VAL1
31 36 33 34   VAL2
32 30 28 27   VAL1
32 27 30 28   VAL1
32 28 30 27   VAL2
32 35 33 30   VAL1
32 30 35 33   VAL1
32 33 35 30   VAL2
32 34 37 35   VAL1
32 35 34 37   VAL1
32 37 34 35   VAL2
33 34 32 31   VAL1
33 31 34 32   VAL1
33 32 34 31   VAL2
33 36 37 34   VAL1
33 34 36 37   VAL1
33 37 36 34   VAL2
33 38 41 36   VAL1
33 36 38 41   VAL1
33 41 38 36   VAL2
34 35 30 32   VAL1
34 32 35 30   VAL1
34 30 35 32   VAL2
34 37 38 35   VAL1
34 35 37 38   VAL1
34 38 37 35   VAL2
34 36 39 37   VAL1
34 37 36 39   VAL1
34 39 36 37   VAL2
35 33 31 30   VAL1
35 30 33 31   VAL1
35 31 33 30   VAL2
35 38 36 33   VAL1
35 33 38 36   VAL1
35 36 38 33   VAL2
35 37 40 38   VAL1
35 38 37 40   VAL1
35 40 37 38   VAL2
36 37 35 34   VAL1
36 34 37 35   VAL1
36 35 37 34   VAL2
36 39 40 37   VAL1
36 37 39 40   VAL1
36 40 39 37   VAL2
36 41 44 39   VAL1
36 39 41 44   VAL1
36 44 41 39   VAL2
37 38 33 35   VAL1
37 35 38 33   VAL1
37 33 38 35   VAL2
37 40 41 38   VAL1
37 38 40 41   VAL1
37 41 40 38   VAL2
37 39 42 40   VAL1
37 40 39 42   VAL1
37 42 39 40   VAL2
38 36 34 33   VAL1
38 33 36 34   VAL1
38 34 36 33   VAL2
38 41 39 36   VAL1
38 36 41 39   VAL1
38 39 41 36   VAL2
38 40 43 41   VAL1
38 41 40 43   VAL1
38 43 40 41   VAL2
39 40 38 37   VAL1
39 37 40 38   VAL1
39 38 40 37   VAL2
39 42 43 40   VAL1
39 40 42 43   VAL1
39 43 42 40   VAL2
39 44 47 42   VAL1
39 42 44 47   VAL1
39 47 44 42   VAL2
40 41 36 38   VAL1
40 38 41 36   VAL1
40 36 41 38   VAL2
40 43 44 41   VAL1
40 41 43 44   VAL1
40 44 43 41   VAL2
40 42 45 43   VAL1
40 43 42 45   VAL1
40 45 42 43   VAL2
41 39 37 36   VAL1
41 36 39 37   VAL1
41 37 39 36   VAL2
41 44 42 39   VAL1
41 39 44 42   VAL1
41 42 44 39   VAL2
41 43 46 44   VAL1
41 44 43 46   VAL1
41 46 43 44   VAL2
42 43 41 40   VAL1
42 40 43 41   VAL1
42 41 43 40   VAL2
42 45 46 43   VAL1
42 43 45 46   VAL1
42 46 45 43   VAL2
43 44 39 41   VAL1
43 41 44 39   VAL1
43 39 44 41   VAL2
43 46 47 44   VAL1
43 44 46 47   VAL1
43 47 46 44   VAL2
44 42 40 39   VAL1
44 39 42 40   VAL1
44 40 42 39   VAL2
44 47 45 42   VAL1
44 42 47 45   VAL1
44 45 47 42   VAL2
45 46 44 43   VAL1
45 43 46 44   VAL1
45 44 46 43   VAL2
46 47 42 44   VAL1
46 44 47 42   VAL1
46 42 47 44   VAL2
47 45 43 42   VAL1
47 42 45 43   VAL1
47 43 45 42   VAL2
