0 4 6 5   VAL1
0 5 4 6   VAL1
0 6 4 5   VAL2
0 1 3 4   VAL1
0 4 1 3   VAL1
0 3 1 4   VAL2
1 3 7 4   VAL1
1 4 3 7   VAL1
1 7 3 4   VAL2
1 2 5 3   VAL1
1 3 2 5   VAL1
1 5 2 3   VAL2
2 5 8 3   VAL1
2 3 5 8   VAL1
2 8 5 3   VAL2
2 0 4 5   VAL1
2 5 0 4   VAL1
2 4 0 5   VAL2
5 6 11 8   VAL1
5 8 6 11   VAL1
5 11 6 8   VAL2
5 4 7 6   VAL1
5 6 4 7   VAL1
5 7 4 6   VAL2
5 0 1 4   VAL1
5 4 0 1   VAL1
5 1 0 4   VAL2
4 7 10 6   VAL1
4 6 7 10   VAL1
4 10 7 6   VAL2
4 3 8 7   VAL1
4 7 3 8   VAL1
4 8 3 7   VAL2
4 1 2 3   VAL1
4 3 1 2   VAL1
4 2 1 3   VAL2
3 8 9 7   VAL1
3 7 8 9   VAL1
3 9 8 7   VAL2
3 5 6 8   VAL1
3 8 5 6   VAL1
3 6 5 8   VAL2
3 2 0 5   VAL1
3 5 2 0   VAL1
3 0 2 5   VAL2
6 10 12 11   VAL1
6 11 10 12   VAL1
6 12 10 11   VAL2
6 7 9 10   VAL1
6 10 7 9   VAL1
6 9 7 10   VAL2
6 4 3 7   VAL1
6 7 4 3   VAL1
6 3 4 7   VAL2
7 9 13 10   VAL1
7 10 9 13   VAL1
7 13 9 10   VAL2
7 8 11 9   VAL1
7 9 8 11   VAL1
7 11 8 9   VAL2
7 3 5 8   VAL1
7 8 3 5   VAL1
7 5 3 8   VAL2
8 11 14 9   VAL1
8 9 11 14   VAL1
8 14 11 9   VAL2
8 6 10 11   VAL1
8 11 6 10   VAL1
8 10 6 11   VAL2
8 5 4 6   VAL1
8 6 5 4   VAL1
8 4 5 6   VAL2
11 12 17 14   VAL1
11 14 12 17   VAL1
11 17 12 14   VAL2
11 10 13 12   VAL1
11 12 10 13   VAL1
11 13 10 12   VAL2
11 6 7 10   VAL1
11 10 6 7   VAL1
11 7 6 10   VAL2
10 13 16 12   VAL1
10 12 13 16   VAL1
10 16 13 12   VAL2
10 9 14 13   VAL1
10 13 9 14   VAL1
10 14 9 13   VAL2
10 7 8 9   VAL1
10 9 7 8   VAL1
10 8 7 9   VAL2
9 14 15 13   VAL1
9 13 14 15   VAL1
9 15 14 13   VAL2
9 11 12 14   VAL1
9 14 11 12   VAL1
9 12 11 14   VAL2
9 8 6 11   VAL1
9 11 8 6   VAL1
9 6 8 11   VAL2
12 16 18 17   VAL1
12 17 16 18   VAL1
12 18 16 17   VAL2
12 13 15 16   VAL1
12 16 13 15   VAL1
12 15 13 16   VAL2
12 10 9 13   VAL1
12 13 10 9   VAL1
12 9 10 13   VAL2
13 15 19 16   VAL1
13 16 15 19   VAL1
13 19 15 16   VAL2
13 14 17 15   VAL1
13 15 14 17   VAL1
13 17 14 15   VAL2
13 9 11 14   VAL1
13 14 9 11   VAL1
13 11 9 14   VAL2
14 17 20 15   VAL1
14 15 17 20   VAL1
14 20 17 15   VAL2
14 12 16 17   VAL1
14 17 12 16   VAL1
14 16 12 17   VAL2
14 11 10 12   VAL1
14 12 11 10   VAL1
14 10 11 12   VAL2
17 18 23 20   VAL1
17 20 18 23   VAL1
17 23 18 20   VAL2
17 16 19 18   VAL1
17 18 16 19   VAL1
17 19 16 18   VAL2
17 12 13 16   VAL1
17 16 12 13   VAL1
17 13 12 16   VAL2
16 19 22 18   VAL1
16 18 19 22   VAL1
16 22 19 18   VAL2
16 15 20 19   VAL1
16 19 15 20   VAL1
16 20 15 19   VAL2
16 13 14 15   VAL1
16 15 13 14   VAL1
16 14 13 15   VAL2
15 20 21 19   VAL1
15 19 20 21   VAL1
15 21 20 19   VAL2
15 17 18 20   VAL1
15 20 17 18   VAL1
15 18 17 20   VAL2
15 14 12 17   VAL1
15 17 14 12   VAL1
15 12 14 17   VAL2
18 22 24 23   VAL1
18 23 22 24   VAL1
18 24 22 23   VAL2
18 19 21 22   VAL1
18 22 19 21   VAL1
18 21 19 22   VAL2
18 16 15 19   VAL1
18 19 16 15   VAL1
18 15 16 19   VAL2
19 21 25 22   VAL1
19 22 21 25   VAL1
19 25 21 22   VAL2
19 20 23 21   VAL1
19 21 20 23   VAL1
19 23 20 21   VAL2
19 15 17 20   VAL1
19 20 15 17   VAL1
19 17 15 20   VAL2
20 23 26 21   VAL1
20 21 23 26   VAL1
20 26 23 21   VAL2
20 18 22 23   VAL1
20 23 18 22   VAL1
20 22 18 23   VAL2
20 17 16 18   VAL1
20 18 17 16   VAL1
20 16 17 18   VAL2
23 24 29 26   VAL1
23 26 24 29   VAL1
23 29 24 26   VAL2
23 22 25 24   VAL1
23 24 22 25   VAL1
23 25 22 24   VAL2
23 18 19 22   VAL1
23 22 18 19   VAL1
23 19 18 22   VAL2
22 25 28 24   VAL1
22 24 25 28   VAL1
22 28 25 24   VAL2
22 21 26 25   VAL1
22 25 21 26   VAL1
22 26 21 25   VAL2
22 19 20 21   VAL1
22 21 19 20   VAL1
22 20 19 21   VAL2
21 26 27 25   VAL1
21 25 26 27   VAL1
21 27 26 25   VAL2
21 23 24 26   VAL1
21 26 23 24   VAL1
21 24 23 26   VAL2
21 20 18 23   VAL1
21 23 20 18   VAL1
21 18 20 23   VAL2
24 28 30 29   VAL1
24 29 28 30   VAL1
24 30 28 29   VAL2
24 25 27 28   VAL1
24 28 25 27   VAL1
24 27 25 28   VAL2
24 22 21 25   VAL1
24 25 22 21   VAL1
24 21 22 25   VAL2
25 27 31 28   VAL1
25 28 27 31   VAL1
25 31 27 28   VAL2
25 26 29 27   VAL1
25 27 26 29   VAL1
25 29 26 27   VAL2
25 21 23 26   VAL1
25 26 21 23   VAL1
25 23 21 26   VAL2
26 29 32 27   VAL1
26 27 29 32   VAL1
26 32 29 27   VAL2
26 24 28 29   VAL1
26 29 24 28   VAL1
26 28 24 29   VAL2
26 23 22 24   VAL1
26 24 23 22   VAL1
26 22 23 24   VAL2
29 30 35 32   VAL1
29 32 30 35   VAL1
29 35 30 32   VAL2
29 28 31 30   VAL1
29 30 28 31   VAL1
29 31 28 30   VAL2
29 24 25 28   VAL1
29 28 24 25   VAL1
29 25 24 28   VAL2
28 31 34 30   VAL1
28 30 31 34   VAL1
28 34 31 30   VAL2
28 27 32 31   VAL1
28 31 27 32   VAL1
28 32 27 31   VAL2
28 25 26 27   VAL1
28 27 25 26   VAL1
28 26 25 27   VAL2
27 32 33 31   VAL1
27 31 32 33   VAL1
27 33 32 31   VAL2
27 29 30 32   VAL1
27 32 29 30   VAL1
27 30 29 32   VAL2
27 26 24 29   VAL1
27 29 26 24   VAL1
27 24 26 29   VAL2
30 34 36 35   VAL1
30 35 34 36   VAL1
30 36 34 35   VAL2
30 31 33 34   VAL1
30 34 31 33   VAL1
30 33 31 34   VAL2
30 28 27 31   VAL1
30 31 28 27   VAL1
30 27 28 31   VAL2
31 33 37 34   VAL1
31 34 33 37   VAL1
31 37 33 34   VAL2
31 32 35 33   VAL1
31 33 32 35   VAL1
31 35 32 33   VAL2
31 27 29 32   VAL1
31 32 27 29   VAL1
31 29 27 32   VAL2
32 35 38 33   VAL1
32 33 35 38   VAL1
32 38 35 33   VAL2
32 30 34 35   VAL1
32 35 30 34   VAL1
32 34 30 35   VAL2
32 29 28 30   VAL1
32 30 29 28   VAL1
32 28 29 30   VAL2
35 36 41 38   VAL1
35 38 36 41   VAL1
35 41 36 38   VAL2
35 34 37 36   VAL1
35 36 34 37   VAL1
35 37 34 36   VAL2
35 30 31 34   VAL1
35 34 30 31   VAL1
35 31 30 34   VAL2
34 37 40 36   VAL1
34 36 37 40   VAL1
34 40 37 36   VAL2
34 33 38 37   VAL1
34 37 33 38   VAL1
34 38 33 37   VAL2
34 31 32 33   VAL1
34 33 31 32   VAL1
34 32 31 33   VAL2
33 38 39 37   VAL1
33 37 38 39   VAL1
33 39 38 37   VAL2
33 35 36 38   VAL1
33 38 35 36   VAL1
33 36 35 38   VAL2
33 32 30 35   VAL1
33 35 32 30   VAL1
33 30 32 35   VAL2
36 40 42 41   VAL1
36 41 40 42   VAL1
36 42 40 41   VAL2
36 37 39 40   VAL1
36 40 37 39   VAL1
36 39 37 40   VAL2
36 34 33 37   VAL1
36 37 34 33   VAL1
36 33 34 37   VAL2
37 39 43 40   VAL1
37 40 39 43   VAL1
37 43 39 40   VAL2
37 38 41 39   VAL1
37 39 38 41   VAL1
37 41 38 39   VAL2
37 33 35 38   VAL1
37 38 33 35   VAL1
37 35 33 38   VAL2
38 41 44 39   VAL1
38 39 41 44   VAL1
38 44 41 39   VAL2
38 36 40 41   VAL1
38 41 36 40   VAL1
38 40 36 41   VAL2
38 35 34 36   VAL1
38 36 35 34   VAL1
38 34 35 36   VAL2
41 42 47 44   VAL1
41 44 42 47   VAL1
41 47 42 44   VAL2
41 40 43 42   VAL1
41 42 40 43   VAL1
41 43 40 42   VAL2
41 36 37 40   VAL1
41 40 36 37   VAL1
41 37 36 40   VAL2
40 43 46 42   VAL1
40 42 43 46   VAL1
40 46 43 42   VAL2
40 39 44 43   VAL1
40 43 39 44   VAL1
40 44 39 43   VAL2
40 37 38 39   VAL1
40 39 37 38   VAL1
40 38 37 39   VAL2
39 44 45 43   VAL1
39 43 44 45   VAL1
39 45 44 43   VAL2
39 41 42 44   VAL1
39 44 41 42   VAL1
39 42 41 44   VAL2
39 38 36 41   VAL1
39 41 38 36   VAL1
39 36 38 41   VAL2
42 43 45 46   VAL1
42 46 43 45   VAL1
42 45 43 46   VAL2
42 40 39 43   VAL1
42 43 40 39   VAL1
42 39 40 43   VAL2
43 44 47 45   VAL1
43 45 44 47   VAL1
43 47 44 45   VAL2
43 39 41 44   VAL1
43 44 39 41   VAL1
43 41 39 44   VAL2
44 42 46 47   VAL1
44 47 42 46   VAL1
44 46 42 47   VAL2
44 41 40 42   VAL1
44 42 41 40   VAL1
44 40 41 42   VAL2
47 42 43 46   VAL1
47 46 42 43   VAL1
47 43 42 46   VAL2
46 43 44 45   VAL1
46 45 43 44   VAL1
46 44 43 45   VAL2
45 44 42 47   VAL1
45 47 44 42   VAL1
45 42 44 47   VAL2
