#q omega Chi_pm(q,omega)
0  0  0  -2  -3.17142  -0.0757168  -0.310595  -0.0176738  -0.310649  -0.0176752  -3.15696  -0.0753289  
0  0  0  -1.998  -3.179  -0.0760122  -0.312364  -0.0177888  -0.312418  -0.0177902  -3.1645  -0.0756226  
0  0  0  -1.996  -3.18662  -0.0763093  -0.314145  -0.0179047  -0.314199  -0.0179062  -3.17207  -0.0759179  
0  0  0  -1.994  -3.19426  -0.076608  -0.315938  -0.0180216  -0.315992  -0.018023  -3.17967  -0.076215  
0  0  0  -1.992  -3.20193  -0.0769085  -0.317742  -0.0181393  -0.317796  -0.0181408  -3.18731  -0.0765137  
0  0  0  -1.99  -3.20963  -0.0772106  -0.319558  -0.018258  -0.319612  -0.0182595  -3.19497  -0.0768141  
0  0  0  -1.988  -3.21736  -0.0775145  -0.321386  -0.0183777  -0.321441  -0.0183791  -3.20266  -0.0771162  
0  0  0  -1.986  -3.22512  -0.0778201  -0.323226  -0.0184982  -0.323281  -0.0184997  -3.21038  -0.0774201  
0  0  0  -1.984  -3.23291  -0.0781275  -0.325078  -0.0186198  -0.325133  -0.0186213  -3.21813  -0.0777257  
0  0  0  -1.982  -3.24073  -0.0784366  -0.326942  -0.0187423  -0.326997  -0.0187438  -3.22591  -0.078033  
0  0  0  -1.98  -3.24858  -0.0787475  -0.328818  -0.0188657  -0.328873  -0.0188672  -3.23372  -0.0783421  
0  0  0  -1.978  -3.25647  -0.0790602  -0.330707  -0.0189902  -0.330762  -0.0189917  -3.24157  -0.0786529  
0  0  0  -1.976  -3.26438  -0.0793747  -0.332608  -0.0191156  -0.332664  -0.0191171  -3.24944  -0.0789656  
0  0  0  -1.974  -3.27233  -0.079691  -0.334522  -0.019242  -0.334578  -0.0192436  -3.25735  -0.07928  
0  0  0  -1.972  -3.28031  -0.0800091  -0.336449  -0.0193695  -0.336504  -0.019371  -3.26529  -0.0795963  
0  0  0  -1.97  -3.28832  -0.080329  -0.338388  -0.0194979  -0.338444  -0.0194995  -3.27326  -0.0799144  
0  0  0  -1.968  -3.29636  -0.0806509  -0.34034  -0.0196274  -0.340396  -0.019629  -3.28126  -0.0802343  
0  0  0  -1.966  -3.30444  -0.0809746  -0.342305  -0.019758  -0.342361  -0.0197595  -3.28929  -0.0805561  
0  0  0  -1.964  -3.31255  -0.0813001  -0.344283  -0.0198896  -0.344339  -0.0198911  -3.29736  -0.0808798  
0  0  0  -1.962  -3.32069  -0.0816276  -0.346274  -0.0200222  -0.346331  -0.0200238  -3.30545  -0.0812054  
0  0  0  -1.96  -3.32886  -0.081957  -0.348279  -0.0201559  -0.348335  -0.0201575  -3.31358  -0.0815329  
0  0  0  -1.958  -3.33706  -0.0822883  -0.350297  -0.0202907  -0.350353  -0.0202923  -3.32175  -0.0818623  
0  0  0  -1.956  -3.3453  -0.0826216  -0.352328  -0.0204266  -0.352385  -0.0204282  -3.32994  -0.0821936  
0  0  0  -1.954  -3.35358  -0.0829568  -0.354373  -0.0205636  -0.35443  -0.0205652  -3.33817  -0.0825269  
0  0  0  -1.952  -3.36188  -0.083294  -0.356432  -0.0207017  -0.356489  -0.0207033  -3.34644  -0.0828621  
0  0  0  -1.95  -3.37022  -0.0836332  -0.358504  -0.0208409  -0.358562  -0.0208425  -3.35473  -0.0831993  
0  0  0  -1.948  -3.3786  -0.0839745  -0.360591  -0.0209812  -0.360648  -0.0209829  -3.36306  -0.0835385  
0  0  0  -1.946  -3.387  -0.0843177  -0.362692  -0.0211227  -0.362749  -0.0211244  -3.37143  -0.0838797  
0  0  0  -1.944  -3.39545  -0.084663  -0.364806  -0.0212654  -0.364864  -0.021267  -3.37983  -0.084223  
0  0  0  -1.942  -3.40392  -0.0850103  -0.366935  -0.0214092  -0.366993  -0.0214108  -3.38826  -0.0845683  
0  0  0  -1.94  -3.41243  -0.0853597  -0.369079  -0.0215542  -0.369137  -0.0215559  -3.39673  -0.0849157  
0  0  0  -1.938  -3.42098  -0.0857112  -0.371237  -0.0217004  -0.371295  -0.021702  -3.40523  -0.0852651  
0  0  0  -1.936  -3.42956  -0.0860649  -0.373409  -0.0218478  -0.373468  -0.0218494  -3.41376  -0.0856166  
0  0  0  -1.934  -3.43818  -0.0864206  -0.375596  -0.0219964  -0.375655  -0.0219981  -3.42234  -0.0859703  
0  0  0  -1.932  -3.44683  -0.0867785  -0.377799  -0.0221462  -0.377857  -0.0221479  -3.43094  -0.086326  
0  0  0  -1.93  -3.45552  -0.0871385  -0.380016  -0.0222973  -0.380075  -0.022299  -3.43959  -0.086684  
0  0  0  -1.928  -3.46424  -0.0875007  -0.382248  -0.0224496  -0.382307  -0.0224513  -3.44827  -0.087044  
0  0  0  -1.926  -3.47301  -0.0878651  -0.384496  -0.0226032  -0.384555  -0.0226049  -3.45698  -0.0874063  
0  0  0  -1.924  -3.4818  -0.0882318  -0.386759  -0.022758  -0.386818  -0.0227597  -3.46573  -0.0877708  
0  0  0  -1.922  -3.49064  -0.0886006  -0.389037  -0.0229142  -0.389097  -0.0229159  -3.47452  -0.0881374  
0  0  0  -1.92  -3.49951  -0.0889717  -0.391331  -0.0230716  -0.391391  -0.0230733  -3.48335  -0.0885064  
0  0  0  -1.918  -3.50842  -0.0893451  -0.393641  -0.0232304  -0.393701  -0.0232321  -3.49221  -0.0888775  
0  0  0  -1.916  -3.51736  -0.0897208  -0.395967  -0.0233905  -0.396027  -0.0233922  -3.50111  -0.089251  
0  0  0  -1.914  -3.52635  -0.0900988  -0.398309  -0.0235519  -0.398369  -0.0235536  -3.51004  -0.0896267  
0  0  0  -1.912  -3.53537  -0.0904791  -0.400666  -0.0237147  -0.400727  -0.0237164  -3.51902  -0.0900047  
0  0  0  -1.91  -3.54443  -0.0908617  -0.403041  -0.0238788  -0.403101  -0.0238806  -3.52803  -0.0903851  
0  0  0  -1.908  -3.55352  -0.0912467  -0.405431  -0.0240443  -0.405492  -0.0240461  -3.53708  -0.0907678  
0  0  0  -1.906  -3.56266  -0.0916341  -0.407839  -0.0242113  -0.4079  -0.0242131  -3.54617  -0.0911529  
0  0  0  -1.904  -3.57183  -0.0920239  -0.410263  -0.0243796  -0.410324  -0.0243814  -3.55529  -0.0915404  
0  0  0  -1.902  -3.58105  -0.0924161  -0.412703  -0.0245494  -0.412765  -0.0245512  -3.56446  -0.0919303  
0  0  0  -1.9  -3.5903  -0.0928108  -0.415161  -0.0247205  -0.415223  -0.0247224  -3.57366  -0.0923226  
0  0  0  -1.898  -3.59959  -0.0932079  -0.417636  -0.0248932  -0.417698  -0.024895  -3.58291  -0.0927174  
0  0  0  -1.896  -3.60893  -0.0936075  -0.420128  -0.0250673  -0.42019  -0.0250691  -3.59219  -0.0931146  
0  0  0  -1.894  -3.6183  -0.0940097  -0.422638  -0.0252429  -0.4227  -0.0252448  -3.60151  -0.0935143  
0  0  0  -1.892  -3.62771  -0.0944143  -0.425165  -0.02542  -0.425228  -0.0254219  -3.61088  -0.0939166  
0  0  0  -1.89  -3.63716  -0.0948215  -0.42771  -0.0255986  -0.427773  -0.0256005  -3.62028  -0.0943213  
0  0  0  -1.888  -3.64666  -0.0952313  -0.430273  -0.0257788  -0.430336  -0.0257806  -3.62972  -0.0947287  
0  0  0  -1.886  -3.65619  -0.0956437  -0.432854  -0.0259605  -0.432917  -0.0259623  -3.63921  -0.0951386  
0  0  0  -1.884  -3.66577  -0.0960587  -0.435453  -0.0261437  -0.435516  -0.0261456  -3.64873  -0.0955511  
0  0  0  -1.882  -3.67539  -0.0964763  -0.43807  -0.0263285  -0.438134  -0.0263304  -3.6583  -0.0959662  
0  0  0  -1.88  -3.68505  -0.0968966  -0.440706  -0.0265149  -0.44077  -0.0265168  -3.66791  -0.096384  
0  0  0  -1.878  -3.69475  -0.0973196  -0.443361  -0.026703  -0.443424  -0.0267049  -3.67756  -0.0968044  
0  0  0  -1.876  -3.70449  -0.0977453  -0.446034  -0.0268926  -0.446098  -0.0268946  -3.68725  -0.0972276  
0  0  0  -1.874  -3.71428  -0.0981737  -0.448727  -0.0270839  -0.448791  -0.0270859  -3.69699  -0.0976534  
0  0  0  -1.872  -3.72411  -0.0986048  -0.451438  -0.0272769  -0.451502  -0.0272788  -3.70677  -0.098082  
0  0  0  -1.87  -3.73398  -0.0990388  -0.454169  -0.0274715  -0.454233  -0.0274735  -3.71659  -0.0985133  
0  0  0  -1.868  -3.7439  -0.0994756  -0.456919  -0.0276679  -0.456984  -0.0276698  -3.72645  -0.0989475  
0  0  0  -1.866  -3.75386  -0.0999152  -0.459689  -0.0278659  -0.459754  -0.0278679  -3.73636  -0.0993844  
0  0  0  -1.864  -3.76386  -0.100358  -0.462479  -0.0280657  -0.462544  -0.0280677  -3.74631  -0.0998242  
0  0  0  -1.862  -3.77391  -0.100803  -0.465289  -0.0282672  -0.465354  -0.0282692  -3.7563  -0.100267  
0  0  0  -1.86  -3.784  -0.101251  -0.468119  -0.0284705  -0.468184  -0.0284725  -3.76634  -0.100712  
0  0  0  -1.858  -3.79414  -0.101702  -0.470969  -0.0286756  -0.471035  -0.0286776  -3.77643  -0.101161  
0  0  0  -1.856  -3.80433  -0.102156  -0.47384  -0.0288825  -0.473906  -0.0288845  -3.78655  -0.101612  
0  0  0  -1.854  -3.81455  -0.102614  -0.476732  -0.0290912  -0.476798  -0.0290933  -3.79673  -0.102066  
0  0  0  -1.852  -3.82483  -0.103074  -0.479644  -0.0293018  -0.47971  -0.0293038  -3.80695  -0.102524  
0  0  0  -1.85  -3.83515  -0.103537  -0.482578  -0.0295142  -0.482644  -0.0295163  -3.81721  -0.102984  
0  0  0  -1.848  -3.84551  -0.104003  -0.485533  -0.0297286  -0.485599  -0.0297306  -3.82752  -0.103448  
0  0  0  -1.846  -3.85593  -0.104472  -0.488509  -0.0299448  -0.488576  -0.0299469  -3.83788  -0.103914  
0  0  0  -1.844  -3.86639  -0.104945  -0.491507  -0.0301629  -0.491574  -0.030165  -3.84829  -0.104384  
0  0  0  -1.842  -3.8769  -0.10542  -0.494527  -0.030383  -0.494594  -0.0303851  -3.85874  -0.104856  
0  0  0  -1.84  -3.88745  -0.105899  -0.497568  -0.0306051  -0.497636  -0.0306072  -3.86924  -0.105332  
0  0  0  -1.838  -3.89805  -0.106381  -0.500632  -0.0308291  -0.5007  -0.0308313  -3.87978  -0.105811  
0  0  0  -1.836  -3.90871  -0.106866  -0.503719  -0.0310552  -0.503787  -0.0310573  -3.89038  -0.106293  
0  0  0  -1.834  -3.91941  -0.107355  -0.506828  -0.0312833  -0.506896  -0.0312854  -3.90102  -0.106779  
0  0  0  -1.832  -3.93016  -0.107846  -0.50996  -0.0315134  -0.510028  -0.0315156  -3.91171  -0.107267  
0  0  0  -1.83  -3.94095  -0.108341  -0.513115  -0.0317457  -0.513183  -0.0317478  -3.92245  -0.10776  
0  0  0  -1.828  -3.9518  -0.10884  -0.516293  -0.03198  -0.516362  -0.0319822  -3.93324  -0.108255  
0  0  0  -1.826  -3.9627  -0.109342  -0.519495  -0.0322165  -0.519564  -0.0322186  -3.94408  -0.108754  
0  0  0  -1.824  -3.97365  -0.109847  -0.52272  -0.0324551  -0.522789  -0.0324572  -3.95497  -0.109256  
0  0  0  -1.822  -3.98465  -0.110355  -0.525969  -0.0326958  -0.526039  -0.032698  -3.96591  -0.109761  
0  0  0  -1.82  -3.99569  -0.110868  -0.529243  -0.0329388  -0.529312  -0.032941  -3.9769  -0.11027  
0  0  0  -1.818  -4.0068  -0.111383  -0.53254  -0.033184  -0.53261  -0.0331862  -3.98794  -0.110783  
0  0  0  -1.816  -4.01795  -0.111903  -0.535862  -0.0334314  -0.535932  -0.0334336  -3.99903  -0.111299  
0  0  0  -1.814  -4.02915  -0.112425  -0.539209  -0.0336811  -0.53928  -0.0336833  -4.01018  -0.111818  
0  0  0  -1.812  -4.04041  -0.112952  -0.542581  -0.033933  -0.542652  -0.0339353  -4.02137  -0.112342  
0  0  0  -1.81  -4.05172  -0.113482  -0.545978  -0.0341873  -0.546049  -0.0341896  -4.03262  -0.112868  
0  0  0  -1.808  -4.06308  -0.114015  -0.549401  -0.034444  -0.549472  -0.0344463  -4.04392  -0.113399  
0  0  0  -1.806  -4.0745  -0.114553  -0.552849  -0.034703  -0.552921  -0.0347053  -4.05528  -0.113933  
0  0  0  -1.804  -4.08597  -0.115094  -0.556324  -0.0349644  -0.556395  -0.0349667  -4.06668  -0.114471  
0  0  0  -1.802  -4.09749  -0.115639  -0.559824  -0.0352282  -0.559896  -0.0352306  -4.07814  -0.115012  
0  0  0  -1.8  -4.10907  -0.116188  -0.563351  -0.0354945  -0.563423  -0.0354969  -4.08966  -0.115558  
0  0  0  -1.798  -4.1207  -0.116741  -0.566904  -0.0357633  -0.566976  -0.0357656  -4.10123  -0.116107  
0  0  0  -1.796  -4.13239  -0.117297  -0.570485  -0.0360345  -0.570557  -0.0360369  -4.11286  -0.11666  
0  0  0  -1.794  -4.14414  -0.117858  -0.574092  -0.0363084  -0.574165  -0.0363107  -4.12454  -0.117217  
0  0  0  -1.792  -4.15594  -0.118422  -0.577727  -0.0365847  -0.5778  -0.0365871  -4.13627  -0.117778  
0  0  0  -1.79  -4.16779  -0.118991  -0.58139  -0.0368637  -0.581463  -0.0368661  -4.14807  -0.118343  
0  0  0  -1.788  -4.17971  -0.119563  -0.58508  -0.0371453  -0.585154  -0.0371477  -4.15992  -0.118912  
0  0  0  -1.786  -4.19168  -0.12014  -0.588799  -0.0374295  -0.588873  -0.0374319  -4.17182  -0.119485  
0  0  0  -1.784  -4.20371  -0.120721  -0.592546  -0.0377164  -0.59262  -0.0377189  -4.18379  -0.120063  
0  0  0  -1.782  -4.2158  -0.121306  -0.596322  -0.0380061  -0.596396  -0.0380085  -4.19581  -0.120644  
0  0  0  -1.78  -4.22794  -0.121895  -0.600127  -0.0382984  -0.600201  -0.0383009  -4.20789  -0.121229  
0  0  0  -1.778  -4.24015  -0.122488  -0.603961  -0.0385936  -0.604036  -0.0385961  -4.22002  -0.121819  
0  0  0  -1.776  -4.25241  -0.123086  -0.607825  -0.0388915  -0.607899  -0.038894  -4.23222  -0.122413  
0  0  0  -1.774  -4.26473  -0.123688  -0.611718  -0.0391924  -0.611793  -0.0391949  -4.24448  -0.123011  
0  0  0  -1.772  -4.27712  -0.124294  -0.615642  -0.039496  -0.615717  -0.0394986  -4.2568  -0.123614  
0  0  0  -1.77  -4.28956  -0.124905  -0.619596  -0.0398026  -0.619671  -0.0398052  -4.26917  -0.124221  
0  0  0  -1.768  -4.30207  -0.12552  -0.62358  -0.0401121  -0.623656  -0.0401147  -4.28161  -0.124832  
0  0  0  -1.766  -4.31464  -0.12614  -0.627596  -0.0404246  -0.627672  -0.0404272  -4.29411  -0.125448  
0  0  0  -1.764  -4.32727  -0.126765  -0.631643  -0.0407402  -0.631719  -0.0407428  -4.30667  -0.126069  
0  0  0  -1.762  -4.33996  -0.127393  -0.635721  -0.0410587  -0.635798  -0.0410613  -4.31929  -0.126694  
0  0  0  -1.76  -4.35272  -0.128027  -0.639832  -0.0413804  -0.639909  -0.041383  -4.33198  -0.127323  
0  0  0  -1.758  -4.36553  -0.128665  -0.643974  -0.0417051  -0.644052  -0.0417078  -4.34473  -0.127958  
0  0  0  -1.756  -4.37842  -0.129309  -0.64815  -0.0420331  -0.648227  -0.0420357  -4.35754  -0.128597  
0  0  0  -1.754  -4.39136  -0.129956  -0.652358  -0.0423642  -0.652435  -0.0423668  -4.37041  -0.129241  
0  0  0  -1.752  -4.40438  -0.130609  -0.656599  -0.0426985  -0.656676  -0.0427012  -4.38335  -0.129889  
0  0  0  -1.75  -4.41745  -0.131267  -0.660873  -0.0430361  -0.660951  -0.0430388  -4.39636  -0.130543  
0  0  0  -1.748  -4.4306  -0.131929  -0.665181  -0.043377  -0.66526  -0.0433797  -4.40943  -0.131201  
0  0  0  -1.746  -4.44381  -0.132597  -0.669524  -0.0437213  -0.669603  -0.043724  -4.42257  -0.131864  
0  0  0  -1.744  -4.45708  -0.133269  -0.673901  -0.044069  -0.67398  -0.0440717  -4.43577  -0.132533  
0  0  0  -1.742  -4.47043  -0.133947  -0.678312  -0.04442  -0.678392  -0.0444228  -4.44904  -0.133206  
0  0  0  -1.74  -4.48384  -0.13463  -0.682759  -0.0447746  -0.682839  -0.0447774  -4.46238  -0.133885  
0  0  0  -1.738  -4.49732  -0.135318  -0.687242  -0.0451327  -0.687321  -0.0451354  -4.47578  -0.134568  
0  0  0  -1.736  -4.51087  -0.136011  -0.69176  -0.0454943  -0.69184  -0.0454971  -4.48926  -0.135257  
0  0  0  -1.734  -4.52449  -0.13671  -0.696314  -0.0458595  -0.696394  -0.0458623  -4.5028  -0.135951  
0  0  0  -1.732  -4.53817  -0.137414  -0.700905  -0.0462284  -0.700985  -0.0462312  -4.51641  -0.136651  
0  0  0  -1.73  -4.55193  -0.138123  -0.705533  -0.0466009  -0.705614  -0.0466038  -4.53009  -0.137356  
0  0  0  -1.728  -4.56576  -0.138838  -0.710198  -0.0469772  -0.710279  -0.04698  -4.54385  -0.138066  
0  0  0  -1.726  -4.57966  -0.139559  -0.7149  -0.0473572  -0.714982  -0.0473601  -4.55767  -0.138782  
0  0  0  -1.724  -4.59364  -0.140285  -0.719641  -0.0477411  -0.719723  -0.047744  -4.57157  -0.139504  
0  0  0  -1.722  -4.60768  -0.141016  -0.72442  -0.0481289  -0.724502  -0.0481318  -4.58553  -0.140231  
0  0  0  -1.72  -4.6218  -0.141754  -0.729238  -0.0485205  -0.729321  -0.0485235  -4.59957  -0.140963  
0  0  0  -1.718  -4.63599  -0.142497  -0.734096  -0.0489161  -0.734178  -0.0489191  -4.61369  -0.141702  
0  0  0  -1.716  -4.65026  -0.143246  -0.738992  -0.0493158  -0.739075  -0.0493188  -4.62788  -0.142446  
0  0  0  -1.714  -4.6646  -0.144001  -0.743929  -0.0497195  -0.744012  -0.0497225  -4.64214  -0.143196  
0  0  0  -1.712  -4.67902  -0.144762  -0.748906  -0.0501273  -0.74899  -0.0501303  -4.65648  -0.143952  
0  0  0  -1.71  -4.69352  -0.145529  -0.753924  -0.0505393  -0.754008  -0.0505423  -4.67089  -0.144714  
0  0  0  -1.708  -4.70809  -0.146302  -0.758983  -0.0509555  -0.759068  -0.0509586  -4.68538  -0.145482  
0  0  0  -1.706  -4.72274  -0.147081  -0.764084  -0.051376  -0.764169  -0.0513791  -4.69994  -0.146257  
0  0  0  -1.704  -4.73746  -0.147866  -0.769227  -0.0518008  -0.769312  -0.0518039  -4.71459  -0.147037  
0  0  0  -1.702  -4.75227  -0.148658  -0.774413  -0.05223  -0.774498  -0.0522331  -4.72931  -0.147824  
0  0  0  -1.7  -4.76715  -0.149456  -0.779641  -0.0526636  -0.779726  -0.0526667  -4.74411  -0.148617  
0  0  0  -1.698  -4.78212  -0.150261  -0.784913  -0.0531017  -0.784998  -0.0531049  -4.75899  -0.149416  
0  0  0  -1.696  -4.79716  -0.151072  -0.790228  -0.0535444  -0.790314  -0.0535476  -4.77395  -0.150222  
0  0  0  -1.694  -4.81229  -0.15189  -0.795588  -0.0539917  -0.795675  -0.0539949  -4.78899  -0.151035  
0  0  0  -1.692  -4.82749  -0.152714  -0.800993  -0.0544436  -0.80108  -0.0544468  -4.80411  -0.151854  
0  0  0  -1.69  -4.84278  -0.153545  -0.806443  -0.0549003  -0.80653  -0.0549035  -4.81932  -0.152679  
0  0  0  -1.688  -4.85816  -0.154383  -0.811938  -0.0553618  -0.812026  -0.055365  -4.8346  -0.153512  
0  0  0  -1.686  -4.87362  -0.155228  -0.81748  -0.0558281  -0.817568  -0.0558313  -4.84998  -0.154351  
0  0  0  -1.684  -4.88916  -0.15608  -0.823069  -0.0562993  -0.823157  -0.0563025  -4.86543  -0.155198  
0  0  0  -1.682  -4.90478  -0.156938  -0.828704  -0.0567755  -0.828792  -0.0567788  -4.88097  -0.156051  
0  0  0  -1.68  -4.9205  -0.157804  -0.834387  -0.0572567  -0.834476  -0.05726  -4.89659  -0.156911  
0  0  0  -1.678  -4.9363  -0.158678  -0.840119  -0.057743  -0.840208  -0.0577463  -4.9123  -0.157779  
0  0  0  -1.676  -4.95218  -0.159558  -0.845899  -0.0582345  -0.845988  -0.0582379  -4.9281  -0.158653  
0  0  0  -1.674  -4.96816  -0.160446  -0.851728  -0.0587313  -0.851817  -0.0587346  -4.94398  -0.159535  
0  0  0  -1.672  -4.98422  -0.161341  -0.857607  -0.0592333  -0.857697  -0.0592367  -4.95996  -0.160425  
0  0  0  -1.67  -5.00038  -0.162244  -0.863536  -0.0597407  -0.863626  -0.0597441  -4.97602  -0.161322  
0  0  0  -1.668  -5.01662  -0.163154  -0.869516  -0.0602536  -0.869606  -0.060257  -4.99217  -0.162226  
0  0  0  -1.666  -5.03296  -0.164073  -0.875547  -0.060772  -0.875638  -0.0607755  -5.00841  -0.163139  
0  0  0  -1.664  -5.04938  -0.164999  -0.88163  -0.061296  -0.881721  -0.0612995  -5.02475  -0.164059  
0  0  0  -1.662  -5.0659  -0.165933  -0.887766  -0.0618256  -0.887857  -0.0618291  -5.04117  -0.164987  
0  0  0  -1.66  -5.08252  -0.166874  -0.893954  -0.062361  -0.894046  -0.0623646  -5.05769  -0.165922  
0  0  0  -1.658  -5.09923  -0.167824  -0.900196  -0.0629022  -0.900288  -0.0629058  -5.07431  -0.166866  
0  0  0  -1.656  -5.11603  -0.168783  -0.906492  -0.0634494  -0.906585  -0.0634529  -5.09101  -0.167818  
0  0  0  -1.654  -5.13293  -0.169749  -0.912843  -0.0640024  -0.912936  -0.0640061  -5.10781  -0.168778  
0  0  0  -1.652  -5.14992  -0.170724  -0.919249  -0.0645616  -0.919343  -0.0645652  -5.12471  -0.169747  
0  0  0  -1.65  -5.16702  -0.171707  -0.925712  -0.0651269  -0.925805  -0.0651305  -5.14171  -0.170724  
0  0  0  -1.648  -5.18421  -0.172699  -0.93223  -0.0656984  -0.932325  -0.0657021  -5.1588  -0.171709  
0  0  0  -1.646  -5.2015  -0.1737  -0.938806  -0.0662762  -0.938901  -0.0662799  -5.17599  -0.172703  
0  0  0  -1.644  -5.21889  -0.174709  -0.94544  -0.0668604  -0.945535  -0.0668641  -5.19328  -0.173706  
0  0  0  -1.642  -5.23638  -0.175728  -0.952132  -0.0674511  -0.952227  -0.0674549  -5.21067  -0.174717  
0  0  0  -1.64  -5.25397  -0.176755  -0.958883  -0.0680484  -0.958979  -0.0680521  -5.22817  -0.175738  
0  0  0  -1.638  -5.27167  -0.177791  -0.965694  -0.0686523  -0.96579  -0.0686561  -5.24576  -0.176768  
0  0  0  -1.636  -5.28947  -0.178837  -0.972566  -0.0692629  -0.972662  -0.0692668  -5.26346  -0.177806  
0  0  0  -1.634  -5.30738  -0.179892  -0.979498  -0.0698805  -0.979595  -0.0698843  -5.28126  -0.178855  
0  0  0  -1.632  -5.32539  -0.180956  -0.986493  -0.0705049  -0.98659  -0.0705088  -5.29917  -0.179912  
0  0  0  -1.63  -5.3435  -0.182031  -0.993549  -0.0711364  -0.993647  -0.0711403  -5.31718  -0.180979  
0  0  0  -1.628  -5.36173  -0.183114  -1.00067  -0.071775  -1.00077  -0.0717789  -5.3353  -0.182056  
0  0  0  -1.626  -5.38006  -0.184208  -1.00785  -0.0724208  -1.00795  -0.0724248  -5.35353  -0.183142  
0  0  0  -1.624  -5.3985  -0.185311  -1.0151  -0.073074  -1.0152  -0.073078  -5.37186  -0.184238  
0  0  0  -1.622  -5.41706  -0.186425  -1.02242  -0.0737347  -1.02251  -0.0737387  -5.39031  -0.185344  
0  0  0  -1.62  -5.43572  -0.187549  -1.02979  -0.0744028  -1.02989  -0.0744069  -5.40886  -0.186461  
0  0  0  -1.618  -5.4545  -0.188683  -1.03724  -0.0750786  -1.03734  -0.0750827  -5.42753  -0.187587  
0  0  0  -1.616  -5.47339  -0.189827  -1.04476  -0.0757622  -1.04486  -0.0757663  -5.44631  -0.188724  
0  0  0  -1.614  -5.49239  -0.190982  -1.05234  -0.0764536  -1.05244  -0.0764577  -5.46521  -0.189872  
0  0  0  -1.612  -5.51151  -0.192148  -1.05999  -0.077153  -1.06009  -0.0771572  -5.48422  -0.19103  
0  0  0  -1.61  -5.53075  -0.193325  -1.06771  -0.0778605  -1.06781  -0.0778647  -5.50334  -0.192198  
0  0  0  -1.608  -5.55011  -0.194513  -1.0755  -0.0785762  -1.07561  -0.0785805  -5.52258  -0.193378  
0  0  0  -1.606  -5.56958  -0.195711  -1.08337  -0.0793003  -1.08347  -0.0793045  -5.54194  -0.194569  
0  0  0  -1.604  -5.58917  -0.196921  -1.0913  -0.0800328  -1.09141  -0.080037  -5.56142  -0.195771  
0  0  0  -1.602  -5.60889  -0.198143  -1.09931  -0.0807738  -1.09942  -0.0807781  -5.58102  -0.196984  
0  0  0  -1.6  -5.62872  -0.199376  -1.1074  -0.0815236  -1.1075  -0.0815279  -5.60074  -0.198209  
0  0  0  -1.598  -5.64869  -0.200621  -1.11556  -0.0822822  -1.11566  -0.0822865  -5.62059  -0.199446  
0  0  0  -1.596  -5.66877  -0.201878  -1.12379  -0.0830497  -1.1239  -0.0830541  -5.64055  -0.200694  
0  0  0  -1.594  -5.68898  -0.203146  -1.1321  -0.0838263  -1.13221  -0.0838307  -5.66065  -0.201954  
0  0  0  -1.592  -5.70932  -0.204427  -1.14049  -0.0846121  -1.1406  -0.0846165  -5.68087  -0.203227  
0  0  0  -1.59  -5.72978  -0.20572  -1.14896  -0.0854072  -1.14907  -0.0854117  -5.70121  -0.204511  
0  0  0  -1.588  -5.75038  -0.207026  -1.15751  -0.0862119  -1.15761  -0.0862164  -5.72168  -0.205808  
0  0  0  -1.586  -5.77111  -0.208345  -1.16613  -0.0870262  -1.16624  -0.0870307  -5.74229  -0.207118  
0  0  0  -1.584  -5.79196  -0.209676  -1.17484  -0.0878502  -1.17495  -0.0878548  -5.76302  -0.20844  
0  0  0  -1.582  -5.81295  -0.211021  -1.18363  -0.0886842  -1.18374  -0.0886888  -5.78389  -0.209776  
0  0  0  -1.58  -5.83408  -0.212378  -1.19251  -0.0895282  -1.19262  -0.0895329  -5.80489  -0.211124  
0  0  0  -1.578  -5.85534  -0.213749  -1.20147  -0.0903825  -1.20158  -0.0903872  -5.82603  -0.212486  
0  0  0  -1.576  -5.87674  -0.215134  -1.21051  -0.0912471  -1.21062  -0.0912518  -5.8473  -0.213861  
0  0  0  -1.574  -5.89828  -0.216532  -1.21964  -0.0921222  -1.21975  -0.092127  -5.86871  -0.21525  
0  0  0  -1.572  -5.91995  -0.217944  -1.22886  -0.0930081  -1.22897  -0.0930129  -5.89026  -0.216653  
0  0  0  -1.57  -5.94177  -0.219371  -1.23817  -0.0939047  -1.23828  -0.0939096  -5.91195  -0.21807  
0  0  0  -1.568  -5.96373  -0.220812  -1.24757  -0.0948124  -1.24768  -0.0948173  -5.93378  -0.219501  
0  0  0  -1.566  -5.98584  -0.222267  -1.25705  -0.0957313  -1.25717  -0.0957362  -5.95575  -0.220946  
0  0  0  -1.564  -6.00809  -0.223737  -1.26663  -0.0966615  -1.26675  -0.0966665  -5.97787  -0.222406  
0  0  0  -1.562  -6.03048  -0.225222  -1.27631  -0.0976033  -1.27642  -0.0976083  -6.00013  -0.223881  
0  0  0  -1.56  -6.05303  -0.226722  -1.28607  -0.0985568  -1.28619  -0.0985618  -6.02254  -0.225371  
0  0  0  -1.558  -6.07573  -0.228238  -1.29593  -0.0995221  -1.29605  -0.0995272  -6.04511  -0.226876  
0  0  0  -1.556  -6.09857  -0.229769  -1.30589  -0.1005  -1.30601  -0.100505  -6.06782  -0.228397  
0  0  0  -1.554  -6.12158  -0.231315  -1.31595  -0.101489  -1.31606  -0.101494  -6.09068  -0.229933  
0  0  0  -1.552  -6.14473  -0.232878  -1.3261  -0.102491  -1.32622  -0.102497  -6.1137  -0.231485  
0  0  0  -1.55  -6.16804  -0.234458  -1.33636  -0.103506  -1.33647  -0.103511  -6.13687  -0.233054  
0  0  0  -1.548  -6.19151  -0.236053  -1.34672  -0.104534  -1.34683  -0.104539  -6.1602  -0.234639  
0  0  0  -1.546  -6.21514  -0.237666  -1.35717  -0.105575  -1.35729  -0.10558  -6.18369  -0.23624  
0  0  0  -1.544  -6.23893  -0.239295  -1.36774  -0.106629  -1.36786  -0.106634  -6.20734  -0.237858  
0  0  0  -1.542  -6.26289  -0.240942  -1.37841  -0.107696  -1.37852  -0.107701  -6.23115  -0.239494  
0  0  0  -1.54  -6.28701  -0.242606  -1.38918  -0.108777  -1.3893  -0.108783  -6.25512  -0.241146  
0  0  0  -1.538  -6.31129  -0.244288  -1.40007  -0.109872  -1.40018  -0.109878  -6.27926  -0.242817  
0  0  0  -1.536  -6.33574  -0.245988  -1.41106  -0.110981  -1.41118  -0.110987  -6.30356  -0.244505  
0  0  0  -1.534  -6.36037  -0.247706  -1.42216  -0.112105  -1.42228  -0.11211  -6.32804  -0.246211  
0  0  0  -1.532  -6.38516  -0.249442  -1.43338  -0.113243  -1.4335  -0.113248  -6.35268  -0.247936  
0  0  0  -1.53  -6.41013  -0.251198  -1.44471  -0.114396  -1.44483  -0.114401  -6.3775  -0.249679  
0  0  0  -1.528  -6.43527  -0.252972  -1.45615  -0.115564  -1.45627  -0.11557  -6.40249  -0.251441  
0  0  0  -1.526  -6.4606  -0.254766  -1.46771  -0.116747  -1.46784  -0.116753  -6.42766  -0.253223  
0  0  0  -1.524  -6.4861  -0.25658  -1.47939  -0.117946  -1.47952  -0.117952  -6.45301  -0.255024  
0  0  0  -1.522  -6.51178  -0.258413  -1.49119  -0.119161  -1.49132  -0.119167  -6.47854  -0.256845  
0  0  0  -1.52  -6.53764  -0.260267  -1.50311  -0.120392  -1.50324  -0.120397  -6.50424  -0.258686  
0  0  0  -1.518  -6.5637  -0.262141  -1.51516  -0.121639  -1.51528  -0.121645  -6.53014  -0.260547  
0  0  0  -1.516  -6.58993  -0.264037  -1.52733  -0.122902  -1.52745  -0.122908  -6.55622  -0.26243  
0  0  0  -1.514  -6.61636  -0.265953  -1.53962  -0.124183  -1.53975  -0.124189  -6.58248  -0.264333  
0  0  0  -1.512  -6.64298  -0.267891  -1.55205  -0.125481  -1.55217  -0.125487  -6.60894  -0.266257  
0  0  0  -1.51  -6.66979  -0.269851  -1.5646  -0.126796  -1.56472  -0.126802  -6.63559  -0.268204  
0  0  0  -1.508  -6.6968  -0.271834  -1.57728  -0.128129  -1.57741  -0.128136  -6.66243  -0.270172  
0  0  0  -1.506  -6.72401  -0.273838  -1.5901  -0.129481  -1.59023  -0.129487  -6.68948  -0.272163  
0  0  0  -1.504  -6.75142  -0.275866  -1.60305  -0.13085  -1.60318  -0.130856  -6.71672  -0.274177  
0  0  0  -1.502  -6.77903  -0.277917  -1.61614  -0.132238  -1.61627  -0.132245  -6.74416  -0.276213  
0  0  0  -1.5  -6.80684  -0.279992  -1.62937  -0.133646  -1.6295  -0.133652  -6.7718  -0.278274  
0  0  0  -1.498  -6.83487  -0.28209  -1.64274  -0.135072  -1.64287  -0.135079  -6.79965  -0.280358  
0  0  0  -1.496  -6.8631  -0.284213  -1.65625  -0.136519  -1.65638  -0.136525  -6.82771  -0.282466  
0  0  0  -1.494  -6.89155  -0.286361  -1.6699  -0.137985  -1.67003  -0.137992  -6.85598  -0.284599  
0  0  0  -1.492  -6.92021  -0.288535  -1.6837  -0.139472  -1.68384  -0.139478  -6.88447  -0.286757  
0  0  0  -1.49  -6.94908  -0.290733  -1.69765  -0.140979  -1.69779  -0.140986  -6.91316  -0.28894  
0  0  0  -1.488  -6.97818  -0.292958  -1.71175  -0.142508  -1.71189  -0.142514  -6.94208  -0.29115  
0  0  0  -1.486  -7.0075  -0.29521  -1.72601  -0.144058  -1.72614  -0.144064  -6.97122  -0.293385  
0  0  0  -1.484  -7.03704  -0.297488  -1.74042  -0.145629  -1.74055  -0.145636  -7.00058  -0.295647  
0  0  0  -1.482  -7.06681  -0.299794  -1.75498  -0.147223  -1.75512  -0.14723  -7.03017  -0.297937  
0  0  0  -1.48  -7.09682  -0.302127  -1.7697  -0.14884  -1.76984  -0.148847  -7.05998  -0.300254  
0  0  0  -1.478  -7.12705  -0.304489  -1.78459  -0.15048  -1.78473  -0.150487  -7.09003  -0.302599  
0  0  0  -1.476  -7.15752  -0.306879  -1.79964  -0.152143  -1.79978  -0.15215  -7.12031  -0.304973  
0  0  0  -1.474  -7.18823  -0.309299  -1.81485  -0.15383  -1.81499  -0.153837  -7.15083  -0.307375  
0  0  0  -1.472  -7.21918  -0.311748  -1.83024  -0.155541  -1.83038  -0.155549  -7.18159  -0.309807  
0  0  0  -1.47  -7.25038  -0.314228  -1.84579  -0.157277  -1.84593  -0.157285  -7.2126  -0.31227  
0  0  0  -1.468  -7.28182  -0.316739  -1.86152  -0.159039  -1.86166  -0.159046  -7.24384  -0.314762  
0  0  0  -1.466  -7.31352  -0.31928  -1.87742  -0.160826  -1.87757  -0.160833  -7.27534  -0.317286  
0  0  0  -1.464  -7.34547  -0.321854  -1.89351  -0.162639  -1.89365  -0.162646  -7.30709  -0.319841  
0  0  0  -1.462  -7.37768  -0.32446  -1.90977  -0.164478  -1.90991  -0.164486  -7.3391  -0.322429  
0  0  0  -1.46  -7.41014  -0.327099  -1.92622  -0.166345  -1.92636  -0.166353  -7.37136  -0.325049  
0  0  0  -1.458  -7.44287  -0.329771  -1.94285  -0.168239  -1.94299  -0.168247  -7.40389  -0.327702  
0  0  0  -1.456  -7.47587  -0.332478  -1.95967  -0.170162  -1.95982  -0.17017  -7.43668  -0.33039  
0  0  0  -1.454  -7.50914  -0.335219  -1.97669  -0.172113  -1.97683  -0.172121  -7.46973  -0.333111  
0  0  0  -1.452  -7.54268  -0.337995  -1.99389  -0.174093  -1.99404  -0.174101  -7.50306  -0.335868  
0  0  0  -1.45  -7.5765  -0.340808  -2.0113  -0.176103  -2.01145  -0.176111  -7.53667  -0.338661  
0  0  0  -1.448  -7.6106  -0.343657  -2.02891  -0.178144  -2.02906  -0.178152  -7.57056  -0.341489  
0  0  0  -1.446  -7.64498  -0.346543  -2.04672  -0.180215  -2.04687  -0.180223  -7.60472  -0.344355  
0  0  0  -1.444  -7.67965  -0.349467  -2.06474  -0.182318  -2.06489  -0.182326  -7.63918  -0.347258  
0  0  0  -1.442  -7.71462  -0.35243  -2.08296  -0.184453  -2.08311  -0.184461  -7.67392  -0.3502  
0  0  0  -1.44  -7.74988  -0.355432  -2.1014  -0.18662  -2.10155  -0.186629  -7.70896  -0.353181  
0  0  0  -1.438  -7.78544  -0.358474  -2.12006  -0.188821  -2.12021  -0.18883  -7.74429  -0.356201  
0  0  0  -1.436  -7.8213  -0.361557  -2.13894  -0.191056  -2.13909  -0.191065  -7.77993  -0.359262  
0  0  0  -1.434  -7.85747  -0.364682  -2.15803  -0.193326  -2.15819  -0.193334  -7.81587  -0.362364  
0  0  0  -1.432  -7.89396  -0.367849  -2.17736  -0.195631  -2.17751  -0.195639  -7.85212  -0.365508  
0  0  0  -1.43  -7.93076  -0.371058  -2.19691  -0.197972  -2.19707  -0.19798  -7.88869  -0.368695  
0  0  0  -1.428  -7.96788  -0.374312  -2.2167  -0.200349  -2.21686  -0.200358  -7.92557  -0.371925  
0  0  0  -1.426  -8.00532  -0.377611  -2.23673  -0.202765  -2.23689  -0.202774  -7.96278  -0.3752  
0  0  0  -1.424  -8.04309  -0.380955  -2.25699  -0.205218  -2.25715  -0.205227  -8.00031  -0.37852  
0  0  0  -1.422  -8.0812  -0.384345  -2.27751  -0.207711  -2.27767  -0.20772  -8.03817  -0.381886  
0  0  0  -1.42  -8.11965  -0.387783  -2.29827  -0.210243  -2.29843  -0.210253  -8.07637  -0.385299  
0  0  0  -1.418  -8.15844  -0.39127  -2.31928  -0.212816  -2.31944  -0.212826  -8.11491  -0.38876  
0  0  0  -1.416  -8.19757  -0.394805  -2.34055  -0.215431  -2.34071  -0.21544  -8.1538  -0.39227  
0  0  0  -1.414  -8.23706  -0.39839  -2.36208  -0.218088  -2.36224  -0.218097  -8.19304  -0.39583  
0  0  0  -1.412  -8.27691  -0.402027  -2.38387  -0.220788  -2.38403  -0.220797  -8.23263  -0.39944  
0  0  0  -1.41  -8.31712  -0.405716  -2.40593  -0.223532  -2.4061  -0.223541  -8.27258  -0.403102  
0  0  0  -1.408  -8.3577  -0.409458  -2.42827  -0.226321  -2.42844  -0.226331  -8.3129  -0.406817  
0  0  0  -1.406  -8.39865  -0.413254  -2.45089  -0.229156  -2.45105  -0.229166  -8.35359  -0.410586  
0  0  0  -1.404  -8.43998  -0.417106  -2.47378  -0.232038  -2.47395  -0.232048  -8.39465  -0.41441  
0  0  0  -1.402  -8.4817  -0.421014  -2.49697  -0.234967  -2.49714  -0.234977  -8.4361  -0.418289  
0  0  0  -1.4  -8.5238  -0.42498  -2.52044  -0.237946  -2.52061  -0.237956  -8.47793  -0.422226  
0  0  0  -1.398  -8.5663  -0.429004  -2.54422  -0.240975  -2.54439  -0.240985  -8.52015  -0.426221  
0  0  0  -1.396  -8.60921  -0.433088  -2.56829  -0.244054  -2.56847  -0.244065  -8.56278  -0.430276  
0  0  0  -1.394  -8.65251  -0.437234  -2.59267  -0.247186  -2.59285  -0.247197  -8.6058  -0.434391  
0  0  0  -1.392  -8.69624  -0.441442  -2.61737  -0.250371  -2.61754  -0.250382  -8.64924  -0.438568  
0  0  0  -1.39  -8.74038  -0.445713  -2.64238  -0.253611  -2.64256  -0.253621  -8.6931  -0.442809  
0  0  0  -1.388  -8.78495  -0.45005  -2.66771  -0.256906  -2.66789  -0.256917  -8.73737  -0.447114  
0  0  0  -1.386  -8.82995  -0.454453  -2.69338  -0.260257  -2.69355  -0.260268  -8.78208  -0.451485  
0  0  0  -1.384  -8.87538  -0.458924  -2.71937  -0.263667  -2.71955  -0.263678  -8.82722  -0.455923  
0  0  0  -1.382  -8.92127  -0.463465  -2.74571  -0.267137  -2.74589  -0.267148  -8.87281  -0.46043  
0  0  0  -1.38  -8.96761  -0.468076  -2.77239  -0.270667  -2.77257  -0.270678  -8.91884  -0.465008  
0  0  0  -1.378  -9.0144  -0.47276  -2.79942  -0.274259  -2.7996  -0.27427  -8.96533  -0.469657  
0  0  0  -1.376  -9.06167  -0.477517  -2.82681  -0.277914  -2.82699  -0.277926  -9.01228  -0.474379  
0  0  0  -1.374  -9.1094  -0.48235  -2.85456  -0.281634  -2.85475  -0.281646  -9.05971  -0.479176  
0  0  0  -1.372  -9.15762  -0.48726  -2.88269  -0.285421  -2.88287  -0.285433  -9.10761  -0.48405  
0  0  0  -1.37  -9.20633  -0.492248  -2.91119  -0.289275  -2.91137  -0.289288  -9.156  -0.489002  
0  0  0  -1.368  -9.25554  -0.497318  -2.94007  -0.293199  -2.94026  -0.293212  -9.20488  -0.494034  
0  0  0  -1.366  -9.30525  -0.502469  -2.96935  -0.297194  -2.96953  -0.297207  -9.25426  -0.499148  
0  0  0  -1.364  -9.35547  -0.507705  -2.99902  -0.301262  -2.99921  -0.301275  -9.30415  -0.504345  
0  0  0  -1.362  -9.40621  -0.513027  -3.02909  -0.305404  -3.02929  -0.305417  -9.35456  -0.509628  
0  0  0  -1.36  -9.45749  -0.518437  -3.05958  -0.309623  -3.05978  -0.309635  -9.40549  -0.514998  
0  0  0  -1.358  -9.5093  -0.523937  -3.09049  -0.313919  -3.09069  -0.313932  -9.45696  -0.520457  
0  0  0  -1.356  -9.56166  -0.52953  -3.12183  -0.318295  -3.12202  -0.318308  -9.50898  -0.526008  
0  0  0  -1.354  -9.61458  -0.535216  -3.1536  -0.322752  -3.1538  -0.322766  -9.56154  -0.531652  
0  0  0  -1.352  -9.66806  -0.540999  -3.18581  -0.327294  -3.18601  -0.327307  -9.61467  -0.537392  
0  0  0  -1.35  -9.72212  -0.54688  -3.21848  -0.331921  -3.21868  -0.331934  -9.66837  -0.54323  
0  0  0  -1.348  -9.77676  -0.552863  -3.2516  -0.336636  -3.2518  -0.336649  -9.72265  -0.549168  
0  0  0  -1.346  -9.832  -0.558949  -3.2852  -0.34144  -3.2854  -0.341454  -9.77752  -0.555209  
0  0  0  -1.344  -9.88785  -0.565141  -3.31927  -0.346337  -3.31947  -0.346351  -9.83299  -0.561355  
0  0  0  -1.342  -9.94431  -0.571441  -3.35383  -0.351329  -3.35403  -0.351343  -9.88907  -0.567608  
0  0  0  -1.34  -10.0014  -0.577852  -3.38888  -0.356417  -3.38909  -0.356431  -9.94578  -0.573971  
0  0  0  -1.338  -10.0591  -0.584377  -3.42444  -0.361604  -3.42465  -0.361618  -10.0031  -0.580448  
0  0  0  -1.336  -10.1175  -0.591018  -3.46051  -0.366893  -3.46072  -0.366907  -10.0611  -0.587039  
0  0  0  -1.334  -10.1765  -0.597779  -3.49711  -0.372286  -3.49733  -0.372301  -10.1197  -0.593749  
0  0  0  -1.332  -10.2362  -0.604662  -3.53425  -0.377786  -3.53446  -0.377801  -10.179  -0.600581  
0  0  0  -1.33  -10.2966  -0.61167  -3.57193  -0.383396  -3.57215  -0.383411  -10.239  -0.607537  
0  0  0  -1.328  -10.3577  -0.618806  -3.61017  -0.389118  -3.61039  -0.389133  -10.2997  -0.61462  
0  0  0  -1.326  -10.4195  -0.626075  -3.64898  -0.394955  -3.64919  -0.394971  -10.3611  -0.621834  
0  0  0  -1.324  -10.482  -0.633478  -3.68836  -0.400911  -3.68858  -0.400927  -10.4232  -0.629181  
0  0  0  -1.322  -10.5453  -0.64102  -3.72834  -0.406989  -3.72856  -0.407005  -10.486  -0.636667  
0  0  0  -1.32  -10.6093  -0.648703  -3.76892  -0.413191  -3.76914  -0.413207  -10.5496  -0.644293  
0  0  0  -1.318  -10.6741  -0.656533  -3.81011  -0.419521  -3.81034  -0.419538  -10.6139  -0.652063  
0  0  0  -1.316  -10.7396  -0.664512  -3.85194  -0.425983  -3.85216  -0.426  -10.679  -0.659982  
0  0  0  -1.314  -10.8059  -0.672644  -3.8944  -0.432579  -3.89463  -0.432596  -10.7449  -0.668053  
0  0  0  -1.312  -10.8731  -0.680934  -3.93752  -0.439315  -3.93775  -0.439332  -10.8116  -0.676281  
0  0  0  -1.31  -10.941  -0.689385  -3.9813  -0.446192  -3.98153  -0.44621  -10.8791  -0.684668  
0  0  0  -1.308  -11.0098  -0.698002  -4.02577  -0.453216  -4.026  -0.453234  -10.9474  -0.693221  
0  0  0  -1.306  -11.0795  -0.70679  -4.07093  -0.460391  -4.07117  -0.460409  -11.0166  -0.701942  
0  0  0  -1.304  -11.15  -0.715753  -4.11681  -0.46772  -4.11704  -0.467738  -11.0866  -0.710837  
0  0  0  -1.302  -11.2215  -0.724896  -4.16341  -0.475208  -4.16364  -0.475226  -11.1575  -0.719911  
0  0  0  -1.3  -11.2938  -0.734223  -4.21075  -0.482859  -4.21099  -0.482878  -11.2294  -0.729168  
0  0  0  -1.298  -11.367  -0.74374  -4.25884  -0.490678  -4.25909  -0.490697  -11.3021  -0.738613  
0  0  0  -1.296  -11.4412  -0.753453  -4.30772  -0.49867  -4.30796  -0.49869  -11.3758  -0.748252  
0  0  0  -1.294  -11.5164  -0.763366  -4.35738  -0.50684  -4.35763  -0.50686  -11.4504  -0.75809  
0  0  0  -1.292  -11.5925  -0.773486  -4.40785  -0.515193  -4.4081  -0.515213  -11.5261  -0.768133  
0  0  0  -1.29  -11.6697  -0.783817  -4.45915  -0.523734  -4.4594  -0.523754  -11.6027  -0.778386  
0  0  0  -1.288  -11.7478  -0.794368  -4.51129  -0.532468  -4.51155  -0.532489  -11.6803  -0.788856  
0  0  0  -1.286  -11.827  -0.805142  -4.5643  -0.541402  -4.56455  -0.541423  -11.7589  -0.799549  
0  0  0  -1.284  -11.9073  -0.816149  -4.61819  -0.550542  -4.61845  -0.550563  -11.8387  -0.810472  
0  0  0  -1.282  -11.9887  -0.827393  -4.67298  -0.559893  -4.67324  -0.559915  -11.9195  -0.82163  
0  0  0  -1.28  -12.0711  -0.838882  -4.7287  -0.569462  -4.72896  -0.569484  -12.0014  -0.833032  
0  0  0  -1.278  -12.1548  -0.850624  -4.78536  -0.579256  -4.78563  -0.579278  -12.0844  -0.844684  
0  0  0  -1.276  -12.2395  -0.862625  -4.84299  -0.589281  -4.84326  -0.589304  -12.1686  -0.856594  
0  0  0  -1.274  -12.3255  -0.874895  -4.90161  -0.599545  -4.90188  -0.599568  -12.2539  -0.86877  
0  0  0  -1.272  -12.4127  -0.88744  -4.96125  -0.610055  -4.96151  -0.610078  -12.3405  -0.88122  
0  0  0  -1.27  -12.5011  -0.90027  -5.02192  -0.620819  -5.02219  -0.620842  -12.4283  -0.893952  
0  0  0  -1.268  -12.5908  -0.913394  -5.08365  -0.631844  -5.08392  -0.631868  -12.5173  -0.906975  
0  0  0  -1.266  -12.6817  -0.92682  -5.14647  -0.643139  -5.14674  -0.643164  -12.6077  -0.920298  
0  0  0  -1.264  -12.774  -0.940558  -5.2104  -0.654714  -5.21068  -0.654738  -12.6993  -0.933931  
0  0  0  -1.262  -12.8677  -0.954618  -5.27547  -0.666576  -5.27575  -0.666601  -12.7923  -0.947884  
0  0  0  -1.26  -12.9627  -0.96901  -5.34171  -0.678735  -5.34199  -0.67876  -12.8867  -0.962166  
0  0  0  -1.258  -13.0592  -0.983745  -5.40915  -0.6912  -5.40944  -0.691226  -12.9825  -0.976788  
0  0  0  -1.256  -13.1571  -0.998835  -5.47782  -0.703983  -5.47811  -0.704009  -13.0797  -0.991762  
0  0  0  -1.254  -13.2565  -1.01429  -5.54774  -0.717093  -5.54803  -0.71712  -13.1784  -1.0071  
0  0  0  -1.252  -13.3574  -1.03012  -5.61896  -0.730542  -5.61925  -0.73057  -13.2786  -1.02281  
0  0  0  -1.25  -13.4599  -1.04635  -5.69149  -0.744341  -5.69179  -0.744369  -13.3804  -1.03891  
0  0  0  -1.248  -13.564  -1.06297  -5.76539  -0.758502  -5.76568  -0.75853  -13.4837  -1.05541  
0  0  0  -1.246  -13.6697  -1.08002  -5.84067  -0.773037  -5.84097  -0.773066  -13.5887  -1.07232  
0  0  0  -1.244  -13.7771  -1.0975  -5.91738  -0.78796  -5.91769  -0.787989  -13.6953  -1.08966  
0  0  0  -1.242  -13.8862  -1.11542  -5.99556  -0.803284  -5.99587  -0.803313  -13.8036  -1.10745  
0  0  0  -1.24  -13.9971  -1.1338  -6.07525  -0.819022  -6.07555  -0.819052  -13.9137  -1.12569  
0  0  0  -1.238  -14.1098  -1.15267  -6.15647  -0.835191  -6.15678  -0.835222  -14.0256  -1.14441  
0  0  0  -1.236  -14.2243  -1.17203  -6.23928  -0.851805  -6.2396  -0.851836  -14.1393  -1.16362  
0  0  0  -1.234  -14.3407  -1.1919  -6.32372  -0.86888  -6.32404  -0.868912  -14.2549  -1.18334  
0  0  0  -1.232  -14.4591  -1.2123  -6.40984  -0.886434  -6.41016  -0.886466  -14.3724  -1.20359  
0  0  0  -1.23  -14.5795  -1.23326  -6.49767  -0.904484  -6.49799  -0.904517  -14.492  -1.22438  
0  0  0  -1.228  -14.7019  -1.25479  -6.58727  -0.923048  -6.58759  -0.923081  -14.6135  -1.24574  
0  0  0  -1.226  -14.8265  -1.2769  -6.67868  -0.942145  -6.67901  -0.94218  -14.7372  -1.26769  
0  0  0  -1.224  -14.9532  -1.29964  -6.77196  -0.961797  -6.7723  -0.961832  -14.863  -1.29025  
0  0  0  -1.222  -15.0821  -1.32301  -6.86716  -0.982024  -6.8675  -0.982059  -14.991  -1.31344  
0  0  0  -1.22  -15.2134  -1.34704  -6.96434  -1.00285  -6.96468  -1.00288  -15.1212  -1.33728  
0  0  0  -1.218  -15.3469  -1.37177  -7.06355  -1.02429  -7.06389  -1.02433  -15.2538  -1.36181  
0  0  0  -1.216  -15.4829  -1.3972  -7.16485  -1.04638  -7.1652  -1.04642  -15.3888  -1.38705  
0  0  0  -1.214  -15.6214  -1.42338  -7.2683  -1.06914  -7.26865  -1.06918  -15.5263  -1.41303  
0  0  0  -1.212  -15.7624  -1.45034  -7.37397  -1.0926  -7.37433  -1.09264  -15.6663  -1.43977  
0  0  0  -1.21  -15.906  -1.47809  -7.48192  -1.11678  -7.48228  -1.11682  -15.8089  -1.46731  
0  0  0  -1.208  -16.0524  -1.50668  -7.59223  -1.14172  -7.59259  -1.14176  -15.9542  -1.49568  
0  0  0  -1.206  -16.2015  -1.53614  -7.70496  -1.16744  -7.70533  -1.16749  -16.1022  -1.52491  
0  0  0  -1.204  -16.3535  -1.56651  -7.82019  -1.19399  -7.82056  -1.19403  -16.2531  -1.55504  
0  0  0  -1.202  -16.5085  -1.59782  -7.93799  -1.22139  -7.93837  -1.22143  -16.4069  -1.58611  
0  0  0  -1.2  -16.6665  -1.63012  -8.05845  -1.24967  -8.05883  -1.24972  -16.5637  -1.61815  
0  0  0  -1.198  -16.8276  -1.66344  -8.18165  -1.27889  -8.18204  -1.27893  -16.7237  -1.65122  
0  0  0  -1.196  -16.9919  -1.69783  -8.30768  -1.30907  -8.30807  -1.30912  -16.8868  -1.68534  
0  0  0  -1.194  -17.1596  -1.73334  -8.43663  -1.34027  -8.43703  -1.34031  -17.0533  -1.72057  
0  0  0  -1.192  -17.3307  -1.77001  -8.56859  -1.37252  -8.56899  -1.37257  -17.2232  -1.75696  
0  0  0  -1.19  -17.5054  -1.8079  -8.70367  -1.40587  -8.70408  -1.40592  -17.3965  -1.79455  
0  0  0  -1.188  -17.6837  -1.84707  -8.84196  -1.44038  -8.84237  -1.44043  -17.5735  -1.83341  
0  0  0  -1.186  -17.8658  -1.88756  -8.98358  -1.47609  -8.984  -1.47614  -17.7543  -1.87359  
0  0  0  -1.184  -18.0518  -1.92945  -9.12864  -1.51307  -9.12906  -1.51312  -17.9389  -1.91515  
0  0  0  -1.182  -18.2419  -1.97279  -9.27725  -1.55136  -9.27767  -1.55142  -18.1276  -1.95815  
0  0  0  -1.18  -18.4361  -2.01766  -9.42953  -1.59104  -9.42996  -1.5911  -18.3203  -2.00267  
0  0  0  -1.178  -18.6346  -2.06413  -9.58563  -1.63217  -9.58606  -1.63223  -18.5174  -2.04877  
0  0  0  -1.176  -18.8376  -2.11227  -9.74566  -1.67482  -9.7461  -1.67488  -18.7188  -2.09654  
0  0  0  -1.174  -19.0451  -2.16217  -9.90977  -1.71907  -9.91022  -1.71913  -18.9249  -2.14605  
0  0  0  -1.172  -19.2575  -2.21392  -10.0781  -1.76499  -10.0786  -1.76505  -19.1356  -2.19739  
0  0  0  -1.17  -19.4748  -2.2676  -10.2508  -1.81267  -10.2513  -1.81273  -19.3513  -2.25065  
0  0  0  -1.168  -19.6972  -2.32331  -10.4281  -1.86219  -10.4286  -1.86226  -19.5721  -2.30593  
0  0  0  -1.166  -19.925  -2.38117  -10.6101  -1.91366  -10.6105  -1.91373  -19.7981  -2.36333  
0  0  0  -1.164  -20.1582  -2.44127  -10.7969  -1.96718  -10.7974  -1.96724  -20.0296  -2.42296  
0  0  0  -1.162  -20.3971  -2.50375  -10.9888  -2.02284  -10.9893  -2.02291  -20.2667  -2.48495  
0  0  0  -1.16  -20.642  -2.56872  -11.186  -2.08078  -11.1865  -2.08085  -20.5098  -2.5494  
0  0  0  -1.158  -20.893  -2.63632  -11.3887  -2.1411  -11.3892  -2.14117  -20.7589  -2.61647  
0  0  0  -1.156  -21.1504  -2.70669  -11.5971  -2.20395  -11.5976  -2.20402  -21.0143  -2.68629  
0  0  0  -1.154  -21.4144  -2.77999  -11.8113  -2.26945  -11.8119  -2.26953  -21.2764  -2.75902  
0  0  0  -1.152  -21.6853  -2.85638  -12.0318  -2.33778  -12.0323  -2.33786  -21.5452  -2.83481  
0  0  0  -1.15  -21.9633  -2.93604  -12.2586  -2.40907  -12.2591  -2.40915  -21.8212  -2.91384  
0  0  0  -1.148  -22.2489  -3.01916  -12.4921  -2.48351  -12.4926  -2.48359  -22.1046  -2.99631  
0  0  0  -1.146  -22.5422  -3.10594  -12.7325  -2.56128  -12.733  -2.56137  -22.3956  -3.0824  
0  0  0  -1.144  -22.8435  -3.1966  -12.9802  -2.64258  -12.9807  -2.64267  -22.6947  -3.17235  
0  0  0  -1.142  -23.1533  -3.29137  -13.2354  -2.72762  -13.2359  -2.72771  -23.0022  -3.26637  
0  0  0  -1.14  -23.4719  -3.3905  -13.4984  -2.81663  -13.499  -2.81673  -23.3183  -3.36472  
0  0  0  -1.138  -23.7996  -3.49427  -13.7697  -2.90986  -13.7703  -2.90996  -23.6436  -3.46767  
0  0  0  -1.136  -24.1369  -3.60296  -14.0496  -3.00758  -14.0501  -3.00769  -23.9783  -3.57551  
0  0  0  -1.134  -24.4842  -3.7169  -14.3384  -3.11008  -14.339  -3.11018  -24.3229  -3.68854  
0  0  0  -1.132  -24.8419  -3.83642  -14.6365  -3.21765  -14.6371  -3.21776  -24.6779  -3.80712  
0  0  0  -1.13  -25.2104  -3.9619  -14.9445  -3.33065  -14.9451  -3.33077  -25.0436  -3.9316  
0  0  0  -1.128  -25.5904  -4.09372  -15.2627  -3.44944  -15.2633  -3.44956  -25.4207  -4.06239  
0  0  0  -1.126  -25.9823  -4.23233  -15.5916  -3.57441  -15.5923  -3.57453  -25.8096  -4.19991  
0  0  0  -1.124  -26.3866  -4.3782  -15.9318  -3.70599  -15.9324  -3.70611  -26.2108  -4.34462  
0  0  0  -1.122  -26.8041  -4.53184  -16.2837  -3.84464  -16.2844  -3.84477  -26.6251  -4.49704  
0  0  0  -1.12  -27.2352  -4.6938  -16.648  -3.99088  -16.6487  -3.99102  -27.0529  -4.65772  
0  0  0  -1.118  -27.6807  -4.86469  -17.0252  -4.14527  -17.0259  -4.1454  -27.495  -4.82726  
0  0  0  -1.116  -28.1413  -5.04517  -17.4161  -4.30839  -17.4168  -4.30853  -27.952  -5.00632  
0  0  0  -1.114  -28.6177  -5.23597  -17.8212  -4.48092  -17.8219  -4.48107  -28.4248  -5.19561  
0  0  0  -1.112  -29.1107  -5.43788  -18.2414  -4.66358  -18.2421  -4.66373  -28.914  -5.39592  
0  0  0  -1.11  -29.6213  -5.65177  -18.6773  -4.85715  -18.678  -4.85732  -29.4206  -5.60812  
0  0  0  -1.108  -30.1502  -5.8786  -19.1299  -5.06252  -19.1306  -5.06269  -29.9455  -5.83315  
0  0  0  -1.106  -30.6985  -6.11941  -19.5999  -5.28064  -19.6007  -5.28082  -30.4895  -6.07206  
0  0  0  -1.104  -31.2671  -6.37536  -20.0885  -5.51257  -20.0892  -5.51275  -31.0538  -6.32598  
0  0  0  -1.102  -31.8573  -6.64773  -20.5964  -5.75946  -20.5972  -5.75965  -31.6394  -6.59619  
0  0  0  -1.1  -32.4701  -6.93792  -21.1248  -6.02261  -21.1256  -6.02281  -32.2474  -6.88408  
0  0  0  -1.098  -33.1067  -7.2475  -21.6749  -6.30344  -21.6757  -6.30365  -32.8791  -7.19121  
0  0  0  -1.096  -33.7685  -7.57821  -22.2477  -6.60354  -22.2486  -6.60376  -33.5358  -7.5193  
0  0  0  -1.094  -34.4569  -7.93196  -22.8446  -6.92466  -22.8455  -6.92489  -34.2189  -7.87025  
0  0  0  -1.092  -35.1734  -8.31092  -23.467  -7.26876  -23.4679  -7.269  -34.9298  -8.2462  
0  0  0  -1.09  -35.9195  -8.71746  -24.1163  -7.63803  -24.1172  -7.63828  -35.6701  -8.64952  
0  0  0  -1.088  -36.6969  -9.15427  -24.7939  -8.0349  -24.7949  -8.03517  -36.4415  -9.08287  
0  0  0  -1.086  -37.5074  -9.62436  -25.5016  -8.46213  -25.5025  -8.46241  -37.2457  -9.54923  
0  0  0  -1.084  -38.3528  -10.1311  -26.2409  -8.92278  -26.2419  -8.92307  -38.0845  -10.0519  
0  0  0  -1.082  -39.2351  -10.6782  -27.0137  -9.42032  -27.0148  -9.42063  -38.9599  -10.5947  
0  0  0  -1.08  -40.1563  -11.2701  -27.8219  -9.95864  -27.8229  -9.95897  -39.8739  -11.1819  
0  0  0  -1.078  -41.1186  -11.9115  -28.6673  -10.5422  -28.6684  -10.5425  -40.8287  -11.8182  
0  0  0  -1.076  -42.124  -12.6079  -29.552  -11.1759  -29.5531  -11.1762  -41.8263  -12.5091  
0  0  0  -1.074  -43.175  -13.3656  -30.478  -11.8655  -30.4791  -11.8659  -42.869  -13.2608  
0  0  0  -1.072  -44.2736  -14.1916  -31.4474  -12.6174  -31.4485  -12.6178  -43.9591  -14.0802  
0  0  0  -1.07  -45.4222  -15.094  -32.4621  -13.439  -32.4633  -13.4395  -45.0986  -14.9755  
0  0  0  -1.068  -46.6228  -16.082  -33.5241  -14.3388  -33.5253  -14.3392  -46.2898  -15.9556  
0  0  0  -1.066  -47.8773  -17.1661  -34.6351  -15.3263  -34.6364  -15.3268  -47.5345  -17.0312  
0  0  0  -1.064  -49.1873  -18.3586  -35.7966  -16.4126  -35.7979  -16.4131  -48.8343  -18.2142  
0  0  0  -1.062  -50.5541  -19.6733  -37.0097  -17.6105  -37.011  -17.611  -50.1903  -19.5185  
0  0  0  -1.06  -51.9779  -21.1263  -38.2746  -18.9345  -38.276  -18.9351  -51.603  -20.9599  
0  0  0  -1.058  -53.4582  -22.7361  -39.5909  -20.4015  -39.5923  -20.4022  -53.0716  -22.5569  
0  0  0  -1.056  -54.9928  -24.5238  -40.9566  -22.031  -40.9581  -22.0317  -54.5943  -24.3304  
0  0  0  -1.054  -56.5778  -26.514  -42.368  -23.8453  -42.3696  -23.8461  -56.1668  -26.3049  
0  0  0  -1.052  -58.2062  -28.735  -43.8189  -25.8701  -43.8205  -25.8709  -57.7824  -28.5082  
0  0  0  -1.05  -59.8674  -31.219  -45.2995  -28.1349  -45.3011  -28.1358  -59.4305  -30.9724  
0  0  0  -1.048  -61.5456  -34.0028  -46.7954  -30.6733  -46.797  -30.6743  -61.0956  -33.7341  
0  0  0  -1.046  -63.2181  -37.1281  -48.2858  -33.5234  -48.2876  -33.5245  -62.7549  -36.8347  
0  0  0  -1.044  -64.8529  -40.6417  -49.7417  -36.7277  -49.7435  -36.7289  -64.3769  -40.3203  
0  0  0  -1.042  -66.4058  -44.5945  -51.1227  -40.3329  -51.1245  -40.3343  -65.9176  -44.2417  
0  0  0  -1.04  -67.8166  -49.0412  -52.3736  -44.3888  -52.3755  -44.3902  -67.3173  -48.6531  
0  0  0  -1.038  -69.0042  -54.037  -53.4208  -48.9458  -53.4227  -48.9473  -68.4957  -53.6092  
0  0  0  -1.036  -69.8618  -59.6341  -54.1666  -54.0514  -54.1685  -54.0531  -69.3466  -59.1619  
0  0  0  -1.034  -70.2509  -65.8737  -54.4845  -59.7433  -54.4864  -59.7453  -69.7327  -65.3519  
0  0  0  -1.032  -69.9961  -72.7749  -54.2147  -66.0391  -54.2167  -66.0413  -69.4802  -72.1983  
0  0  0  -1.03  -68.8835  -80.3188  -53.1618  -72.9212  -53.1637  -72.9236  -68.3765  -79.6822  
0  0  0  -1.028  -66.6634  -88.4255  -51.0981  -80.317  -51.0999  -80.3196  -66.1743  -87.7245  
0  0  0  -1.026  -63.0652  -96.9286  -47.7765  -88.0746  -47.7782  -88.0774  -62.6048  -96.1602  
0  0  0  -1.024  -57.8268  -105.549  -42.9578  -95.9391  -42.9594  -95.9423  -57.4082  -104.712  
0  0  0  -1.022  -50.7447  -113.879  -36.4564  -103.538  -36.4578  -103.542  -50.3824  -112.976  
0  0  0  -1.02  -41.7408  -121.389  -28.2011  -110.389  -28.2022  -110.393  -41.4503  -120.426  
0  0  0  -1.018  -30.9334  -127.477  -18.2996  -115.943  -18.3003  -115.947  -30.7288  -126.466  
0  0  0  -1.016  -18.6832  -131.563  -7.08132  -119.669  -7.08172  -119.673  -18.5762  -130.519  
0  0  0  -1.014  -5.58586  -133.205  4.91032  -121.166  4.91031  -121.17  -5.58305  -132.149  
0  0  0  -1.012  7.60927  -132.216  16.9914  -120.26  16.9918  -120.264  7.50708  -131.167  
0  0  0  -1.01  20.1341  -128.709  28.4609  -117.058  28.4617  -117.061  19.9322  -127.688  
0  0  0  -1.008  31.3445  -123.071  38.7312  -111.91  38.7323  -111.914  31.0534  -122.095  
0  0  0  -1.006  40.8175  -115.861  47.4162  -105.328  47.4176  -105.331  40.451  -114.942  
0  0  0  -1.004  48.3772  -107.685  54.3554  -97.8638  54.357  -97.8669  47.9504  -106.831  
0  0  0  -1.002  54.0588  -99.0958  59.581  -90.0233  59.5827  -90.0262  53.5868  -98.3102  
0  0  0  -1  58.0414  -90.5347  63.2563  -82.2082  63.2581  -82.2109  57.5376  -89.8172  
0  0  0  -0.998  60.5778  -82.312  65.612  -74.7018  65.614  -74.7042  60.0537  -81.6597  
0  0  0  -0.996  61.9402  -74.6198  66.8967  -67.6796  66.8986  -67.6817  61.405  -74.0287  
0  0  0  -0.994  62.3852  -67.5569  67.3443  -61.2316  67.3464  -61.2336  61.8463  -67.0219  
0  0  0  -0.992  62.1363  -61.1552  67.1592  -55.3871  67.1611  -55.3889  61.5993  -60.6711  
0  0  0  -0.99  61.3786  -55.4035  66.5098  -50.1357  66.5117  -50.1373  60.8473  -54.9651  
0  0  0  -0.988  60.2591  -50.2647  65.5306  -45.4435  65.5325  -45.445  59.7366  -49.8671  
0  0  0  -0.986  58.8924  -45.6886  64.326  -41.2649  64.3279  -41.2662  58.3805  -45.3274  
0  0  0  -0.984  57.3651  -41.6202  62.9752  -37.5495  62.977  -37.5508  56.8652  -41.2913  
0  0  0  -0.982  55.7424  -38.0044  61.5375  -34.2472  61.5393  -34.2484  55.2552  -37.7043  
0  0  0  -0.98  54.0719  -34.7892  60.0565  -31.3104  60.0583  -31.3115  53.5979  -34.5146  
0  0  0  -0.978  52.3886  -31.9267  58.564  -28.6955  58.5657  -28.6964  51.9277  -31.6749  
0  0  0  -0.976  50.717  -29.374  57.0826  -26.3633  57.0843  -26.3641  50.2692  -29.1425  
0  0  0  -0.974  49.0746  -27.093  55.628  -24.279  55.6297  -24.2798  48.6397  -26.8797  
