#site_i spin_i site_j spin_j Hopping[site_i,spin_i][site_j,spin_j]
0  0  2  0  (-1,-0)
0  0  3  0  (-1,0)
0  0  5  0  (-1,-0)
0  1  2  1  (-1,0)
0  1  3  1  (-1,-0)
0  1  5  1  (-1,0)
1  0  4  0  (-1,-0)
1  0  5  0  (-1,0)
1  1  4  1  (-1,0)
1  1  5  1  (-1,-0)
2  0  0  0  (-1,0)
2  0  3  0  (-1,-0)
2  0  4  0  (-1,0)
2  1  0  1  (-1,-0)
2  1  3  1  (-1,0)
2  1  4  1  (-1,-0)
3  0  0  0  (-1,-0)
3  0  2  0  (-1,0)
3  0  5  0  (-1,0)
3  0  7  0  (-1,0)
3  0  8  0  (-1,-0)
3  1  0  1  (-1,0)
3  1  2  1  (-1,-0)
3  1  5  1  (-1,-0)
3  1  7  1  (-1,-0)
3  1  8  1  (-1,0)
4  0  1  0  (-1,0)
4  0  2  0  (-1,-0)
4  0  6  0  (-1,0)
4  0  7  0  (-1,-0)
4  1  1  1  (-1,-0)
4  1  2  1  (-1,0)
4  1  6  1  (-1,-0)
4  1  7  1  (-1,0)
5  0  0  0  (-1,0)
5  0  1  0  (-1,-0)
5  0  3  0  (-1,-0)
5  0  6  0  (-1,-0)
5  0  8  0  (-1,0)
5  1  0  1  (-1,-0)
5  1  1  1  (-1,0)
5  1  3  1  (-1,0)
5  1  6  1  (-1,0)
5  1  8  1  (-1,-0)
6  0  4  0  (-1,-0)
6  0  5  0  (-1,0)
6  0  8  0  (-1,-0)
6  0  9  0  (-1,0)
6  0  11  0  (-1,-0)
6  1  4  1  (-1,0)
6  1  5  1  (-1,-0)
6  1  8  1  (-1,0)
6  1  9  1  (-1,-0)
6  1  11  1  (-1,0)
7  0  3  0  (-1,-0)
7  0  4  0  (-1,0)
7  0  10  0  (-1,-0)
7  0  11  0  (-1,0)
7  1  3  1  (-1,0)
7  1  4  1  (-1,-0)
7  1  10  1  (-1,0)
7  1  11  1  (-1,-0)
8  0  3  0  (-1,0)
8  0  5  0  (-1,-0)
8  0  6  0  (-1,0)
8  0  9  0  (-1,-0)
8  0  10  0  (-1,0)
8  1  3  1  (-1,-0)
8  1  5  1  (-1,0)
8  1  6  1  (-1,-0)
8  1  9  1  (-1,0)
8  1  10  1  (-1,-0)
9  0  6  0  (-1,-0)
9  0  8  0  (-1,0)
9  0  11  0  (-1,0)
9  0  13  0  (-1,0)
9  0  14  0  (-1,-0)
9  1  6  1  (-1,0)
9  1  8  1  (-1,-0)
9  1  11  1  (-1,-0)
9  1  13  1  (-1,-0)
9  1  14  1  (-1,0)
10  0  7  0  (-1,0)
10  0  8  0  (-1,-0)
10  0  12  0  (-1,0)
10  0  13  0  (-1,-0)
10  1  7  1  (-1,-0)
10  1  8  1  (-1,0)
10  1  12  1  (-1,-0)
10  1  13  1  (-1,0)
11  0  6  0  (-1,0)
11  0  7  0  (-1,-0)
11  0  9  0  (-1,-0)
11  0  12  0  (-1,-0)
11  0  14  0  (-1,0)
11  1  6  1  (-1,-0)
11  1  7  1  (-1,0)
11  1  9  1  (-1,0)
11  1  12  1  (-1,0)
11  1  14  1  (-1,-0)
12  0  10  0  (-1,-0)
12  0  11  0  (-1,0)
12  0  14  0  (-1,-0)
12  0  15  0  (-1,0)
12  0  17  0  (-1,-0)
12  1  10  1  (-1,0)
12  1  11  1  (-1,-0)
12  1  14  1  (-1,0)
12  1  15  1  (-1,-0)
12  1  17  1  (-1,0)
13  0  9  0  (-1,-0)
13  0  10  0  (-1,0)
13  0  16  0  (-1,-0)
13  0  17  0  (-1,0)
13  1  9  1  (-1,0)
13  1  10  1  (-1,-0)
13  1  16  1  (-1,0)
13  1  17  1  (-1,-0)
14  0  9  0  (-1,0)
14  0  11  0  (-1,-0)
14  0  12  0  (-1,0)
14  0  15  0  (-1,-0)
14  0  16  0  (-1,0)
14  1  9  1  (-1,-0)
14  1  11  1  (-1,0)
14  1  12  1  (-1,-0)
14  1  15  1  (-1,0)
14  1  16  1  (-1,-0)
15  0  12  0  (-1,-0)
15  0  14  0  (-1,0)
15  0  17  0  (-1,0)
15  0  19  0  (-1,0)
15  0  20  0  (-1,-0)
15  1  12  1  (-1,0)
15  1  14  1  (-1,-0)
15  1  17  1  (-1,-0)
15  1  19  1  (-1,-0)
15  1  20  1  (-1,0)
16  0  13  0  (-1,0)
16  0  14  0  (-1,-0)
16  0  18  0  (-1,0)
16  0  19  0  (-1,-0)
16  1  13  1  (-1,-0)
16  1  14  1  (-1,0)
16  1  18  1  (-1,-0)
16  1  19  1  (-1,0)
17  0  12  0  (-1,0)
17  0  13  0  (-1,-0)
17  0  15  0  (-1,-0)
17  0  18  0  (-1,-0)
17  0  20  0  (-1,0)
17  1  12  1  (-1,-0)
17  1  13  1  (-1,0)
17  1  15  1  (-1,0)
17  1  18  1  (-1,0)
17  1  20  1  (-1,-0)
18  0  16  0  (-1,-0)
18  0  17  0  (-1,0)
18  0  20  0  (-1,-0)
18  0  21  0  (-1,0)
18  0  23  0  (-1,-0)
18  1  16  1  (-1,0)
18  1  17  1  (-1,-0)
18  1  20  1  (-1,0)
18  1  21  1  (-1,-0)
18  1  23  1  (-1,0)
19  0  15  0  (-1,-0)
19  0  16  0  (-1,0)
19  0  22  0  (-1,-0)
19  0  23  0  (-1,0)
19  1  15  1  (-1,0)
19  1  16  1  (-1,-0)
19  1  22  1  (-1,0)
19  1  23  1  (-1,-0)
20  0  15  0  (-1,0)
20  0  17  0  (-1,-0)
20  0  18  0  (-1,0)
20  0  21  0  (-1,-0)
20  0  22  0  (-1,0)
20  1  15  1  (-1,-0)
20  1  17  1  (-1,0)
20  1  18  1  (-1,-0)
20  1  21  1  (-1,0)
20  1  22  1  (-1,-0)
21  0  18  0  (-1,-0)
21  0  20  0  (-1,0)
21  0  23  0  (-1,0)
21  0  25  0  (-1,0)
21  0  26  0  (-1,-0)
21  1  18  1  (-1,0)
21  1  20  1  (-1,-0)
21  1  23  1  (-1,-0)
21  1  25  1  (-1,-0)
21  1  26  1  (-1,0)
22  0  19  0  (-1,0)
22  0  20  0  (-1,-0)
22  0  24  0  (-1,0)
22  0  25  0  (-1,-0)
22  1  19  1  (-1,-0)
22  1  20  1  (-1,0)
22  1  24  1  (-1,-0)
22  1  25  1  (-1,0)
23  0  18  0  (-1,0)
23  0  19  0  (-1,-0)
23  0  21  0  (-1,-0)
23  0  24  0  (-1,-0)
23  0  26  0  (-1,0)
23  1  18  1  (-1,-0)
23  1  19  1  (-1,0)
23  1  21  1  (-1,0)
23  1  24  1  (-1,0)
23  1  26  1  (-1,-0)
24  0  22  0  (-1,-0)
24  0  23  0  (-1,0)
24  0  26  0  (-1,-0)
24  0  27  0  (-1,0)
24  0  29  0  (-1,-0)
24  1  22  1  (-1,0)
24  1  23  1  (-1,-0)
24  1  26  1  (-1,0)
24  1  27  1  (-1,-0)
24  1  29  1  (-1,0)
25  0  21  0  (-1,-0)
25  0  22  0  (-1,0)
25  0  28  0  (-1,-0)
25  0  29  0  (-1,0)
25  1  21  1  (-1,0)
25  1  22  1  (-1,-0)
25  1  28  1  (-1,0)
25  1  29  1  (-1,-0)
26  0  21  0  (-1,0)
26  0  23  0  (-1,-0)
26  0  24  0  (-1,0)
26  0  27  0  (-1,-0)
26  0  28  0  (-1,0)
26  1  21  1  (-1,-0)
26  1  23  1  (-1,0)
26  1  24  1  (-1,-0)
26  1  27  1  (-1,0)
26  1  28  1  (-1,-0)
27  0  24  0  (-1,-0)
27  0  26  0  (-1,0)
27  0  29  0  (-1,0)
27  0  31  0  (-1,0)
27  0  32  0  (-1,-0)
27  1  24  1  (-1,0)
27  1  26  1  (-1,-0)
27  1  29  1  (-1,-0)
27  1  31  1  (-1,-0)
27  1  32  1  (-1,0)
28  0  25  0  (-1,0)
28  0  26  0  (-1,-0)
28  0  30  0  (-1,0)
28  0  31  0  (-1,-0)
28  1  25  1  (-1,-0)
28  1  26  1  (-1,0)
28  1  30  1  (-1,-0)
28  1  31  1  (-1,0)
29  0  24  0  (-1,0)
29  0  25  0  (-1,-0)
29  0  27  0  (-1,-0)
29  0  30  0  (-1,-0)
29  0  32  0  (-1,0)
29  1  24  1  (-1,-0)
29  1  25  1  (-1,0)
29  1  27  1  (-1,0)
29  1  30  1  (-1,0)
29  1  32  1  (-1,-0)
30  0  28  0  (-1,-0)
30  0  29  0  (-1,0)
30  0  32  0  (-1,-0)
30  0  33  0  (-1,0)
30  0  35  0  (-1,-0)
30  1  28  1  (-1,0)
30  1  29  1  (-1,-0)
30  1  32  1  (-1,0)
30  1  33  1  (-1,-0)
30  1  35  1  (-1,0)
31  0  27  0  (-1,-0)
31  0  28  0  (-1,0)
31  0  34  0  (-1,-0)
31  0  35  0  (-1,0)
31  1  27  1  (-1,0)
31  1  28  1  (-1,-0)
31  1  34  1  (-1,0)
31  1  35  1  (-1,-0)
32  0  27  0  (-1,0)
32  0  29  0  (-1,-0)
32  0  30  0  (-1,0)
32  0  33  0  (-1,-0)
32  0  34  0  (-1,0)
32  1  27  1  (-1,-0)
32  1  29  1  (-1,0)
32  1  30  1  (-1,-0)
32  1  33  1  (-1,0)
32  1  34  1  (-1,-0)
33  0  30  0  (-1,-0)
33  0  32  0  (-1,0)
33  0  35  0  (-1,0)
33  0  37  0  (-1,0)
33  0  38  0  (-1,-0)
33  1  30  1  (-1,0)
33  1  32  1  (-1,-0)
33  1  35  1  (-1,-0)
33  1  37  1  (-1,-0)
33  1  38  1  (-1,0)
34  0  31  0  (-1,0)
34  0  32  0  (-1,-0)
34  0  36  0  (-1,0)
34  0  37  0  (-1,-0)
34  1  31  1  (-1,-0)
34  1  32  1  (-1,0)
34  1  36  1  (-1,-0)
34  1  37  1  (-1,0)
35  0  30  0  (-1,0)
35  0  31  0  (-1,-0)
35  0  33  0  (-1,-0)
35  0  36  0  (-1,-0)
35  0  38  0  (-1,0)
35  1  30  1  (-1,-0)
35  1  31  1  (-1,0)
35  1  33  1  (-1,0)
35  1  36  1  (-1,0)
35  1  38  1  (-1,-0)
36  0  34  0  (-1,-0)
36  0  35  0  (-1,0)
36  0  38  0  (-1,-0)
36  0  39  0  (-1,0)
36  0  41  0  (-1,-0)
36  1  34  1  (-1,0)
36  1  35  1  (-1,-0)
36  1  38  1  (-1,0)
36  1  39  1  (-1,-0)
36  1  41  1  (-1,0)
37  0  33  0  (-1,-0)
37  0  34  0  (-1,0)
37  0  40  0  (-1,-0)
37  0  41  0  (-1,0)
37  1  33  1  (-1,0)
37  1  34  1  (-1,-0)
37  1  40  1  (-1,0)
37  1  41  1  (-1,-0)
38  0  33  0  (-1,0)
38  0  35  0  (-1,-0)
38  0  36  0  (-1,0)
38  0  39  0  (-1,-0)
38  0  40  0  (-1,0)
38  1  33  1  (-1,-0)
38  1  35  1  (-1,0)
38  1  36  1  (-1,-0)
38  1  39  1  (-1,0)
38  1  40  1  (-1,-0)
39  0  36  0  (-1,-0)
39  0  38  0  (-1,0)
39  0  41  0  (-1,0)
39  0  43  0  (-1,0)
39  0  44  0  (-1,-0)
39  1  36  1  (-1,0)
39  1  38  1  (-1,-0)
39  1  41  1  (-1,-0)
39  1  43  1  (-1,-0)
39  1  44  1  (-1,0)
40  0  37  0  (-1,0)
40  0  38  0  (-1,-0)
40  0  42  0  (-1,0)
40  0  43  0  (-1,-0)
40  1  37  1  (-1,-0)
40  1  38  1  (-1,0)
40  1  42  1  (-1,-0)
40  1  43  1  (-1,0)
41  0  36  0  (-1,0)
41  0  37  0  (-1,-0)
41  0  39  0  (-1,-0)
41  0  42  0  (-1,-0)
41  0  44  0  (-1,0)
41  1  36  1  (-1,-0)
41  1  37  1  (-1,0)
41  1  39  1  (-1,0)
41  1  42  1  (-1,0)
41  1  44  1  (-1,-0)
42  0  40  0  (-1,-0)
42  0  41  0  (-1,0)
42  0  44  0  (-1,-0)
42  0  45  0  (-1,0)
42  0  47  0  (-1,-0)
42  1  40  1  (-1,0)
42  1  41  1  (-1,-0)
42  1  44  1  (-1,0)
42  1  45  1  (-1,-0)
42  1  47  1  (-1,0)
43  0  39  0  (-1,-0)
43  0  40  0  (-1,0)
43  0  46  0  (-1,-0)
43  0  47  0  (-1,0)
43  1  39  1  (-1,0)
43  1  40  1  (-1,-0)
43  1  46  1  (-1,0)
43  1  47  1  (-1,-0)
44  0  39  0  (-1,0)
44  0  41  0  (-1,-0)
44  0  42  0  (-1,0)
44  0  45  0  (-1,-0)
44  0  46  0  (-1,0)
44  1  39  1  (-1,-0)
44  1  41  1  (-1,0)
44  1  42  1  (-1,-0)
44  1  45  1  (-1,0)
44  1  46  1  (-1,-0)
45  0  42  0  (-1,-0)
45  0  44  0  (-1,0)
45  0  47  0  (-1,0)
45  1  42  1  (-1,0)
45  1  44  1  (-1,-0)
45  1  47  1  (-1,-0)
46  0  43  0  (-1,0)
46  0  44  0  (-1,-0)
46  1  43  1  (-1,-0)
46  1  44  1  (-1,0)
47  0  42  0  (-1,0)
47  0  43  0  (-1,-0)
47  0  45  0  (-1,-0)
47  1  42  1  (-1,-0)
47  1  43  1  (-1,0)
47  1  45  1  (-1,0)
