#i r(i) U(r)
62   1   0
60   1   0
22   1   0
12   1   0
10   1   0
2   1   0
70   1.73205   0
64   1.73205   0
50   1.73205   0
34   1.73205   0
20   1.73205   0
14   1.73205   0
52   2   0
48   2   0
32   2   0
24   2   0
8   2   0
4   2   0
68   2.64575   0
66   2.64575   0
58   2.64575   0
54   2.64575   0
46   2.64575   0
44   2.64575   0
40   2.64575   0
38   2.64575   0
30   2.64575   0
26   2.64575   0
18   2.64575   0
16   2.64575   0
42   3   0
36   3   0
6   3   0
56   3.4641   0
28   3.4641   0
