0 0 2.06
0 1 2.06
0 2 2.06
0 3 2.06
0 4 2.06
0 5 2.06
0 6 2.06
0 7 2.06
0 8 2.06
0 9 2.06
0 10 2.06
0 11 2.06
0 12 2.06
0 13 2.06
0 14 2.06
0 15 2.06
0 16 2.06
0 17 2.06
0 18 2.06
0 19 2.06
0 20 2.06
0 21 2.06
0 22 2.06
0 23 2.06

1 0 2.06
1 1 2.06
1 2 2.06
1 3 2.06
1 4 2.06
1 5 2.06
1 6 2.06
1 7 2.06
1 8 2.06
1 9 2.06
1 10 2.06
1 11 2.06
1 12 2.06
1 13 2.06
1 14 2.06
1 15 2.06
1 16 2.06
1 17 2.06
1 18 2.06
1 19 2.06
1 20 2.06
1 21 2.06
1 22 2.06
1 23 2.06

2 0 2.06
2 1 2.06
2 2 2.06
2 3 2.06
2 4 2.06
2 5 2.06
2 6 2.06
2 7 2.06
2 8 2.06
2 9 2.06
2 10 2.06
2 11 2.06
2 12 2.06
2 13 2.06
2 14 2.06
2 15 2.06
2 16 2.06
2 17 2.06
2 18 2.06
2 19 2.06
2 20 2.06
2 21 2.06
2 22 2.06
2 23 2.06

3 0 2.06
3 1 2.06
3 2 2.06
3 3 2.06
3 4 2.06
3 5 2.06
3 6 2.06
3 7 2.06
3 8 2.06
3 9 2.06
3 10 2.06
3 11 2.06
3 12 2.06
3 13 2.06
3 14 2.06
3 15 2.06
3 16 2.06
3 17 2.06
3 18 2.06
3 19 2.06
3 20 2.06
3 21 2.06
3 22 2.06
3 23 2.06

4 0 2.06
4 1 2.06
4 2 2.06
4 3 2.06
4 4 2.06
4 5 2.06
4 6 2.06
4 7 2.06
4 8 2.06
4 9 2.06
4 10 2.06
4 11 2.06
4 12 2.06
4 13 2.06
4 14 2.06
4 15 2.06
4 16 2.06
4 17 2.06
4 18 2.06
4 19 2.06
4 20 2.06
4 21 2.06
4 22 2.06
4 23 2.06

5 0 2.06
5 1 2.06
5 2 2.06
5 3 2.06
5 4 2.06
5 5 2.06
5 6 2.06
5 7 2.06
5 8 2.06
5 9 2.06
5 10 2.06
5 11 2.06
5 12 2.06
5 13 2.06
5 14 2.06
5 15 2.06
5 16 2.06
5 17 2.06
5 18 2.06
5 19 2.06
5 20 2.06
5 21 2.06
5 22 2.06
5 23 2.06

6 0 2.06
6 1 2.06
6 2 2.06
6 3 2.06
6 4 2.06
6 5 2.06
6 6 2.06
6 7 2.06
6 8 2.06
6 9 2.06
6 10 2.06
6 11 2.06
6 12 2.06
6 13 2.06
6 14 2.06
6 15 2.06
6 16 2.06
6 17 2.06
6 18 2.06
6 19 2.06
6 20 2.06
6 21 2.06
6 22 2.06
6 23 2.06

7 0 2.06
7 1 2.06
7 2 2.06
7 3 2.06
7 4 2.06
7 5 2.06
7 6 2.06
7 7 2.06
7 8 2.06
7 9 2.06
7 10 2.06
7 11 2.06
7 12 2.06
7 13 2.06
7 14 2.06
7 15 2.06
7 16 2.06
7 17 2.06
7 18 2.06
7 19 2.06
7 20 2.06
7 21 2.06
7 22 2.06
7 23 2.06

8 0 2.06
8 1 2.06
8 2 2.06
8 3 2.06
8 4 2.06
8 5 2.06
8 6 2.06
8 7 2.06
8 8 2.06
8 9 2.06
8 10 2.06
8 11 2.06
8 12 2.06
8 13 2.06
8 14 2.06
8 15 2.06
8 16 2.06
8 17 2.06
8 18 2.06
8 19 2.06
8 20 2.06
8 21 2.06
8 22 2.06
8 23 2.06

9 0 2.06
9 1 2.06
9 2 2.06
9 3 2.06
9 4 2.06
9 5 2.06
9 6 2.06
9 7 2.06
9 8 2.06
9 9 2.06
9 10 2.06
9 11 2.06
9 12 2.06
9 13 2.06
9 14 2.06
9 15 2.06
9 16 2.06
9 17 2.06
9 18 2.06
9 19 2.06
9 20 2.06
9 21 2.06
9 22 2.06
9 23 2.06

10 0 2.06
10 1 2.06
10 2 2.06
10 3 2.06
10 4 2.06
10 5 2.06
10 6 2.06
10 7 2.06
10 8 2.06
10 9 2.06
10 10 2.06
10 11 2.06
10 12 2.06
10 13 2.06
10 14 2.06
10 15 2.06
10 16 2.06
10 17 2.06
10 18 2.06
10 19 2.06
10 20 2.06
10 21 2.06
10 22 2.06
10 23 2.06

11 0 2.06
11 1 2.06
11 2 2.06
11 3 2.06
11 4 2.06
11 5 2.06
11 6 2.06
11 7 2.06
11 8 2.06
11 9 2.06
11 10 2.06
11 11 2.06
11 12 2.06
11 13 2.06
11 14 2.06
11 15 2.06
11 16 2.06
11 17 2.06
11 18 2.06
11 19 2.06
11 20 2.06
11 21 2.06
11 22 2.06
11 23 2.06

12 0 2.06
12 1 2.06
12 2 2.06
12 3 2.06
12 4 2.06
12 5 2.06
12 6 2.06
12 7 2.06
12 8 2.06
12 9 2.06
12 10 2.06
12 11 2.06
12 12 2.06
12 13 2.06
12 14 2.06
12 15 2.06
12 16 2.06
12 17 2.06
12 18 2.06
12 19 2.06
12 20 2.06
12 21 2.06
12 22 2.06
12 23 2.06

13 0 2.06
13 1 2.06
13 2 2.06
13 3 2.06
13 4 2.06
13 5 2.06
13 6 2.06
13 7 2.06
13 8 2.06
13 9 2.06
13 10 2.06
13 11 2.06
13 12 2.06
13 13 2.06
13 14 2.06
13 15 2.06
13 16 2.06
13 17 2.06
13 18 2.06
13 19 2.06
13 20 2.06
13 21 2.06
13 22 2.06
13 23 2.06

14 0 2.06
14 1 2.06
14 2 2.06
14 3 2.06
14 4 2.06
14 5 2.06
14 6 2.06
14 7 2.06
14 8 2.06
14 9 2.06
14 10 2.06
14 11 2.06
14 12 2.06
14 13 2.06
14 14 2.06
14 15 2.06
14 16 2.06
14 17 2.06
14 18 2.06
14 19 2.06
14 20 2.06
14 21 2.06
14 22 2.06
14 23 2.06

15 0 2.06
15 1 2.06
15 2 2.06
15 3 2.06
15 4 2.06
15 5 2.06
15 6 2.06
15 7 2.06
15 8 2.06
15 9 2.06
15 10 2.06
15 11 2.06
15 12 2.06
15 13 2.06
15 14 2.06
15 15 2.06
15 16 2.06
15 17 2.06
15 18 2.06
15 19 2.06
15 20 2.06
15 21 2.06
15 22 2.06
15 23 2.06

16 0 2.06
16 1 2.06
16 2 2.06
16 3 2.06
16 4 2.06
16 5 2.06
16 6 2.06
16 7 2.06
16 8 2.06
16 9 2.06
16 10 2.06
16 11 2.06
16 12 2.06
16 13 2.06
16 14 2.06
16 15 2.06
16 16 2.06
16 17 2.06
16 18 2.06
16 19 2.06
16 20 2.06
16 21 2.06
16 22 2.06
16 23 2.06

17 0 2.06
17 1 2.06
17 2 2.06
17 3 2.06
17 4 2.06
17 5 2.06
17 6 2.06
17 7 2.06
17 8 2.06
17 9 2.06
17 10 2.06
17 11 2.06
17 12 2.06
17 13 2.06
17 14 2.06
17 15 2.06
17 16 2.06
17 17 2.06
17 18 2.06
17 19 2.06
17 20 2.06
17 21 2.06
17 22 2.06
17 23 2.06

18 0 2.06
18 1 2.06
18 2 2.06
18 3 2.06
18 4 2.06
18 5 2.06
18 6 2.06
18 7 2.06
18 8 2.06
18 9 2.06
18 10 2.06
18 11 2.06
18 12 2.06
18 13 2.06
18 14 2.06
18 15 2.06
18 16 2.06
18 17 2.06
18 18 2.06
18 19 2.06
18 20 2.06
18 21 2.06
18 22 2.06
18 23 2.06

19 0 2.06
19 1 2.06
19 2 2.06
19 3 2.06
19 4 2.06
19 5 2.06
19 6 2.06
19 7 2.06
19 8 2.06
19 9 2.06
19 10 2.06
19 11 2.06
19 12 2.06
19 13 2.06
19 14 2.06
19 15 2.06
19 16 2.06
19 17 2.06
19 18 2.06
19 19 2.06
19 20 2.06
19 21 2.06
19 22 2.06
19 23 2.06

20 0 2.06
20 1 2.06
20 2 2.06
20 3 2.06
20 4 2.06
20 5 2.06
20 6 2.06
20 7 2.06
20 8 2.06
20 9 2.06
20 10 2.06
20 11 2.06
20 12 2.06
20 13 2.06
20 14 2.06
20 15 2.06
20 16 2.06
20 17 2.06
20 18 2.06
20 19 2.06
20 20 2.06
20 21 2.06
20 22 2.06
20 23 2.06

21 0 2.06
21 1 2.06
21 2 2.06
21 3 2.06
21 4 2.06
21 5 2.06
21 6 2.06
21 7 2.06
21 8 2.06
21 9 2.06
21 10 2.06
21 11 2.06
21 12 2.06
21 13 2.06
21 14 2.06
21 15 2.06
21 16 2.06
21 17 2.06
21 18 2.06
21 19 2.06
21 20 2.06
21 21 2.06
21 22 2.06
21 23 2.06

22 0 2.06
22 1 2.06
22 2 2.06
22 3 2.06
22 4 2.06
22 5 2.06
22 6 2.06
22 7 2.06
22 8 2.06
22 9 2.06
22 10 2.06
22 11 2.06
22 12 2.06
22 13 2.06
22 14 2.06
22 15 2.06
22 16 2.06
22 17 2.06
22 18 2.06
22 19 2.06
22 20 2.06
22 21 2.06
22 22 2.06
22 23 2.06

23 0 2.06
23 1 2.06
23 2 2.06
23 3 2.06
23 4 2.06
23 5 2.06
23 6 2.06
23 7 2.06
23 8 2.06
23 9 2.06
23 10 2.06
23 11 2.06
23 12 2.06
23 13 2.06
23 14 2.06
23 15 2.06
23 16 2.06
23 17 2.06
23 18 2.06
23 19 2.06
23 20 2.06
23 21 2.06
23 22 2.06
23 23 2.06
