#k1  k2  Akw_up_orb0(w_target)  Akw_up_orb1(w_target) Akw_up_orb2(w_target)  Akw_dn_orbj(w_target) ....
0  0  0.0427988  0.0425597
0  1  31.8871  31.709
0  2  0.00500123  0.0049733
0  3  0.000745296  0.000741138
0  4  0.000230344  0.000229063
0  5  0.000100349  9.97949e-05
0  6  5.40824e-05  5.37873e-05
0  7  3.39119e-05  3.37299e-05
0  8  2.39084e-05  2.37827e-05
0  9  1.85531e-05  1.84576e-05
0  10  1.56247e-05  1.55459e-05
0  11  1.41465e-05  1.40763e-05
0  12  1.3694e-05  1.36263e-05
0  13  1.41465e-05  1.40763e-05
0  14  1.56247e-05  1.55459e-05
0  15  1.85531e-05  1.84576e-05
0  16  2.39084e-05  2.37827e-05
0  17  3.39119e-05  3.37299e-05
0  18  5.40824e-05  5.37873e-05
0  19  0.000100349  9.97949e-05
0  20  0.000230344  0.000229063
0  21  0.000745296  0.000741138
0  22  0.00500123  0.0049733
0  23  31.8871  31.709
0  24  0.0427988  0.0425597

1  0  31.8871  31.709
1  1  31.8871  31.709
1  2  0.0111248  0.0110626
1  3  0.00129406  0.00128683
1  4  0.00034709  0.000345157
1  5  0.000137508  0.000136746
1  6  6.90708e-05  6.86917e-05
1  7  4.09531e-05  4.07315e-05
1  8  2.75542e-05  2.74079e-05
1  9  2.05344e-05  2.04277e-05
1  10  1.66801e-05  1.65953e-05
1  11  1.46074e-05  1.45345e-05
1  12  1.3694e-05  1.36263e-05
1  13  1.3694e-05  1.36263e-05
1  14  1.46074e-05  1.45345e-05
1  15  1.66801e-05  1.65953e-05
1  16  2.05344e-05  2.04277e-05
1  17  2.75542e-05  2.74079e-05
1  18  4.09531e-05  4.07315e-05
1  19  6.90708e-05  6.86917e-05
1  20  0.000137508  0.000136746
1  21  0.00034709  0.000345157
1  22  0.00129406  0.00128683
1  23  0.0111248  0.0110626
1  24  31.8871  31.709

2  0  0.00500123  0.0049733
2  1  0.0111248  0.0110626
2  2  0.00500123  0.0049733
2  3  0.00129406  0.00128683
2  4  0.000408009  0.000405736
2  5  0.000165498  0.00016458
2  6  8.19741e-05  8.15229e-05
2  7  4.73823e-05  4.71247e-05
2  8  3.09738e-05  3.08082e-05
2  9  2.24123e-05  2.2295e-05
2  10  1.7681e-05  1.75906e-05
2  11  1.50419e-05  1.49665e-05
2  12  1.3694e-05  1.36263e-05
2  13  1.32791e-05  1.32138e-05
2  14  1.3694e-05  1.36263e-05
2  15  1.50419e-05  1.49665e-05
2  16  1.7681e-05  1.75906e-05
2  17  2.24123e-05  2.2295e-05
2  18  3.09738e-05  3.08082e-05
2  19  4.73823e-05  4.71247e-05
2  20  8.19741e-05  8.15229e-05
2  21  0.000165498  0.00016458
2  22  0.000408009  0.000405736
2  23  0.00129406  0.00128683
2  24  0.00500123  0.0049733

3  0  0.000745296  0.000741138
3  1  0.00129406  0.00128683
3  2  0.00129406  0.00128683
3  3  0.000745296  0.000741138
3  4  0.00034709  0.000345157
3  5  0.000165498  0.00016458
3  6  8.72211e-05  8.67405e-05
3  7  5.13348e-05  5.1055e-05
3  8  3.34714e-05  3.32918e-05
3  9  2.39084e-05  2.37827e-05
3  10  1.85159e-05  1.84207e-05
3  11  1.54124e-05  1.53349e-05
3  12  1.3694e-05  1.36263e-05
3  13  1.29245e-05  1.28612e-05
3  14  1.29245e-05  1.28612e-05
3  15  1.3694e-05  1.36263e-05
3  16  1.54124e-05  1.53349e-05
3  17  1.85159e-05  1.84207e-05
3  18  2.39084e-05  2.37827e-05
3  19  3.34714e-05  3.32918e-05
3  20  5.13348e-05  5.1055e-05
3  21  8.72211e-05  8.67405e-05
3  22  0.000165498  0.00016458
3  23  0.00034709  0.000345157
3  24  0.000745296  0.000741138

4  0  0.000230344  0.000229063
4  1  0.00034709  0.000345157
4  2  0.000408009  0.000405736
4  3  0.00034709  0.000345157
4  4  0.000230344  0.000229063
4  5  0.000137508  0.000136746
4  6  8.19741e-05  8.15229e-05
4  7  5.13348e-05  5.1055e-05
4  8  3.43947e-05  3.421e-05
4  9  2.47451e-05  2.46147e-05
4  10  1.90734e-05  1.8975e-05
4  11  1.56834e-05  1.56044e-05
4  12  1.3694e-05  1.36263e-05
4  13  1.26464e-05  1.25848e-05
4  14  1.23192e-05  1.22595e-05
4  15  1.26464e-05  1.25848e-05
4  16  1.3694e-05  1.36263e-05
4  17  1.56834e-05  1.56044e-05
4  18  1.90734e-05  1.8975e-05
4  19  2.47451e-05  2.46147e-05
4  20  3.43947e-05  3.421e-05
4  21  5.13348e-05  5.1055e-05
4  22  8.19741e-05  8.15229e-05
4  23  0.000137508  0.000136746
4  24  0.000230344  0.000229063

5  0  0.000100349  9.97949e-05
5  1  0.000137508  0.000136746
5  2  0.000165498  0.00016458
5  3  0.000165498  0.00016458
5  4  0.000137508  0.000136746
5  5  0.000100349  9.97949e-05
5  6  6.90708e-05  6.86917e-05
5  7  4.73823e-05  4.71247e-05
5  8  3.34714e-05  3.32918e-05
5  9  2.47451e-05  2.46147e-05
5  10  1.92696e-05  1.91701e-05
5  11  1.58268e-05  1.57469e-05
5  12  1.3694e-05  1.36263e-05
5  13  1.24558e-05  1.23953e-05
5  14  1.18863e-05  1.18291e-05
5  15  1.18863e-05  1.18291e-05
5  16  1.24558e-05  1.23953e-05
5  17  1.3694e-05  1.36263e-05
5  18  1.58268e-05  1.57469e-05
5  19  1.92696e-05  1.91701e-05
5  20  2.47451e-05  2.46147e-05
5  21  3.34714e-05  3.32918e-05
5  22  4.73823e-05  4.71247e-05
5  23  6.90708e-05  6.86917e-05
5  24  0.000100349  9.97949e-05

6  0  5.40824e-05  5.37873e-05
6  1  6.90708e-05  6.86917e-05
6  2  8.19741e-05  8.15229e-05
6  3  8.72211e-05  8.67405e-05
6  4  8.19741e-05  8.15229e-05
6  5  6.90708e-05  6.86917e-05
6  6  5.40824e-05  5.37873e-05
6  7  4.09531e-05  4.07315e-05
6  8  3.09738e-05  3.08082e-05
6  9  2.39084e-05  2.37827e-05
6  10  1.90734e-05  1.8975e-05
6  11  1.58268e-05  1.57469e-05
6  12  1.3694e-05  1.36263e-05
6  13  1.2359e-05  1.2299e-05
6  14  1.16271e-05  1.15714e-05
6  15  1.13941e-05  1.13398e-05
6  16  1.16271e-05  1.15714e-05
6  17  1.2359e-05  1.2299e-05
6  18  1.3694e-05  1.36263e-05
6  19  1.58268e-05  1.57469e-05
6  20  1.90734e-05  1.8975e-05
6  21  2.39084e-05  2.37827e-05
6  22  3.09738e-05  3.08082e-05
6  23  4.09531e-05  4.07315e-05
6  24  5.40824e-05  5.37873e-05

7  0  3.39119e-05  3.37299e-05
7  1  4.09531e-05  4.07315e-05
7  2  4.73823e-05  4.71247e-05
7  3  5.13348e-05  5.1055e-05
7  4  5.13348e-05  5.1055e-05
7  5  4.73823e-05  4.71247e-05
7  6  4.09531e-05  4.07315e-05
7  7  3.39119e-05  3.37299e-05
7  8  2.75542e-05  2.74079e-05
7  9  2.24123e-05  2.2295e-05
7  10  1.85159e-05  1.84207e-05
7  11  1.56834e-05  1.56044e-05
7  12  1.3694e-05  1.36263e-05
7  13  1.2359e-05  1.2299e-05
7  14  1.15409e-05  1.14857e-05
7  15  1.11528e-05  1.10998e-05
7  16  1.11528e-05  1.10998e-05
7  17  1.15409e-05  1.14857e-05
7  18  1.2359e-05  1.2299e-05
7  19  1.3694e-05  1.36263e-05
7  20  1.56834e-05  1.56044e-05
7  21  1.85159e-05  1.84207e-05
7  22  2.24123e-05  2.2295e-05
7  23  2.75542e-05  2.74079e-05
7  24  3.39119e-05  3.37299e-05

8  0  2.39084e-05  2.37827e-05
8  1  2.75542e-05  2.74079e-05
8  2  3.09738e-05  3.08082e-05
8  3  3.34714e-05  3.32918e-05
8  4  3.43947e-05  3.421e-05
8  5  3.34714e-05  3.32918e-05
8  6  3.09738e-05  3.08082e-05
8  7  2.75542e-05  2.74079e-05
8  8  2.39084e-05  2.37827e-05
8  9  2.05344e-05  2.04277e-05
8  10  1.7681e-05  1.75906e-05
8  11  1.54124e-05  1.53349e-05
8  12  1.3694e-05  1.36263e-05
8  13  1.24558e-05  1.23953e-05
8  14  1.16271e-05  1.15714e-05
8  15  1.11528e-05  1.10998e-05
8  16  1.09985e-05  1.09464e-05
8  17  1.11528e-05  1.10998e-05
8  18  1.16271e-05  1.15714e-05
8  19  1.24558e-05  1.23953e-05
8  20  1.3694e-05  1.36263e-05
8  21  1.54124e-05  1.53349e-05
8  22  1.7681e-05  1.75906e-05
8  23  2.05344e-05  2.04277e-05
8  24  2.39084e-05  2.37827e-05

9  0  1.85531e-05  1.84576e-05
9  1  2.05344e-05  2.04277e-05
9  2  2.24123e-05  2.2295e-05
9  3  2.39084e-05  2.37827e-05
9  4  2.47451e-05  2.46147e-05
9  5  2.47451e-05  2.46147e-05
9  6  2.39084e-05  2.37827e-05
9  7  2.24123e-05  2.2295e-05
9  8  2.05344e-05  2.04277e-05
9  9  1.85531e-05  1.84576e-05
9  10  1.66801e-05  1.65953e-05
9  11  1.50419e-05  1.49665e-05
9  12  1.3694e-05  1.36263e-05
9  13  1.26464e-05  1.25848e-05
9  14  1.18863e-05  1.18291e-05
9  15  1.13941e-05  1.13398e-05
9  16  1.11528e-05  1.10998e-05
9  17  1.11528e-05  1.10998e-05
9  18  1.13941e-05  1.13398e-05
9  19  1.18863e-05  1.18291e-05
9  20  1.26464e-05  1.25848e-05
9  21  1.3694e-05  1.36263e-05
9  22  1.50419e-05  1.49665e-05
9  23  1.66801e-05  1.65953e-05
9  24  1.85531e-05  1.84576e-05

10  0  1.56247e-05  1.55459e-05
10  1  1.66801e-05  1.65953e-05
10  2  1.7681e-05  1.75906e-05
10  3  1.85159e-05  1.84207e-05
10  4  1.90734e-05  1.8975e-05
10  5  1.92696e-05  1.91701e-05
10  6  1.90734e-05  1.8975e-05
10  7  1.85159e-05  1.84207e-05
10  8  1.7681e-05  1.75906e-05
10  9  1.66801e-05  1.65953e-05
10  10  1.56247e-05  1.55459e-05
10  11  1.46074e-05  1.45345e-05
10  12  1.3694e-05  1.36263e-05
10  13  1.29245e-05  1.28612e-05
10  14  1.23192e-05  1.22595e-05
10  15  1.18863e-05  1.18291e-05
10  16  1.16271e-05  1.15714e-05
10  17  1.15409e-05  1.14857e-05
10  18  1.16271e-05  1.15714e-05
10  19  1.18863e-05  1.18291e-05
10  20  1.23192e-05  1.22595e-05
10  21  1.29245e-05  1.28612e-05
10  22  1.3694e-05  1.36263e-05
10  23  1.46074e-05  1.45345e-05
10  24  1.56247e-05  1.55459e-05

11  0  1.41465e-05  1.40763e-05
11  1  1.46074e-05  1.45345e-05
11  2  1.50419e-05  1.49665e-05
11  3  1.54124e-05  1.53349e-05
11  4  1.56834e-05  1.56044e-05
11  5  1.58268e-05  1.57469e-05
11  6  1.58268e-05  1.57469e-05
11  7  1.56834e-05  1.56044e-05
11  8  1.54124e-05  1.53349e-05
11  9  1.50419e-05  1.49665e-05
11  10  1.46074e-05  1.45345e-05
11  11  1.41465e-05  1.40763e-05
11  12  1.3694e-05  1.36263e-05
11  13  1.32791e-05  1.32138e-05
11  14  1.29245e-05  1.28612e-05
11  15  1.26464e-05  1.25848e-05
11  16  1.24558e-05  1.23953e-05
11  17  1.2359e-05  1.2299e-05
11  18  1.2359e-05  1.2299e-05
11  19  1.24558e-05  1.23953e-05
11  20  1.26464e-05  1.25848e-05
11  21  1.29245e-05  1.28612e-05
11  22  1.32791e-05  1.32138e-05
11  23  1.3694e-05  1.36263e-05
11  24  1.41465e-05  1.40763e-05

12  0  1.3694e-05  1.36263e-05
12  1  1.3694e-05  1.36263e-05
12  2  1.3694e-05  1.36263e-05
12  3  1.3694e-05  1.36263e-05
12  4  1.3694e-05  1.36263e-05
12  5  1.3694e-05  1.36263e-05
12  6  1.3694e-05  1.36263e-05
12  7  1.3694e-05  1.36263e-05
12  8  1.3694e-05  1.36263e-05
12  9  1.3694e-05  1.36263e-05
12  10  1.3694e-05  1.36263e-05
12  11  1.3694e-05  1.36263e-05
12  12  1.3694e-05  1.36263e-05
12  13  1.3694e-05  1.36263e-05
12  14  1.3694e-05  1.36263e-05
12  15  1.3694e-05  1.36263e-05
12  16  1.3694e-05  1.36263e-05
12  17  1.3694e-05  1.36263e-05
12  18  1.3694e-05  1.36263e-05
12  19  1.3694e-05  1.36263e-05
12  20  1.3694e-05  1.36263e-05
12  21  1.3694e-05  1.36263e-05
12  22  1.3694e-05  1.36263e-05
12  23  1.3694e-05  1.36263e-05
12  24  1.3694e-05  1.36263e-05

13  0  1.41465e-05  1.40763e-05
13  1  1.3694e-05  1.36263e-05
13  2  1.32791e-05  1.32138e-05
13  3  1.29245e-05  1.28612e-05
13  4  1.26464e-05  1.25848e-05
13  5  1.24558e-05  1.23953e-05
13  6  1.2359e-05  1.2299e-05
13  7  1.2359e-05  1.2299e-05
13  8  1.24558e-05  1.23953e-05
13  9  1.26464e-05  1.25848e-05
13  10  1.29245e-05  1.28612e-05
13  11  1.32791e-05  1.32138e-05
13  12  1.3694e-05  1.36263e-05
13  13  1.41465e-05  1.40763e-05
13  14  1.46074e-05  1.45345e-05
13  15  1.50419e-05  1.49665e-05
13  16  1.54124e-05  1.53349e-05
13  17  1.56834e-05  1.56044e-05
13  18  1.58268e-05  1.57469e-05
13  19  1.58268e-05  1.57469e-05
13  20  1.56834e-05  1.56044e-05
13  21  1.54124e-05  1.53349e-05
13  22  1.50419e-05  1.49665e-05
13  23  1.46074e-05  1.45345e-05
13  24  1.41465e-05  1.40763e-05

14  0  1.56247e-05  1.55459e-05
14  1  1.46074e-05  1.45345e-05
14  2  1.3694e-05  1.36263e-05
14  3  1.29245e-05  1.28612e-05
14  4  1.23192e-05  1.22595e-05
14  5  1.18863e-05  1.18291e-05
14  6  1.16271e-05  1.15714e-05
14  7  1.15409e-05  1.14857e-05
14  8  1.16271e-05  1.15714e-05
14  9  1.18863e-05  1.18291e-05
14  10  1.23192e-05  1.22595e-05
14  11  1.29245e-05  1.28612e-05
14  12  1.3694e-05  1.36263e-05
14  13  1.46074e-05  1.45345e-05
14  14  1.56247e-05  1.55459e-05
14  15  1.66801e-05  1.65953e-05
14  16  1.7681e-05  1.75906e-05
14  17  1.85159e-05  1.84207e-05
14  18  1.90734e-05  1.8975e-05
14  19  1.92696e-05  1.91701e-05
14  20  1.90734e-05  1.8975e-05
14  21  1.85159e-05  1.84207e-05
14  22  1.7681e-05  1.75906e-05
14  23  1.66801e-05  1.65953e-05
14  24  1.56247e-05  1.55459e-05

15  0  1.85531e-05  1.84576e-05
15  1  1.66801e-05  1.65953e-05
15  2  1.50419e-05  1.49665e-05
15  3  1.3694e-05  1.36263e-05
15  4  1.26464e-05  1.25848e-05
15  5  1.18863e-05  1.18291e-05
15  6  1.13941e-05  1.13398e-05
15  7  1.11528e-05  1.10998e-05
15  8  1.11528e-05  1.10998e-05
15  9  1.13941e-05  1.13398e-05
15  10  1.18863e-05  1.18291e-05
15  11  1.26464e-05  1.25848e-05
15  12  1.3694e-05  1.36263e-05
15  13  1.50419e-05  1.49665e-05
15  14  1.66801e-05  1.65953e-05
15  15  1.85531e-05  1.84576e-05
15  16  2.05344e-05  2.04277e-05
15  17  2.24123e-05  2.2295e-05
15  18  2.39084e-05  2.37827e-05
15  19  2.47451e-05  2.46147e-05
15  20  2.47451e-05  2.46147e-05
15  21  2.39084e-05  2.37827e-05
15  22  2.24123e-05  2.2295e-05
15  23  2.05344e-05  2.04277e-05
15  24  1.85531e-05  1.84576e-05

16  0  2.39084e-05  2.37827e-05
16  1  2.05344e-05  2.04277e-05
16  2  1.7681e-05  1.75906e-05
16  3  1.54124e-05  1.53349e-05
16  4  1.3694e-05  1.36263e-05
16  5  1.24558e-05  1.23953e-05
16  6  1.16271e-05  1.15714e-05
16  7  1.11528e-05  1.10998e-05
16  8  1.09985e-05  1.09464e-05
16  9  1.11528e-05  1.10998e-05
16  10  1.16271e-05  1.15714e-05
16  11  1.24558e-05  1.23953e-05
16  12  1.3694e-05  1.36263e-05
16  13  1.54124e-05  1.53349e-05
16  14  1.7681e-05  1.75906e-05
16  15  2.05344e-05  2.04277e-05
16  16  2.39084e-05  2.37827e-05
16  17  2.75542e-05  2.74079e-05
16  18  3.09738e-05  3.08082e-05
16  19  3.34714e-05  3.32918e-05
16  20  3.43947e-05  3.421e-05
16  21  3.34714e-05  3.32918e-05
16  22  3.09738e-05  3.08082e-05
16  23  2.75542e-05  2.74079e-05
16  24  2.39084e-05  2.37827e-05

17  0  3.39119e-05  3.37299e-05
17  1  2.75542e-05  2.74079e-05
17  2  2.24123e-05  2.2295e-05
17  3  1.85159e-05  1.84207e-05
17  4  1.56834e-05  1.56044e-05
17  5  1.3694e-05  1.36263e-05
17  6  1.2359e-05  1.2299e-05
17  7  1.15409e-05  1.14857e-05
17  8  1.11528e-05  1.10998e-05
17  9  1.11528e-05  1.10998e-05
17  10  1.15409e-05  1.14857e-05
17  11  1.2359e-05  1.2299e-05
17  12  1.3694e-05  1.36263e-05
17  13  1.56834e-05  1.56044e-05
17  14  1.85159e-05  1.84207e-05
17  15  2.24123e-05  2.2295e-05
17  16  2.75542e-05  2.74079e-05
17  17  3.39119e-05  3.37299e-05
17  18  4.09531e-05  4.07315e-05
17  19  4.73823e-05  4.71247e-05
17  20  5.13348e-05  5.1055e-05
17  21  5.13348e-05  5.1055e-05
17  22  4.73823e-05  4.71247e-05
17  23  4.09531e-05  4.07315e-05
17  24  3.39119e-05  3.37299e-05

18  0  5.40824e-05  5.37873e-05
18  1  4.09531e-05  4.07315e-05
18  2  3.09738e-05  3.08082e-05
18  3  2.39084e-05  2.37827e-05
18  4  1.90734e-05  1.8975e-05
18  5  1.58268e-05  1.57469e-05
18  6  1.3694e-05  1.36263e-05
18  7  1.2359e-05  1.2299e-05
18  8  1.16271e-05  1.15714e-05
18  9  1.13941e-05  1.13398e-05
18  10  1.16271e-05  1.15714e-05
18  11  1.2359e-05  1.2299e-05
18  12  1.3694e-05  1.36263e-05
18  13  1.58268e-05  1.57469e-05
18  14  1.90734e-05  1.8975e-05
18  15  2.39084e-05  2.37827e-05
18  16  3.09738e-05  3.08082e-05
18  17  4.09531e-05  4.07315e-05
18  18  5.40824e-05  5.37873e-05
18  19  6.90708e-05  6.86917e-05
18  20  8.19741e-05  8.15229e-05
18  21  8.72211e-05  8.67405e-05
18  22  8.19741e-05  8.15229e-05
18  23  6.90708e-05  6.86917e-05
18  24  5.40824e-05  5.37873e-05

19  0  0.000100349  9.97949e-05
19  1  6.90708e-05  6.86917e-05
19  2  4.73823e-05  4.71247e-05
19  3  3.34714e-05  3.32918e-05
19  4  2.47451e-05  2.46147e-05
19  5  1.92696e-05  1.91701e-05
19  6  1.58268e-05  1.57469e-05
19  7  1.3694e-05  1.36263e-05
19  8  1.24558e-05  1.23953e-05
19  9  1.18863e-05  1.18291e-05
19  10  1.18863e-05  1.18291e-05
19  11  1.24558e-05  1.23953e-05
19  12  1.3694e-05  1.36263e-05
19  13  1.58268e-05  1.57469e-05
19  14  1.92696e-05  1.91701e-05
19  15  2.47451e-05  2.46147e-05
19  16  3.34714e-05  3.32918e-05
19  17  4.73823e-05  4.71247e-05
19  18  6.90708e-05  6.86917e-05
19  19  0.000100349  9.97949e-05
19  20  0.000137508  0.000136746
19  21  0.000165498  0.00016458
19  22  0.000165498  0.00016458
19  23  0.000137508  0.000136746
19  24  0.000100349  9.97949e-05

20  0  0.000230344  0.000229063
20  1  0.000137508  0.000136746
20  2  8.19741e-05  8.15229e-05
20  3  5.13348e-05  5.1055e-05
20  4  3.43947e-05  3.421e-05
20  5  2.47451e-05  2.46147e-05
20  6  1.90734e-05  1.8975e-05
20  7  1.56834e-05  1.56044e-05
20  8  1.3694e-05  1.36263e-05
20  9  1.26464e-05  1.25848e-05
20  10  1.23192e-05  1.22595e-05
20  11  1.26464e-05  1.25848e-05
20  12  1.3694e-05  1.36263e-05
20  13  1.56834e-05  1.56044e-05
20  14  1.90734e-05  1.8975e-05
20  15  2.47451e-05  2.46147e-05
20  16  3.43947e-05  3.421e-05
20  17  5.13348e-05  5.1055e-05
20  18  8.19741e-05  8.15229e-05
20  19  0.000137508  0.000136746
20  20  0.000230344  0.000229063
20  21  0.00034709  0.000345157
20  22  0.000408009  0.000405736
20  23  0.00034709  0.000345157
20  24  0.000230344  0.000229063

21  0  0.000745296  0.000741138
21  1  0.00034709  0.000345157
21  2  0.000165498  0.00016458
21  3  8.72211e-05  8.67405e-05
21  4  5.13348e-05  5.1055e-05
21  5  3.34714e-05  3.32918e-05
21  6  2.39084e-05  2.37827e-05
21  7  1.85159e-05  1.84207e-05
21  8  1.54124e-05  1.53349e-05
21  9  1.3694e-05  1.36263e-05
21  10  1.29245e-05  1.28612e-05
21  11  1.29245e-05  1.28612e-05
21  12  1.3694e-05  1.36263e-05
21  13  1.54124e-05  1.53349e-05
21  14  1.85159e-05  1.84207e-05
21  15  2.39084e-05  2.37827e-05
21  16  3.34714e-05  3.32918e-05
21  17  5.13348e-05  5.1055e-05
21  18  8.72211e-05  8.67405e-05
21  19  0.000165498  0.00016458
21  20  0.00034709  0.000345157
21  21  0.000745296  0.000741138
21  22  0.00129406  0.00128683
21  23  0.00129406  0.00128683
21  24  0.000745296  0.000741138

22  0  0.00500123  0.0049733
22  1  0.00129406  0.00128683
22  2  0.000408009  0.000405736
22  3  0.000165498  0.00016458
22  4  8.19741e-05  8.15229e-05
22  5  4.73823e-05  4.71247e-05
22  6  3.09738e-05  3.08082e-05
22  7  2.24123e-05  2.2295e-05
22  8  1.7681e-05  1.75906e-05
22  9  1.50419e-05  1.49665e-05
22  10  1.3694e-05  1.36263e-05
22  11  1.32791e-05  1.32138e-05
22  12  1.3694e-05  1.36263e-05
22  13  1.50419e-05  1.49665e-05
22  14  1.7681e-05  1.75906e-05
22  15  2.24123e-05  2.2295e-05
22  16  3.09738e-05  3.08082e-05
22  17  4.73823e-05  4.71247e-05
22  18  8.19741e-05  8.15229e-05
22  19  0.000165498  0.00016458
22  20  0.000408009  0.000405736
22  21  0.00129406  0.00128683
22  22  0.00500123  0.0049733
22  23  0.0111248  0.0110626
22  24  0.00500123  0.0049733

23  0  31.8871  31.709
23  1  0.0111248  0.0110626
23  2  0.00129406  0.00128683
23  3  0.00034709  0.000345157
23  4  0.000137508  0.000136746
23  5  6.90708e-05  6.86917e-05
23  6  4.09531e-05  4.07315e-05
23  7  2.75542e-05  2.74079e-05
23  8  2.05344e-05  2.04277e-05
23  9  1.66801e-05  1.65953e-05
23  10  1.46074e-05  1.45345e-05
23  11  1.3694e-05  1.36263e-05
23  12  1.3694e-05  1.36263e-05
23  13  1.46074e-05  1.45345e-05
23  14  1.66801e-05  1.65953e-05
23  15  2.05344e-05  2.04277e-05
23  16  2.75542e-05  2.74079e-05
23  17  4.09531e-05  4.07315e-05
23  18  6.90708e-05  6.86917e-05
23  19  0.000137508  0.000136746
23  20  0.00034709  0.000345157
23  21  0.00129406  0.00128683
23  22  0.0111248  0.0110626
23  23  31.8871  31.709
23  24  31.8871  31.709

24  0  0.0427988  0.0425597
24  1  31.8871  31.709
24  2  0.00500123  0.0049733
24  3  0.000745296  0.000741138
24  4  0.000230344  0.000229063
24  5  0.000100349  9.97949e-05
24  6  5.40824e-05  5.37873e-05
24  7  3.39119e-05  3.37299e-05
24  8  2.39084e-05  2.37827e-05
24  9  1.85531e-05  1.84576e-05
24  10  1.56247e-05  1.55459e-05
24  11  1.41465e-05  1.40763e-05
24  12  1.3694e-05  1.36263e-05
24  13  1.41465e-05  1.40763e-05
24  14  1.56247e-05  1.55459e-05
24  15  1.85531e-05  1.84576e-05
24  16  2.39084e-05  2.37827e-05
24  17  3.39119e-05  3.37299e-05
24  18  5.40824e-05  5.37873e-05
24  19  0.000100349  9.97949e-05
24  20  0.000230344  0.000229063
24  21  0.000745296  0.000741138
24  22  0.00500123  0.0049733
24  23  31.8871  31.709
24  24  0.0427988  0.0425597

