#k1  k2  Akw_up(w_target)    Akw_dn(w_target)
0  0  0.116775  0.116783
0  1  0.117946  0.111657
0  2  0.121571  0.0981216
0  3  0.128014  0.0803931
0  4  0.137969  0.0625502
0  5  0.152644  0.0470534
0  6  0.17411  0.0347351
0  7  0.206045  0.0254431
0  8  0.255377  0.0186347
0  9  0.336381  0.0137156
0  10  0.482386  0.0101774
0  11  0.787066  0.00762907
0  12  1.60532  0.005785
0  13  5.32984  0.00444183
0  14  60.032  0.00345652
0  15  6.67734  0.00272875
0  16  1.64953  0.00218808
0  17  0.726363  0.00178485
0  18  0.413806  0.00148395
0  19  0.274481  0.00126043
0  20  0.202446  0.00109662
0  21  0.162204  0.000980084
0  22  0.13939  0.00090229
0  23  0.127574  0.000857688
0  24  0.123908  0.000843156
0  25  0.127574  0.000857688
0  26  0.13939  0.00090229
0  27  0.162204  0.000980084
0  28  0.202446  0.00109662
0  29  0.274481  0.00126043
0  30  0.413806  0.00148395
0  31  0.726363  0.00178485
0  32  1.64953  0.00218808
0  33  6.67734  0.00272875
0  34  60.032  0.00345652
0  35  5.32984  0.00444183
0  36  1.60532  0.005785
0  37  0.787066  0.00762907
0  38  0.482386  0.0101774
0  39  0.336381  0.0137156
0  40  0.255377  0.0186347
0  41  0.206045  0.0254431
0  42  0.17411  0.0347351
0  43  0.152644  0.0470534
0  44  0.137969  0.0625502
0  45  0.128014  0.0803931
0  46  0.121571  0.0981216
0  47  0.117946  0.111657
0  48  0.116775  0.116783

1  0  0.111649  0.117954
1  1  0.112737  0.112744
1  2  0.116102  0.0990006
1  3  0.12207  0.081024
1  4  0.131267  0.0629636
1  5  0.144768  0.0473071
1  6  0.164406  0.034884
1  7  0.19339  0.025528
1  8  0.237678  0.0186821
1  9  0.309276  0.0137415
1  10  0.435365  0.0101914
1  11  0.688862  0.00763652
1  12  1.32497  0.00578888
1  13  3.79865  0.00444382
1  14  34.1833  0.00345754
1  15  10.7679  0.00272929
1  16  2.10808  0.0021884
1  17  0.857592  0.0017851
1  18  0.470418  0.00148418
1  19  0.305422  0.00126068
1  20  0.222319  0.0010969
1  21  0.176643  0.000980388
1  22  0.151013  0.000902615
1  23  0.137819  0.000858025
1  24  0.133737  0.000843498
1  25  0.137819  0.000858025
1  26  0.151013  0.000902615
1  27  0.176643  0.000980388
1  28  0.222319  0.0010969
1  29  0.305422  0.00126068
1  30  0.470418  0.00148418
1  31  0.857592  0.0017851
1  32  2.10808  0.0021884
1  33  10.7679  0.00272929
1  34  34.1833  0.00345754
1  35  3.79865  0.00444382
1  36  1.32497  0.00578888
1  37  0.688862  0.00763652
1  38  0.435365  0.0101914
1  39  0.309276  0.0137415
1  40  0.237678  0.0186821
1  41  0.19339  0.025528
1  42  0.164406  0.034884
1  43  0.144768  0.0473071
1  44  0.131267  0.0629636
1  45  0.12207  0.081024
1  46  0.116102  0.0990006
1  47  0.112737  0.112744
1  48  0.111649  0.117954

2  0  0.0981158  0.121579
2  1  0.0989946  0.116109
2  2  0.101707  0.101713
2  3  0.106495  0.0829647
2  4  0.113815  0.0642303
2  5  0.124441  0.0480815
2  6  0.139659  0.035337
2  7  0.16165  0.0257852
2  8  0.194293  0.0188252
2  9  0.244958  0.0138199
2  10  0.329053  0.0102337
2  11  0.483313  0.00765896
2  12  0.814178  0.00580057
2  13  1.74557  0.0044498
2  14  6.45211  0.00346058
2  15  63.0182  0.00273089
2  16  5.59864  0.00218936
2  17  1.5615  0.00178583
2  18  0.731916  0.00148488
2  19  0.437377  0.00126143
2  20  0.303136  0.00109773
2  21  0.233651  0.000981301
2  22  0.196077  0.000903589
2  23  0.177148  0.000859037
2  24  0.17135  0.000844523
2  25  0.177148  0.000859037
2  26  0.196077  0.000903589
2  27  0.233651  0.000981301
2  28  0.303136  0.00109773
2  29  0.437377  0.00126143
2  30  0.731916  0.00148488
2  31  1.5615  0.00178583
2  32  5.59864  0.00218936
2  33  63.0182  0.00273089
2  34  6.45211  0.00346058
2  35  1.74557  0.0044498
2  36  0.814178  0.00580057
2  37  0.483313  0.00765896
2  38  0.329053  0.0102337
2  39  0.244958  0.0138199
2  40  0.194293  0.0188252
2  41  0.16165  0.0257852
2  42  0.139659  0.035337
2  43  0.124441  0.0480815
2  44  0.113815  0.0642303
2  45  0.106495  0.0829647
2  46  0.101707  0.101713
2  47  0.0989946  0.116109
2  48  0.0981158  0.121579

3  0  0.0803888  0.128022
3  1  0.0810197  0.122078
3  2  0.0829602  0.106501
3  3  0.0863617  0.0863665
3  4  0.0915059  0.0664334
3  5  0.0988576  0.0494182
3  6  0.109164  0.0361134
3  7  0.123635  0.0262235
3  8  0.1443  0.0190679
3  9  0.174727  0.0139523
3  10  0.221634  0.0103048
3  11  0.298878  0.0076966
3  12  0.438846  0.00582013
3  13  0.732326  0.00445979
3  14  1.51923  0.00346565
3  15  4.99945  0.00273356
3  16  54.2067  0.00219097
3  17  8.4475  0.00178705
3  18  2.10012  0.00148605
3  19  0.964413  0.00126269
3  20  0.582509  0.00109912
3  21  0.414726  0.00098282
3  22  0.33222  0.000905208
3  23  0.292828  0.00086072
3  24  0.281054  0.000846227
3  25  0.292828  0.00086072
3  26  0.33222  0.000905208
3  27  0.414726  0.00098282
3  28  0.582509  0.00109912
3  29  0.964413  0.00126269
3  30  2.10012  0.00148605
3  31  8.4475  0.00178705
3  32  54.2067  0.00219097
3  33  4.99945  0.00273356
3  34  1.51923  0.00346565
3  35  0.732326  0.00445979
3  36  0.438846  0.00582013
3  37  0.298878  0.0076966
3  38  0.221634  0.0103048
3  39  0.174727  0.0139523
3  40  0.1443  0.0190679
3  41  0.123635  0.0262235
3  42  0.109164  0.0361134
3  43  0.0988576  0.0494182
3  44  0.0915059  0.0664334
3  45  0.0863617  0.0863665
3  46  0.0829602  0.106501
3  47  0.0810197  0.122078
3  48  0.0803888  0.128022

4  0  0.0625473  0.137979
4  1  0.0629607  0.131276
4  2  0.0642272  0.113822
4  3  0.0664302  0.0915111
4  4  0.0697215  0.069725
4  5  0.0743452  0.0513917
4  6  0.0806786  0.0372475
4  7  0.0893034  0.0268579
4  8  0.101134  0.0194164
4  9  0.11765  0.0141411
4  10  0.141359  0.0104058
4  11  0.176751  0.00774981
4  12  0.232484  0.00584769
4  13  0.326952  0.00447384
4  14  0.504763  0.00347277
4  15  0.897143  0.00273731
4  16  2.03086  0.00219321
4  17  7.74422  0.00178875
4  18  63.6305  0.00148767
4  19  8.58883  0.00126444
4  20  2.7001  0.00110106
4  21  1.43245  0.000984938
4  22  0.986556  0.000907467
4  23  0.806913  0.000863067
4  24  0.757011  0.000848604
4  25  0.806913  0.000863067
4  26  0.986556  0.000907467
4  27  1.43245  0.000984938
4  28  2.7001  0.00110106
4  29  8.58883  0.00126444
4  30  63.6305  0.00148767
4  31  7.74422  0.00178875
4  32  2.03086  0.00219321
4  33  0.897143  0.00273731
4  34  0.504763  0.00347277
4  35  0.326952  0.00447384
4  36  0.232484  0.00584769
4  37  0.176751  0.00774981
4  38  0.141359  0.0104058
4  39  0.11765  0.0141411
4  40  0.101134  0.0194164
4  41  0.0893034  0.0268579
4  42  0.0806786  0.0372475
4  43  0.0743452  0.0513917
4  44  0.0697215  0.069725
4  45  0.0664302  0.0915111
4  46  0.0642272  0.113822
4  47  0.0629607  0.131276
4  48  0.0625473  0.137979

5  0  0.0470515  0.152655
5  1  0.0473052  0.144779
5  2  0.0480795  0.124449
5  3  0.0494161  0.0988635
5  4  0.0513895  0.0743491
5  5  0.0541162  0.0541185
5  6  0.0577694  0.0387914
5  7  0.0626037  0.0277106
5  8  0.0689948  0.0198799
5  9  0.0775057  0.0143901
5  10  0.0890008  0.010538
5  11  0.104849  0.00781908
5  12  0.127301  0.00588342
5  13  0.16024  0.00449197
5  14  0.210744  0.00348194
5  15  0.292649  0.00274212
5  16  0.435487  0.00219609
5  17  0.709868  0.00179094
5  18  1.31275  0.00148976
5  19  2.92869  0.00126668
5  20  8.85413  0.00110354
5  21  39.7102  0.000987647
5  22  50.6798  0.000910356
5  23  23.6369  0.000866068
5  24  18.3613  0.000851642
5  25  23.6369  0.000866068
5  26  50.6798  0.000910356
5  27  39.7102  0.000987647
5  28  8.85413  0.00110354
5  29  2.92869  0.00126668
5  30  1.31275  0.00148976
5  31  0.709868  0.00179094
5  32  0.435487  0.00219609
5  33  0.292649  0.00274212
5  34  0.210744  0.00348194
5  35  0.16024  0.00449197
5  36  0.127301  0.00588342
5  37  0.104849  0.00781908
5  38  0.0890008  0.010538
5  39  0.0775057  0.0143901
5  40  0.0689948  0.0198799
5  41  0.0626037  0.0277106
5  42  0.0577694  0.0387914
5  43  0.0541162  0.0541185
5  44  0.0513895  0.0743491
5  45  0.0494161  0.0988635
5  46  0.0480795  0.124449
5  47  0.0473052  0.144779
5  48  0.0470515  0.152655

6  0  0.0347339  0.174124
6  1  0.0348828  0.164418
6  2  0.0353357  0.139669
6  3  0.0361121  0.10917
6  4  0.0372462  0.0806829
6  5  0.03879  0.057772
6  6  0.0408184  0.0408199
6  7  0.0434364  0.0288125
6  8  0.0467904  0.0204708
6  9  0.0510848  0.014704
6  10  0.0566079  0.0107032
6  11  0.0637703  0.00790502
6  12  0.0731652  0.00592748
6  13  0.085662  0.00451425
6  14  0.102552  0.00349317
6  15  0.125777  0.002748
6  16  0.158261  0.0021996
6  17  0.204379  0.0017936
6  18  0.270446  0.0014923
6  19  0.364773  0.00126941
6  20  0.495921  0.00110655
6  21  0.666262  0.000990936
6  22  0.858434  0.000913861
6  23  1.02218  0.000869708
6  24  1.08835  0.000855328
6  25  1.02218  0.000869708
6  26  0.858434  0.000913861
6  27  0.666262  0.000990936
6  28  0.495921  0.00110655
6  29  0.364773  0.00126941
6  30  0.270446  0.0014923
6  31  0.204379  0.0017936
6  32  0.158261  0.0021996
6  33  0.125777  0.002748
6  34  0.102552  0.00349317
6  35  0.085662  0.00451425
6  36  0.0731652  0.00592748
6  37  0.0637703  0.00790502
6  38  0.0566079  0.0107032
6  39  0.0510848  0.014704
6  40  0.0467904  0.0204708
6  41  0.0434364  0.0288125
6  42  0.0408184  0.0408199
6  43  0.03879  0.057772
6  44  0.0372462  0.0806829
6  45  0.0361121  0.10917
6  46  0.0353357  0.139669
6  47  0.0348828  0.164418
6  48  0.0347339  0.174124

7  0  0.0254424  0.206063
7  1  0.0255272  0.193406
7  2  0.0257845  0.161663
7  3  0.0262228  0.123643
7  4  0.0268571  0.0893085
7  5  0.0277097  0.0626067
7  6  0.0288116  0.0434381
7  7  0.0302043  0.0302053
7  8  0.0319432  0.021205
7  9  0.0341006  0.0150887
7  10  0.0367711  0.0109035
7  11  0.0400775  0.00800831
7  12  0.0441786  0.00598009
7  13  0.0492771  0.0045407
7  14  0.0556275  0.00350644
7  15  0.063538  0.00275493
7  16  0.0733588  0.00220374
7  17  0.0854403  0.00179673
7  18  0.100036  0.00149528
7  19  0.117116  0.00127261
7  20  0.136092  0.00111008
7  21  0.155502  0.000994784
7  22  0.172885  0.000917961
7  23  0.185154  0.000873965
7  24  0.189607  0.000859639
7  25  0.185154  0.000873965
7  26  0.172885  0.000917961
7  27  0.155502  0.000994784
7  28  0.136092  0.00111008
7  29  0.117116  0.00127261
7  30  0.100036  0.00149528
7  31  0.0854403  0.00179673
7  32  0.0733588  0.00220374
7  33  0.063538  0.00275493
7  34  0.0556275  0.00350644
7  35  0.0492771  0.0045407
7  36  0.0441786  0.00598009
7  37  0.0400775  0.00800831
7  38  0.0367711  0.0109035
7  39  0.0341006  0.0150887
7  40  0.0319432  0.021205
7  41  0.0302043  0.0302053
7  42  0.0288116  0.0434381
7  43  0.0277097  0.0626067
7  44  0.0268571  0.0893085
7  45  0.0262228  0.123643
7  46  0.0257845  0.161663
7  47  0.0255272  0.193406
7  48  0.0254424  0.206063

8  0  0.0186343  0.255403
8  1  0.0186816  0.237701
8  2  0.0188248  0.194309
8  3  0.0190674  0.14431
8  4  0.0194159  0.10114
8  5  0.0198794  0.0689982
8  6  0.0204702  0.0467922
8  7  0.0212045  0.0319443
8  8  0.0221023  0.0221029
8  9  0.0231889  0.0155515
8  10  0.0244947  0.0111413
8  11  0.026056  0.0081297
8  12  0.0279149  0.00604142
8  13  0.0301182  0.00457135
8  14  0.032715  0.00352175
8  15  0.0357506  0.0027629
8  16  0.0392566  0.00220849
8  17  0.0432341  0.00180031
8  18  0.0476303  0.00149869
8  19  0.05231  0.00127626
8  20  0.0570295  0.0011141
8  21  0.0614291  0.000999169
8  22  0.0650624  0.000922631
8  23  0.0674756  0.000878813
8  24  0.0683233  0.000864546
8  25  0.0674756  0.000878813
8  26  0.0650624  0.000922631
8  27  0.0614291  0.000999169
8  28  0.0570295  0.0011141
8  29  0.05231  0.00127626
8  30  0.0476303  0.00149869
8  31  0.0432341  0.00180031
8  32  0.0392566  0.00220849
8  33  0.0357506  0.0027629
8  34  0.032715  0.00352175
8  35  0.0301182  0.00457135
8  36  0.0279149  0.00604142
8  37  0.026056  0.0081297
8  38  0.0244947  0.0111413
8  39  0.0231889  0.0155515
8  40  0.0221023  0.0221029
8  41  0.0212045  0.0319443
8  42  0.0204702  0.0467922
8  43  0.0198794  0.0689982
8  44  0.0194159  0.10114
8  45  0.0190674  0.14431
8  46  0.0188248  0.194309
8  47  0.0186816  0.237701
8  48  0.0186343  0.255403

9  0  0.0137153  0.336419
9  1  0.0137413  0.309309
9  2  0.0138196  0.244982
9  3  0.013952  0.174741
9  4  0.0141408  0.117658
9  5  0.0143898  0.0775098
9  6  0.0147036  0.051087
9  7  0.0150884  0.0341018
9  8  0.0155512  0.0231896
9  9  0.0161004  0.0161008
9  10  0.0167456  0.0114193
9  11  0.0174968  0.0082699
9  12  0.0183646  0.0061116
9  13  0.0193585  0.00460617
9  14  0.0204853  0.00353906
9  15  0.0217473  0.00277188
9  16  0.0231378  0.00221381
9  17  0.0246376  0.00180433
9  18  0.0262096  0.0015025
9  19  0.0277953  0.00128033
9  20  0.029313  0.00111859
9  21  0.0306616  0.00100406
9  22  0.0317314  0.000927833
9  23  0.0324217  0.000884212
9  24  0.0326605  0.000870012
9  25  0.0324217  0.000884212
9  26  0.0317314  0.000927833
9  27  0.0306616  0.00100406
9  28  0.029313  0.00111859
9  29  0.0277953  0.00128033
9  30  0.0262096  0.0015025
9  31  0.0246376  0.00180433
9  32  0.0231378  0.00221381
9  33  0.0217473  0.00277188
9  34  0.0204853  0.00353906
9  35  0.0193585  0.00460617
9  36  0.0183646  0.0061116
9  37  0.0174968  0.0082699
9  38  0.0167456  0.0114193
9  39  0.0161004  0.0161008
9  40  0.0155512  0.0231896
9  41  0.0150884  0.0341018
9  42  0.0147036  0.051087
9  43  0.0143898  0.0775098
9  44  0.0141408  0.117658
9  45  0.013952  0.174741
9  46  0.0138196  0.244982
9  47  0.0137413  0.309309
9  48  0.0137153  0.336419

10  0  0.0101772  0.482451
10  1  0.0101912  0.435421
10  2  0.0102335  0.329089
10  3  0.0103046  0.221654
10  4  0.0104056  0.14137
10  5  0.0105378  0.0890058
10  6  0.010703  0.0566105
10  7  0.0109033  0.0367724
10  8  0.0111411  0.0244954
10  9  0.011419  0.016746
10  10  0.0117398  0.01174
10  11  0.0121059  0.00842951
10  12  0.0125193  0.00619066
10  13  0.012981  0.00464508
10  14  0.0134902  0.00355829
10  15  0.0140434  0.00278181
10  16  0.0146339  0.00221969
10  17  0.0152496  0.00180875
10  18  0.0158734  0.00150668
10  19  0.0164817  0.0012848
10  20  0.0170456  0.0011235
10  21  0.0175326  0.0010094
10  22  0.0179102  0.000933522
10  23  0.0181498  0.000890114
10  24  0.0182319  0.000875987
10  25  0.0181498  0.000890114
10  26  0.0179102  0.000933522
10  27  0.0175326  0.0010094
10  28  0.0170456  0.0011235
10  29  0.0164817  0.0012848
10  30  0.0158734  0.00150668
10  31  0.0152496  0.00180875
10  32  0.0146339  0.00221969
10  33  0.0140434  0.00278181
10  34  0.0134902  0.00355829
10  35  0.012981  0.00464508
10  36  0.0125193  0.00619066
10  37  0.0121059  0.00842951
10  38  0.0117398  0.01174
10  39  0.011419  0.016746
10  40  0.0111411  0.0244954
10  41  0.0109033  0.0367724
10  42  0.010703  0.0566105
10  43  0.0105378  0.0890058
10  44  0.0104056  0.14137
10  45  0.0103046  0.221654
10  46  0.0102335  0.329089
10  47  0.0101912  0.435421
10  48  0.0101772  0.482451

11  0  0.00762896  0.787202
11  1  0.00763641  0.688973
11  2  0.00765885  0.483378
11  3  0.00769649  0.29891
11  4  0.00774969  0.176765
11  5  0.00781896  0.104855
11  6  0.0079049  0.0637733
11  7  0.00800819  0.040079
11  8  0.00812958  0.0260568
11  9  0.00826977  0.0174973
11  10  0.00842938  0.0121061
11  11  0.00860877  0.00860891
11  12  0.00880793  0.00627849
11  13  0.00902621  0.00468794
11  14  0.00926212  0.00357932
11  15  0.009513  0.00279262
11  16  0.00977472  0.00222607
11  17  0.0100414  0.00181354
11  18  0.0103054  0.0015112
11  19  0.0105571  0.00128962
11  20  0.0107856  0.00112879
11  21  0.0109795  0.00101516
11  22  0.0111275  0.000939638
11  23  0.0112205  0.000896457
11  24  0.0112522  0.000882406
11  25  0.0112205  0.000896457
11  26  0.0111275  0.000939638
11  27  0.0109795  0.00101516
11  28  0.0107856  0.00112879
11  29  0.0105571  0.00128962
11  30  0.0103054  0.0015112
11  31  0.0100414  0.00181354
11  32  0.00977472  0.00222607
11  33  0.009513  0.00279262
11  34  0.00926212  0.00357932
11  35  0.00902621  0.00468794
11  36  0.00880793  0.00627849
11  37  0.00860877  0.00860891
11  38  0.00842938  0.0121061
11  39  0.00826977  0.0174973
11  40  0.00812958  0.0260568
11  41  0.00800819  0.040079
11  42  0.0079049  0.0637733
11  43  0.00781896  0.104855
11  44  0.00774969  0.176765
11  45  0.00769649  0.29891
11  46  0.00765885  0.483378
11  47  0.00763641  0.688973
11  48  0.00762896  0.787202

12  0  0.00578492  1.60571
12  1  0.00578881  1.32527
12  2  0.00580049  0.814321
12  3  0.00582006  0.438903
12  4  0.00584762  0.232506
12  5  0.00588334  0.12731
12  6  0.00592741  0.0731689
12  7  0.00598001  0.0441803
12  8  0.00604134  0.0279157
12  9  0.00611152  0.0183651
12  10  0.00619058  0.0125196
12  11  0.00627841  0.00880807
12  12  0.00637467  0.00637475
12  13  0.00647871  0.00473445
12  14  0.00658948  0.00360199
12  15  0.00670544  0.00280421
12  16  0.00682446  0.00223289
12  17  0.00694377  0.00181864
12  18  0.00705995  0.00151601
12  19  0.00716904  0.00129473
12  20  0.0072667  0.0011344
12  21  0.00734852  0.00102124
12  22  0.0074104  0.000946106
12  23  0.007449  0.000903163
12  24  0.00746212  0.000889193
12  25  0.007449  0.000903163
12  26  0.0074104  0.000946106
12  27  0.00734852  0.00102124
12  28  0.0072667  0.0011344
12  29  0.00716904  0.00129473
12  30  0.00705995  0.00151601
12  31  0.00694377  0.00181864
12  32  0.00682446  0.00223289
12  33  0.00670544  0.00280421
12  34  0.00658948  0.00360199
12  35  0.00647871  0.00473445
12  36  0.00637467  0.00637475
12  37  0.00627841  0.00880807
12  38  0.00619058  0.0125196
12  39  0.00611152  0.0183651
12  40  0.00604134  0.0279157
12  41  0.00598001  0.0441803
12  42  0.00592741  0.0731689
12  43  0.00588334  0.12731
12  44  0.00584762  0.232506
12  45  0.00582006  0.438903
12  46  0.00580049  0.814321
12  47  0.00578881  1.32527
12  48  0.00578492  1.60571

13  0  0.00444178  5.33215
13  1  0.00444377  3.80006
13  2  0.00444975  1.74601
13  3  0.00445974  0.732447
13  4  0.00447379  0.326988
13  5  0.00449192  0.160253
13  6  0.0045142  0.0856667
13  7  0.00454065  0.0492791
13  8  0.00457129  0.0301192
13  9  0.00460611  0.0193589
13  10  0.00464503  0.0129812
13  11  0.00468788  0.00902636
13  12  0.00473439  0.0064788
13  13  0.00478414  0.0047842
13  14  0.00483653  0.00362605
13  15  0.00489075  0.00281646
13  16  0.00494575  0.00224007
13  17  0.00500023  0.00182399
13  18  0.00505268  0.00152104
13  19  0.0051014  0.00130007
13  20  0.00514459  0.00114024
13  21  0.00518046  0.00102758
13  22  0.00520741  0.000952836
13  23  0.00522414  0.000910139
13  24  0.00522982  0.000896251
13  25  0.00522414  0.000910139
13  26  0.00520741  0.000952836
13  27  0.00518046  0.00102758
13  28  0.00514459  0.00114024
13  29  0.0051014  0.00130007
13  30  0.00505268  0.00152104
13  31  0.00500023  0.00182399
13  32  0.00494575  0.00224007
13  33  0.00489075  0.00281646
13  34  0.00483653  0.00362605
13  35  0.00478414  0.0047842
13  36  0.00473439  0.0064788
13  37  0.00468788  0.00902636
13  38  0.00464503  0.0129812
13  39  0.00460611  0.0193589
13  40  0.00457129  0.0301192
13  41  0.00454065  0.0492791
13  42  0.0045142  0.0856667
13  43  0.00449192  0.160253
13  44  0.00447379  0.326988
13  45  0.00445974  0.732447
13  46  0.00444975  1.74601
13  47  0.00444377  3.80006
13  48  0.00444178  5.33215

14  0  0.00345649  60.0536
14  1  0.0034575  34.2099
14  2  0.00346054  6.45513
14  3  0.00346562  1.51959
14  4  0.00347274  0.504832
14  5  0.00348191  0.210762
14  6  0.00349313  0.102559
14  7  0.00350641  0.05563
14  8  0.00352172  0.0327161
14  9  0.00353902  0.0204859
14  10  0.00355825  0.0134904
14  11  0.00357928  0.00926228
14  12  0.00360195  0.00658957
14  13  0.00362601  0.00483659
14  14  0.00365115  0.00365119
14  15  0.00367695  0.00282918
14  16  0.0037029  0.00224749
14  17  0.0037284  0.00182952
14  18  0.00375275  0.00152622
14  19  0.00377519  0.00130555
14  20  0.00379494  0.00114623
14  21  0.00381126  0.00103408
14  22  0.00382346  0.000959723
14  23  0.00383101  0.000917273
14  24  0.00383357  0.000903469
14  25  0.00383101  0.000917273
14  26  0.00382346  0.000959723
14  27  0.00381126  0.00103408
14  28  0.00379494  0.00114623
14  29  0.00377519  0.00130555
14  30  0.00375275  0.00152622
14  31  0.0037284  0.00182952
14  32  0.0037029  0.00224749
14  33  0.00367695  0.00282918
14  34  0.00365115  0.00365119
14  35  0.00362601  0.00483659
14  36  0.00360195  0.00658957
14  37  0.00357928  0.00926228
14  38  0.00355825  0.0134904
14  39  0.00353902  0.0204859
14  40  0.00352172  0.0327161
14  41  0.00350641  0.05563
14  42  0.00349313  0.102559
14  43  0.00348191  0.210762
14  44  0.00347274  0.504832
14  45  0.00346562  1.51959
14  46  0.00346054  6.45513
14  47  0.0034575  34.2099
14  48  0.00345649  60.0536

15  0  0.00272873  6.67418
15  1  0.00272926  10.7617
15  2  0.00273087  63.0084
15  3  0.00273354  5.00152
15  4  0.00273728  0.897304
15  5  0.0027421  0.292679
15  6  0.00274798  0.125785
15  7  0.00275491  0.063541
15  8  0.00276288  0.0357519
15  9  0.00277185  0.0217479
15  10  0.00278178  0.0140437
15  11  0.00279259  0.00951317
15  12  0.00280419  0.00670554
15  13  0.00281643  0.00489081
15  14  0.00282915  0.00367699
15  15  0.00284213  0.00284215
15  16  0.00285511  0.00225504
15  17  0.00286779  0.00183511
15  18  0.00287983  0.00153145
15  19  0.00289087  0.00131108
15  20  0.00290054  0.00115226
15  21  0.0029085  0.0010406
15  22  0.00291443  0.000966641
15  23  0.00291809  0.000924437
15  24  0.00291933  0.000910717
15  25  0.00291809  0.000924437
15  26  0.00291443  0.000966641
15  27  0.0029085  0.0010406
15  28  0.00290054  0.00115226
15  29  0.00289087  0.00131108
15  30  0.00287983  0.00153145
15  31  0.00286779  0.00183511
15  32  0.00285511  0.00225504
15  33  0.00284213  0.00284215
15  34  0.00282915  0.00367699
15  35  0.00281643  0.00489081
15  36  0.00280419  0.00670554
15  37  0.00279259  0.00951317
15  38  0.00278178  0.0140437
15  39  0.00277185  0.0217479
15  40  0.00276288  0.0357519
15  41  0.00275491  0.063541
15  42  0.00274798  0.125785
15  43  0.0027421  0.292679
15  44  0.00273728  0.897304
15  45  0.00273354  5.00152
15  46  0.00273087  63.0084
15  47  0.00272926  10.7617
15  48  0.00272873  6.67418

16  0  0.00218806  1.64912
16  1  0.00218838  2.1075
16  2  0.00218934  5.59622
16  3  0.00219095  54.2361
16  4  0.00219319  2.0314
16  5  0.00219607  0.435541
16  6  0.00219959  0.158273
16  7  0.00220372  0.0733624
16  8  0.00220847  0.039258
16  9  0.0022138  0.0231385
16  10  0.00221967  0.0146342
16  11  0.00222605  0.00977489
16  12  0.00223287  0.00682456
16  13  0.00224005  0.00494581
16  14  0.00224747  0.00370294
16  15  0.00225502  0.00285513
16  16  0.00226254  0.00226256
16  17  0.00226986  0.00184067
16  18  0.00227678  0.00153663
16  19  0.0022831  0.00131654
16  20  0.00228862  0.00115821
16  21  0.00229315  0.00104703
16  22  0.00229652  0.000973452
16  23  0.0022986  0.000931487
16  24  0.00229931  0.000917848
16  25  0.0022986  0.000931487
16  26  0.00229652  0.000973452
16  27  0.00229315  0.00104703
16  28  0.00228862  0.00115821
16  29  0.0022831  0.00131654
16  30  0.00227678  0.00153663
16  31  0.00226986  0.00184067
16  32  0.00226254  0.00226256
16  33  0.00225502  0.00285513
16  34  0.00224747  0.00370294
16  35  0.00224005  0.00494581
16  36  0.00223287  0.00682456
16  37  0.00222605  0.00977489
16  38  0.00221967  0.0146342
16  39  0.0022138  0.0231385
16  40  0.00220847  0.039258
16  41  0.00220372  0.0733624
16  42  0.00219959  0.158273
16  43  0.00219607  0.435541
16  44  0.00219319  2.0314
16  45  0.00219095  54.2361
16  46  0.00218934  5.59622
16  47  0.00218838  2.1075
16  48  0.00218806  1.64912

17  0  0.00178484  0.726246
17  1  0.00178508  0.857442
17  2  0.00178582  1.56113
17  3  0.00178704  8.44318
17  4  0.00178874  7.74802
17  5  0.00179093  0.709979
17  6  0.00179359  0.204396
17  7  0.00179672  0.0854449
17  8  0.0018003  0.0432357
17  9  0.00180432  0.0246383
17  10  0.00180874  0.01525
17  11  0.00181352  0.0100416
17  12  0.00181863  0.00694387
17  13  0.00182398  0.00500029
17  14  0.0018295  0.00372844
17  15  0.0018351  0.00286781
17  16  0.00184066  0.00226987
17  17  0.00184605  0.00184606
17  18  0.00185114  0.00154165
17  19  0.00185577  0.00132181
17  20  0.00185981  0.00116394
17  21  0.00186312  0.00105322
17  22  0.00186557  0.000980003
17  23  0.00186709  0.000938266
17  24  0.0018676  0.000924704
17  25  0.00186709  0.000938266
17  26  0.00186557  0.000980003
17  27  0.00186312  0.00105322
17  28  0.00185981  0.00116394
17  29  0.00185577  0.00132181
17  30  0.00185114  0.00154165
17  31  0.00184605  0.00184606
17  32  0.00184066  0.00226987
17  33  0.0018351  0.00286781
17  34  0.0018295  0.00372844
17  35  0.00182398  0.00500029
17  36  0.00181863  0.00694387
17  37  0.00181352  0.0100416
17  38  0.00180874  0.01525
17  39  0.00180432  0.0246383
17  40  0.0018003  0.0432357
17  41  0.00179672  0.0854449
17  42  0.00179359  0.204396
17  43  0.00179093  0.709979
17  44  0.00178874  7.74802
17  45  0.00178704  8.44318
17  46  0.00178582  1.56113
17  47  0.00178508  0.857442
17  48  0.00178484  0.726246

18  0  0.00148394  0.413757
18  1  0.00148417  0.470358
18  2  0.00148487  0.7318
18  3  0.00148604  2.09956
18  4  0.00148767  63.6284
18  5  0.00148975  1.31303
18  6  0.00149229  0.270471
18  7  0.00149527  0.100041
18  8  0.00149868  0.0476322
18  9  0.00150249  0.0262104
18  10  0.00150667  0.0158737
18  11  0.00151119  0.0103056
18  12  0.001516  0.00706005
18  13  0.00152103  0.00505275
18  14  0.00152621  0.00375278
18  15  0.00153144  0.00287985
18  16  0.00153663  0.00227679
18  17  0.00154164  0.00185115
18  18  0.00154635  0.00154636
18  19  0.00155064  0.00132676
18  20  0.00155437  0.00116931
18  21  0.00155742  0.00105901
18  22  0.00155968  0.000986133
18  23  0.00156107  0.000944606
18  24  0.00156154  0.000931116
18  25  0.00156107  0.000944606
18  26  0.00155968  0.000986133
18  27  0.00155742  0.00105901
18  28  0.00155437  0.00116931
18  29  0.00155064  0.00132676
18  30  0.00154635  0.00154636
18  31  0.00154164  0.00185115
18  32  0.00153663  0.00227679
18  33  0.00153144  0.00287985
18  34  0.00152621  0.00375278
18  35  0.00152103  0.00505275
18  36  0.001516  0.00706005
18  37  0.00151119  0.0103056
18  38  0.00150667  0.0158737
18  39  0.00150249  0.0262104
18  40  0.00149868  0.0476322
18  41  0.00149527  0.100041
18  42  0.00149229  0.270471
18  43  0.00148975  1.31303
18  44  0.00148767  63.6284
18  45  0.00148604  2.09956
18  46  0.00148487  0.7318
18  47  0.00148417  0.470358
18  48  0.00148394  0.413757

19  0  0.00126042  0.274455
19  1  0.00126067  0.305391
19  2  0.00126143  0.437324
19  3  0.00126268  0.96424
19  4  0.00126443  8.58454
19  5  0.00126668  2.92959
19  6  0.0012694  0.364813
19  7  0.0012726  0.117124
19  8  0.00127625  0.0523121
19  9  0.00128032  0.0277962
19  10  0.00128479  0.016482
19  11  0.00128961  0.0105573
19  12  0.00129472  0.00716915
19  13  0.00130006  0.00510147
19  14  0.00130554  0.00377523
19  15  0.00131107  0.00289089
19  16  0.00131653  0.00228312
19  17  0.0013218  0.00185579
19  18  0.00132675  0.00155065
19  19  0.00133124  0.00133125
19  20  0.00133514  0.00117418
19  21  0.00133832  0.00106426
19  22  0.00134067  0.000991678
19  23  0.00134212  0.000950339
19  24  0.00134261  0.000936913
19  25  0.00134212  0.000950339
19  26  0.00134067  0.000991678
19  27  0.00133832  0.00106426
19  28  0.00133514  0.00117418
19  29  0.00133124  0.00133125
19  30  0.00132675  0.00155065
19  31  0.0013218  0.00185579
19  32  0.00131653  0.00228312
19  33  0.00131107  0.00289089
19  34  0.00130554  0.00377523
19  35  0.00130006  0.00510147
19  36  0.00129472  0.00716915
19  37  0.00128961  0.0105573
19  38  0.00128479  0.016482
19  39  0.00128032  0.0277962
19  40  0.00127625  0.0523121
19  41  0.0012726  0.117124
19  42  0.0012694  0.364813
19  43  0.00126668  2.92959
19  44  0.00126443  8.58454
19  45  0.00126268  0.96424
19  46  0.00126143  0.437324
19  47  0.00126067  0.305391
19  48  0.00126042  0.274455

20  0  0.00109661  0.20243
20  1  0.00109689  0.2223
20  2  0.00109772  0.303106
20  3  0.00109911  0.582429
20  4  0.00110105  2.69931
20  5  0.00110353  8.85856
20  6  0.00110654  0.495984
20  7  0.00111007  0.136101
20  8  0.00111409  0.057032
20  9  0.00111858  0.0293139
20  10  0.0011235  0.017046
20  11  0.00112879  0.0107858
20  12  0.00113439  0.00726681
20  13  0.00114024  0.00514465
20  14  0.00114623  0.00379498
20  15  0.00115225  0.00290057
20  16  0.0011582  0.00228864
20  17  0.00116393  0.00185982
20  18  0.0011693  0.00155438
20  19  0.00117417  0.00133514
20  20  0.00117839  0.0011784
20  21  0.00118183  0.0010688
20  22  0.00118437  0.000996477
20  23  0.00118594  0.0009553
20  24  0.00118647  0.000941929
20  25  0.00118594  0.0009553
20  26  0.00118437  0.000996477
20  27  0.00118183  0.0010688
20  28  0.00117839  0.0011784
20  29  0.00117417  0.00133514
20  30  0.0011693  0.00155438
20  31  0.00116393  0.00185982
20  32  0.0011582  0.00228864
20  33  0.00115225  0.00290057
20  34  0.00114623  0.00379498
20  35  0.00114024  0.00514465
20  36  0.00113439  0.00726681
20  37  0.00112879  0.0107858
20  38  0.0011235  0.017046
20  39  0.00111858  0.0293139
20  40  0.00111409  0.057032
20  41  0.00111007  0.136101
20  42  0.00110654  0.495984
20  43  0.00110353  8.85856
20  44  0.00110105  2.69931
20  45  0.00109911  0.582429
20  46  0.00109772  0.303106
20  47  0.00109689  0.2223
20  48  0.00109661  0.20243

21  0  0.000980078  0.162192
21  1  0.000980383  0.17663
21  2  0.000981296  0.233631
21  3  0.000982814  0.414678
21  4  0.000984933  1.43214
21  5  0.000987642  39.7377
21  6  0.00099093  0.666359
21  7  0.000994779  0.155513
21  8  0.000999164  0.0614319
21  9  0.00100405  0.0306625
21  10  0.0010094  0.0175331
21  11  0.00101515  0.0109797
21  12  0.00102124  0.00734863
21  13  0.00102758  0.00518053
21  14  0.00103407  0.0038113
21  15  0.0010406  0.00290852
21  16  0.00104703  0.00229317
21  17  0.00105321  0.00186313
21  18  0.00105901  0.00155743
21  19  0.00106425  0.00133832
21  20  0.0010688  0.00118183
21  21  0.0010725  0.0010725
21  22  0.00107523  0.00100038
21  23  0.00107691  0.000959338
21  24  0.00107748  0.000946011
21  25  0.00107691  0.000959338
21  26  0.00107523  0.00100038
21  27  0.0010725  0.0010725
21  28  0.0010688  0.00118183
21  29  0.00106425  0.00133832
21  30  0.00105901  0.00155743
21  31  0.00105321  0.00186313
21  32  0.00104703  0.00229317
21  33  0.0010406  0.00290852
21  34  0.00103407  0.0038113
21  35  0.00102758  0.00518053
21  36  0.00102124  0.00734863
21  37  0.00101515  0.0109797
21  38  0.0010094  0.0175331
21  39  0.00100405  0.0306625
21  40  0.000999164  0.0614319
21  41  0.000994779  0.155513
21  42  0.00099093  0.666359
21  43  0.000987642  39.7377
21  44  0.000984933  1.43214
21  45  0.000982814  0.414678
21  46  0.000981296  0.233631
21  47  0.000980383  0.17663
21  48  0.000980078  0.162192

22  0  0.000902285  0.139381
22  1  0.00090261  0.151003
22  2  0.000903584  0.196062
22  3  0.000905204  0.332186
22  4  0.000907463  0.986384
22  5  0.000910351  50.6508
22  6  0.000913856  0.858575
22  7  0.000917957  0.172898
22  8  0.000922626  0.0650653
22  9  0.000927829  0.0317324
22  10  0.000933518  0.0179106
22  11  0.000939633  0.0111277
22  12  0.000946101  0.00741051
22  13  0.000952832  0.00520748
22  14  0.000959718  0.0038235
22  15  0.000966637  0.00291446
22  16  0.000973448  0.00229654
22  17  0.000979999  0.00186559
22  18  0.000986129  0.00155969
22  19  0.000991673  0.00134068
22  20  0.000996473  0.00118438
22  21  0.00100038  0.00107524
22  22  0.00100327  0.00100327
22  23  0.00100504  0.000962323
22  24  0.00100564  0.000949029
22  25  0.00100504  0.000962323
22  26  0.00100327  0.00100327
22  27  0.00100038  0.00107524
22  28  0.000996473  0.00118438
22  29  0.000991673  0.00134068
22  30  0.000986129  0.00155969
22  31  0.000979999  0.00186559
22  32  0.000973448  0.00229654
22  33  0.000966637  0.00291446
22  34  0.000959718  0.0038235
22  35  0.000952832  0.00520748
22  36  0.000946101  0.00741051
22  37  0.000939633  0.0111277
22  38  0.000933518  0.0179106
22  39  0.000927829  0.0317324
22  40  0.000922626  0.0650653
22  41  0.000917957  0.172898
22  42  0.000913856  0.858575
22  43  0.000910351  50.6508
22  44  0.000907463  0.986384
22  45  0.000905204  0.332186
22  46  0.000903584  0.196062
22  47  0.00090261  0.151003
22  48  0.000902285  0.139381

23  0  0.000857683  0.127566
23  1  0.000858021  0.13781
23  2  0.000859033  0.177135
23  3  0.000860716  0.2928
23  4  0.000863063  0.806786
23  5  0.000866063  23.6208
23  6  0.000869703  1.02236
23  7  0.000873961  0.185168
23  8  0.000878808  0.0674787
23  9  0.000884208  0.0324227
23  10  0.00089011  0.0181502
23  11  0.000896453  0.0112207
23  12  0.000903159  0.00744911
23  13  0.000910134  0.00522421
23  14  0.000917269  0.00383105
23  15  0.000924433  0.00291812
23  16  0.000931483  0.00229862
23  17  0.000938262  0.0018671
23  18  0.000944602  0.00156108
23  19  0.000950335  0.00134213
23  20  0.000955297  0.00118594
23  21  0.000959335  0.00107692
23  22  0.00096232  0.00100505
23  23  0.000964153  0.000964156
23  24  0.000964771  0.000950881
23  25  0.000964153  0.000964156
23  26  0.00096232  0.00100505
23  27  0.000959335  0.00107692
23  28  0.000955297  0.00118594
23  29  0.000950335  0.00134213
23  30  0.000944602  0.00156108
23  31  0.000938262  0.0018671
23  32  0.000931483  0.00229862
23  33  0.000924433  0.00291812
23  34  0.000917269  0.00383105
23  35  0.000910134  0.00522421
23  36  0.000903159  0.00744911
23  37  0.000896453  0.0112207
23  38  0.00089011  0.0181502
23  39  0.000884208  0.0324227
23  40  0.000878808  0.0674787
23  41  0.000873961  0.185168
23  42  0.000869703  1.02236
23  43  0.000866063  23.6208
23  44  0.000863063  0.806786
23  45  0.000860716  0.2928
23  46  0.000859033  0.177135
23  47  0.000858021  0.13781
23  48  0.000857683  0.127566

24  0  0.000843152  0.1239
24  1  0.000843494  0.133728
24  2  0.000844519  0.171337
24  3  0.000846223  0.281027
24  4  0.000848599  0.756896
24  5  0.000851638  18.3496
24  6  0.000855323  1.08855
24  7  0.000859634  0.189621
24  8  0.000864542  0.0683265
24  9  0.000870008  0.0326615
24  10  0.000875983  0.0182324
24  11  0.000882402  0.0112524
24  12  0.000889189  0.00746223
24  13  0.000896247  0.00522988
24  14  0.000903465  0.00383361
24  15  0.000910713  0.00291936
24  16  0.000917845  0.00229932
24  17  0.0009247  0.00186761
24  18  0.000931112  0.00156155
24  19  0.000936909  0.00134262
24  20  0.000941925  0.00118647
24  21  0.000946007  0.00107749
24  22  0.000949025  0.00100565
24  23  0.000950878  0.000964774
24  24  0.000951502  0.000951506
24  25  0.000950878  0.000964774
24  26  0.000949025  0.00100565
24  27  0.000946007  0.00107749
24  28  0.000941925  0.00118647
24  29  0.000936909  0.00134262
24  30  0.000931112  0.00156155
24  31  0.0009247  0.00186761
24  32  0.000917845  0.00229932
24  33  0.000910713  0.00291936
24  34  0.000903465  0.00383361
24  35  0.000896247  0.00522988
24  36  0.000889189  0.00746223
24  37  0.000882402  0.0112524
24  38  0.000875983  0.0182324
24  39  0.000870008  0.0326615
24  40  0.000864542  0.0683265
24  41  0.000859634  0.189621
24  42  0.000855323  1.08855
24  43  0.000851638  18.3496
24  44  0.000848599  0.756896
24  45  0.000846223  0.281027
24  46  0.000844519  0.171337
24  47  0.000843494  0.133728
24  48  0.000843152  0.1239

25  0  0.000857683  0.127566
25  1  0.000858021  0.13781
25  2  0.000859033  0.177135
25  3  0.000860716  0.2928
25  4  0.000863063  0.806786
25  5  0.000866063  23.6208
25  6  0.000869703  1.02236
25  7  0.000873961  0.185168
25  8  0.000878808  0.0674787
25  9  0.000884208  0.0324227
25  10  0.00089011  0.0181502
25  11  0.000896453  0.0112207
25  12  0.000903159  0.00744911
25  13  0.000910134  0.00522421
25  14  0.000917269  0.00383105
25  15  0.000924433  0.00291812
25  16  0.000931483  0.00229862
25  17  0.000938262  0.0018671
25  18  0.000944602  0.00156108
25  19  0.000950335  0.00134213
25  20  0.000955297  0.00118594
25  21  0.000959335  0.00107692
25  22  0.00096232  0.00100505
25  23  0.000964153  0.000964156
25  24  0.000964771  0.000950881
25  25  0.000964153  0.000964156
25  26  0.00096232  0.00100505
25  27  0.000959335  0.00107692
25  28  0.000955297  0.00118594
25  29  0.000950335  0.00134213
25  30  0.000944602  0.00156108
25  31  0.000938262  0.0018671
25  32  0.000931483  0.00229862
25  33  0.000924433  0.00291812
25  34  0.000917269  0.00383105
25  35  0.000910134  0.00522421
25  36  0.000903159  0.00744911
25  37  0.000896453  0.0112207
25  38  0.00089011  0.0181502
25  39  0.000884208  0.0324227
25  40  0.000878808  0.0674787
25  41  0.000873961  0.185168
25  42  0.000869703  1.02236
25  43  0.000866063  23.6208
25  44  0.000863063  0.806786
25  45  0.000860716  0.2928
25  46  0.000859033  0.177135
25  47  0.000858021  0.13781
25  48  0.000857683  0.127566

26  0  0.000902285  0.139381
26  1  0.00090261  0.151003
26  2  0.000903584  0.196062
26  3  0.000905204  0.332186
26  4  0.000907463  0.986384
26  5  0.000910351  50.6508
26  6  0.000913856  0.858575
26  7  0.000917957  0.172898
26  8  0.000922626  0.0650653
26  9  0.000927829  0.0317324
26  10  0.000933518  0.0179106
26  11  0.000939633  0.0111277
26  12  0.000946101  0.00741051
26  13  0.000952832  0.00520748
26  14  0.000959718  0.0038235
26  15  0.000966637  0.00291446
26  16  0.000973448  0.00229654
26  17  0.000979999  0.00186559
26  18  0.000986129  0.00155969
26  19  0.000991673  0.00134068
26  20  0.000996473  0.00118438
26  21  0.00100038  0.00107524
26  22  0.00100327  0.00100327
26  23  0.00100504  0.000962323
26  24  0.00100564  0.000949029
26  25  0.00100504  0.000962323
26  26  0.00100327  0.00100327
26  27  0.00100038  0.00107524
26  28  0.000996473  0.00118438
26  29  0.000991673  0.00134068
26  30  0.000986129  0.00155969
26  31  0.000979999  0.00186559
26  32  0.000973448  0.00229654
26  33  0.000966637  0.00291446
26  34  0.000959718  0.0038235
26  35  0.000952832  0.00520748
26  36  0.000946101  0.00741051
26  37  0.000939633  0.0111277
26  38  0.000933518  0.0179106
26  39  0.000927829  0.0317324
26  40  0.000922626  0.0650653
26  41  0.000917957  0.172898
26  42  0.000913856  0.858575
26  43  0.000910351  50.6508
26  44  0.000907463  0.986384
26  45  0.000905204  0.332186
26  46  0.000903584  0.196062
26  47  0.00090261  0.151003
26  48  0.000902285  0.139381

27  0  0.000980078  0.162192
27  1  0.000980383  0.17663
27  2  0.000981296  0.233631
27  3  0.000982814  0.414678
27  4  0.000984933  1.43214
27  5  0.000987642  39.7377
27  6  0.00099093  0.666359
27  7  0.000994779  0.155513
27  8  0.000999164  0.0614319
27  9  0.00100405  0.0306625
27  10  0.0010094  0.0175331
27  11  0.00101515  0.0109797
27  12  0.00102124  0.00734863
27  13  0.00102758  0.00518053
27  14  0.00103407  0.0038113
27  15  0.0010406  0.00290852
27  16  0.00104703  0.00229317
27  17  0.00105321  0.00186313
27  18  0.00105901  0.00155743
27  19  0.00106425  0.00133832
27  20  0.0010688  0.00118183
27  21  0.0010725  0.0010725
27  22  0.00107523  0.00100038
27  23  0.00107691  0.000959338
27  24  0.00107748  0.000946011
27  25  0.00107691  0.000959338
27  26  0.00107523  0.00100038
27  27  0.0010725  0.0010725
27  28  0.0010688  0.00118183
27  29  0.00106425  0.00133832
27  30  0.00105901  0.00155743
27  31  0.00105321  0.00186313
27  32  0.00104703  0.00229317
27  33  0.0010406  0.00290852
27  34  0.00103407  0.0038113
27  35  0.00102758  0.00518053
27  36  0.00102124  0.00734863
27  37  0.00101515  0.0109797
27  38  0.0010094  0.0175331
27  39  0.00100405  0.0306625
27  40  0.000999164  0.0614319
27  41  0.000994779  0.155513
27  42  0.00099093  0.666359
27  43  0.000987642  39.7377
27  44  0.000984933  1.43214
27  45  0.000982814  0.414678
27  46  0.000981296  0.233631
27  47  0.000980383  0.17663
27  48  0.000980078  0.162192

28  0  0.00109661  0.20243
28  1  0.00109689  0.2223
28  2  0.00109772  0.303106
28  3  0.00109911  0.582429
28  4  0.00110105  2.69931
28  5  0.00110353  8.85856
28  6  0.00110654  0.495984
28  7  0.00111007  0.136101
28  8  0.00111409  0.057032
28  9  0.00111858  0.0293139
28  10  0.0011235  0.017046
28  11  0.00112879  0.0107858
28  12  0.00113439  0.00726681
28  13  0.00114024  0.00514465
28  14  0.00114623  0.00379498
28  15  0.00115225  0.00290057
28  16  0.0011582  0.00228864
28  17  0.00116393  0.00185982
28  18  0.0011693  0.00155438
28  19  0.00117417  0.00133514
28  20  0.00117839  0.0011784
28  21  0.00118183  0.0010688
28  22  0.00118437  0.000996477
28  23  0.00118594  0.0009553
28  24  0.00118647  0.000941929
28  25  0.00118594  0.0009553
28  26  0.00118437  0.000996477
28  27  0.00118183  0.0010688
28  28  0.00117839  0.0011784
28  29  0.00117417  0.00133514
28  30  0.0011693  0.00155438
28  31  0.00116393  0.00185982
28  32  0.0011582  0.00228864
28  33  0.00115225  0.00290057
28  34  0.00114623  0.00379498
28  35  0.00114024  0.00514465
28  36  0.00113439  0.00726681
28  37  0.00112879  0.0107858
28  38  0.0011235  0.017046
28  39  0.00111858  0.0293139
28  40  0.00111409  0.057032
28  41  0.00111007  0.136101
28  42  0.00110654  0.495984
28  43  0.00110353  8.85856
28  44  0.00110105  2.69931
28  45  0.00109911  0.582429
28  46  0.00109772  0.303106
28  47  0.00109689  0.2223
28  48  0.00109661  0.20243

29  0  0.00126042  0.274455
29  1  0.00126067  0.305391
29  2  0.00126143  0.437324
29  3  0.00126268  0.96424
29  4  0.00126443  8.58454
29  5  0.00126668  2.92959
29  6  0.0012694  0.364813
29  7  0.0012726  0.117124
29  8  0.00127625  0.0523121
29  9  0.00128032  0.0277962
29  10  0.00128479  0.016482
29  11  0.00128961  0.0105573
29  12  0.00129472  0.00716915
29  13  0.00130006  0.00510147
29  14  0.00130554  0.00377523
29  15  0.00131107  0.00289089
29  16  0.00131653  0.00228312
29  17  0.0013218  0.00185579
29  18  0.00132675  0.00155065
29  19  0.00133124  0.00133125
29  20  0.00133514  0.00117418
29  21  0.00133832  0.00106426
29  22  0.00134067  0.000991678
29  23  0.00134212  0.000950339
29  24  0.00134261  0.000936913
29  25  0.00134212  0.000950339
29  26  0.00134067  0.000991678
29  27  0.00133832  0.00106426
29  28  0.00133514  0.00117418
29  29  0.00133124  0.00133125
29  30  0.00132675  0.00155065
29  31  0.0013218  0.00185579
29  32  0.00131653  0.00228312
29  33  0.00131107  0.00289089
29  34  0.00130554  0.00377523
29  35  0.00130006  0.00510147
29  36  0.00129472  0.00716915
29  37  0.00128961  0.0105573
29  38  0.00128479  0.016482
29  39  0.00128032  0.0277962
29  40  0.00127625  0.0523121
29  41  0.0012726  0.117124
29  42  0.0012694  0.364813
29  43  0.00126668  2.92959
29  44  0.00126443  8.58454
29  45  0.00126268  0.96424
29  46  0.00126143  0.437324
29  47  0.00126067  0.305391
29  48  0.00126042  0.274455

30  0  0.00148394  0.413757
30  1  0.00148417  0.470358
30  2  0.00148487  0.7318
30  3  0.00148604  2.09956
30  4  0.00148767  63.6284
30  5  0.00148975  1.31303
30  6  0.00149229  0.270471
30  7  0.00149527  0.100041
30  8  0.00149868  0.0476322
30  9  0.00150249  0.0262104
30  10  0.00150667  0.0158737
30  11  0.00151119  0.0103056
30  12  0.001516  0.00706005
30  13  0.00152103  0.00505275
30  14  0.00152621  0.00375278
30  15  0.00153144  0.00287985
30  16  0.00153663  0.00227679
30  17  0.00154164  0.00185115
30  18  0.00154635  0.00154636
30  19  0.00155064  0.00132676
30  20  0.00155437  0.00116931
30  21  0.00155742  0.00105901
30  22  0.00155968  0.000986133
30  23  0.00156107  0.000944606
30  24  0.00156154  0.000931116
30  25  0.00156107  0.000944606
30  26  0.00155968  0.000986133
30  27  0.00155742  0.00105901
30  28  0.00155437  0.00116931
30  29  0.00155064  0.00132676
30  30  0.00154635  0.00154636
30  31  0.00154164  0.00185115
30  32  0.00153663  0.00227679
30  33  0.00153144  0.00287985
30  34  0.00152621  0.00375278
30  35  0.00152103  0.00505275
30  36  0.001516  0.00706005
30  37  0.00151119  0.0103056
30  38  0.00150667  0.0158737
30  39  0.00150249  0.0262104
30  40  0.00149868  0.0476322
30  41  0.00149527  0.100041
30  42  0.00149229  0.270471
30  43  0.00148975  1.31303
30  44  0.00148767  63.6284
30  45  0.00148604  2.09956
30  46  0.00148487  0.7318
30  47  0.00148417  0.470358
30  48  0.00148394  0.413757

31  0  0.00178484  0.726246
31  1  0.00178508  0.857442
31  2  0.00178582  1.56113
31  3  0.00178704  8.44318
31  4  0.00178874  7.74802
31  5  0.00179093  0.709979
31  6  0.00179359  0.204396
31  7  0.00179672  0.0854449
31  8  0.0018003  0.0432357
31  9  0.00180432  0.0246383
31  10  0.00180874  0.01525
31  11  0.00181352  0.0100416
31  12  0.00181863  0.00694387
31  13  0.00182398  0.00500029
31  14  0.0018295  0.00372844
31  15  0.0018351  0.00286781
31  16  0.00184066  0.00226987
31  17  0.00184605  0.00184606
31  18  0.00185114  0.00154165
31  19  0.00185577  0.00132181
31  20  0.00185981  0.00116394
31  21  0.00186312  0.00105322
31  22  0.00186557  0.000980003
31  23  0.00186709  0.000938266
31  24  0.0018676  0.000924704
31  25  0.00186709  0.000938266
31  26  0.00186557  0.000980003
31  27  0.00186312  0.00105322
31  28  0.00185981  0.00116394
31  29  0.00185577  0.00132181
31  30  0.00185114  0.00154165
31  31  0.00184605  0.00184606
31  32  0.00184066  0.00226987
31  33  0.0018351  0.00286781
31  34  0.0018295  0.00372844
31  35  0.00182398  0.00500029
31  36  0.00181863  0.00694387
31  37  0.00181352  0.0100416
31  38  0.00180874  0.01525
31  39  0.00180432  0.0246383
31  40  0.0018003  0.0432357
31  41  0.00179672  0.0854449
31  42  0.00179359  0.204396
31  43  0.00179093  0.709979
31  44  0.00178874  7.74802
31  45  0.00178704  8.44318
31  46  0.00178582  1.56113
31  47  0.00178508  0.857442
31  48  0.00178484  0.726246

32  0  0.00218806  1.64912
32  1  0.00218838  2.1075
32  2  0.00218934  5.59622
32  3  0.00219095  54.2361
32  4  0.00219319  2.0314
32  5  0.00219607  0.435541
32  6  0.00219959  0.158273
32  7  0.00220372  0.0733624
32  8  0.00220847  0.039258
32  9  0.0022138  0.0231385
32  10  0.00221967  0.0146342
32  11  0.00222605  0.00977489
32  12  0.00223287  0.00682456
32  13  0.00224005  0.00494581
32  14  0.00224747  0.00370294
32  15  0.00225502  0.00285513
32  16  0.00226254  0.00226256
32  17  0.00226986  0.00184067
32  18  0.00227678  0.00153663
32  19  0.0022831  0.00131654
32  20  0.00228862  0.00115821
32  21  0.00229315  0.00104703
32  22  0.00229652  0.000973452
32  23  0.0022986  0.000931487
32  24  0.00229931  0.000917848
32  25  0.0022986  0.000931487
32  26  0.00229652  0.000973452
32  27  0.00229315  0.00104703
32  28  0.00228862  0.00115821
32  29  0.0022831  0.00131654
32  30  0.00227678  0.00153663
32  31  0.00226986  0.00184067
32  32  0.00226254  0.00226256
32  33  0.00225502  0.00285513
32  34  0.00224747  0.00370294
32  35  0.00224005  0.00494581
32  36  0.00223287  0.00682456
32  37  0.00222605  0.00977489
32  38  0.00221967  0.0146342
32  39  0.0022138  0.0231385
32  40  0.00220847  0.039258
32  41  0.00220372  0.0733624
32  42  0.00219959  0.158273
32  43  0.00219607  0.435541
32  44  0.00219319  2.0314
32  45  0.00219095  54.2361
32  46  0.00218934  5.59622
32  47  0.00218838  2.1075
32  48  0.00218806  1.64912

33  0  0.00272873  6.67418
33  1  0.00272926  10.7617
33  2  0.00273087  63.0084
33  3  0.00273354  5.00152
33  4  0.00273728  0.897304
33  5  0.0027421  0.292679
33  6  0.00274798  0.125785
33  7  0.00275491  0.063541
33  8  0.00276288  0.0357519
33  9  0.00277185  0.0217479
33  10  0.00278178  0.0140437
33  11  0.00279259  0.00951317
33  12  0.00280419  0.00670554
33  13  0.00281643  0.00489081
33  14  0.00282915  0.00367699
33  15  0.00284213  0.00284215
33  16  0.00285511  0.00225504
33  17  0.00286779  0.00183511
33  18  0.00287983  0.00153145
33  19  0.00289087  0.00131108
33  20  0.00290054  0.00115226
33  21  0.0029085  0.0010406
33  22  0.00291443  0.000966641
33  23  0.00291809  0.000924437
33  24  0.00291933  0.000910717
33  25  0.00291809  0.000924437
33  26  0.00291443  0.000966641
33  27  0.0029085  0.0010406
33  28  0.00290054  0.00115226
33  29  0.00289087  0.00131108
33  30  0.00287983  0.00153145
33  31  0.00286779  0.00183511
33  32  0.00285511  0.00225504
33  33  0.00284213  0.00284215
33  34  0.00282915  0.00367699
33  35  0.00281643  0.00489081
33  36  0.00280419  0.00670554
33  37  0.00279259  0.00951317
33  38  0.00278178  0.0140437
33  39  0.00277185  0.0217479
33  40  0.00276288  0.0357519
33  41  0.00275491  0.063541
33  42  0.00274798  0.125785
33  43  0.0027421  0.292679
33  44  0.00273728  0.897304
33  45  0.00273354  5.00152
33  46  0.00273087  63.0084
33  47  0.00272926  10.7617
33  48  0.00272873  6.67418

34  0  0.00345649  60.0536
34  1  0.0034575  34.2099
34  2  0.00346054  6.45513
34  3  0.00346562  1.51959
34  4  0.00347274  0.504832
34  5  0.00348191  0.210762
34  6  0.00349313  0.102559
34  7  0.00350641  0.05563
34  8  0.00352172  0.0327161
34  9  0.00353902  0.0204859
34  10  0.00355825  0.0134904
34  11  0.00357928  0.00926228
34  12  0.00360195  0.00658957
34  13  0.00362601  0.00483659
34  14  0.00365115  0.00365119
34  15  0.00367695  0.00282918
34  16  0.0037029  0.00224749
34  17  0.0037284  0.00182952
34  18  0.00375275  0.00152622
34  19  0.00377519  0.00130555
34  20  0.00379494  0.00114623
34  21  0.00381126  0.00103408
34  22  0.00382346  0.000959723
34  23  0.00383101  0.000917273
34  24  0.00383357  0.000903469
34  25  0.00383101  0.000917273
34  26  0.00382346  0.000959723
34  27  0.00381126  0.00103408
34  28  0.00379494  0.00114623
34  29  0.00377519  0.00130555
34  30  0.00375275  0.00152622
34  31  0.0037284  0.00182952
34  32  0.0037029  0.00224749
34  33  0.00367695  0.00282918
34  34  0.00365115  0.00365119
34  35  0.00362601  0.00483659
34  36  0.00360195  0.00658957
34  37  0.00357928  0.00926228
34  38  0.00355825  0.0134904
34  39  0.00353902  0.0204859
34  40  0.00352172  0.0327161
34  41  0.00350641  0.05563
34  42  0.00349313  0.102559
34  43  0.00348191  0.210762
34  44  0.00347274  0.504832
34  45  0.00346562  1.51959
34  46  0.00346054  6.45513
34  47  0.0034575  34.2099
34  48  0.00345649  60.0536

35  0  0.00444178  5.33215
35  1  0.00444377  3.80006
35  2  0.00444975  1.74601
35  3  0.00445974  0.732447
35  4  0.00447379  0.326988
35  5  0.00449192  0.160253
35  6  0.0045142  0.0856667
35  7  0.00454065  0.0492791
35  8  0.00457129  0.0301192
35  9  0.00460611  0.0193589
35  10  0.00464503  0.0129812
35  11  0.00468788  0.00902636
35  12  0.00473439  0.0064788
35  13  0.00478414  0.0047842
35  14  0.00483653  0.00362605
35  15  0.00489075  0.00281646
35  16  0.00494575  0.00224007
35  17  0.00500023  0.00182399
35  18  0.00505268  0.00152104
35  19  0.0051014  0.00130007
35  20  0.00514459  0.00114024
35  21  0.00518046  0.00102758
35  22  0.00520741  0.000952836
35  23  0.00522414  0.000910139
35  24  0.00522982  0.000896251
35  25  0.00522414  0.000910139
35  26  0.00520741  0.000952836
35  27  0.00518046  0.00102758
35  28  0.00514459  0.00114024
35  29  0.0051014  0.00130007
35  30  0.00505268  0.00152104
35  31  0.00500023  0.00182399
35  32  0.00494575  0.00224007
35  33  0.00489075  0.00281646
35  34  0.00483653  0.00362605
35  35  0.00478414  0.0047842
35  36  0.00473439  0.0064788
35  37  0.00468788  0.00902636
35  38  0.00464503  0.0129812
35  39  0.00460611  0.0193589
35  40  0.00457129  0.0301192
35  41  0.00454065  0.0492791
35  42  0.0045142  0.0856667
35  43  0.00449192  0.160253
35  44  0.00447379  0.326988
35  45  0.00445974  0.732447
35  46  0.00444975  1.74601
35  47  0.00444377  3.80006
35  48  0.00444178  5.33215

36  0  0.00578492  1.60571
36  1  0.00578881  1.32527
36  2  0.00580049  0.814321
36  3  0.00582006  0.438903
36  4  0.00584762  0.232506
36  5  0.00588334  0.12731
36  6  0.00592741  0.0731689
36  7  0.00598001  0.0441803
36  8  0.00604134  0.0279157
36  9  0.00611152  0.0183651
36  10  0.00619058  0.0125196
36  11  0.00627841  0.00880807
36  12  0.00637467  0.00637475
36  13  0.00647871  0.00473445
36  14  0.00658948  0.00360199
36  15  0.00670544  0.00280421
36  16  0.00682446  0.00223289
36  17  0.00694377  0.00181864
36  18  0.00705995  0.00151601
36  19  0.00716904  0.00129473
36  20  0.0072667  0.0011344
36  21  0.00734852  0.00102124
36  22  0.0074104  0.000946106
36  23  0.007449  0.000903163
36  24  0.00746212  0.000889193
36  25  0.007449  0.000903163
36  26  0.0074104  0.000946106
36  27  0.00734852  0.00102124
36  28  0.0072667  0.0011344
36  29  0.00716904  0.00129473
36  30  0.00705995  0.00151601
36  31  0.00694377  0.00181864
36  32  0.00682446  0.00223289
36  33  0.00670544  0.00280421
36  34  0.00658948  0.00360199
36  35  0.00647871  0.00473445
36  36  0.00637467  0.00637475
36  37  0.00627841  0.00880807
36  38  0.00619058  0.0125196
36  39  0.00611152  0.0183651
36  40  0.00604134  0.0279157
36  41  0.00598001  0.0441803
36  42  0.00592741  0.0731689
36  43  0.00588334  0.12731
36  44  0.00584762  0.232506
36  45  0.00582006  0.438903
36  46  0.00580049  0.814321
36  47  0.00578881  1.32527
36  48  0.00578492  1.60571

37  0  0.00762896  0.787202
37  1  0.00763641  0.688973
37  2  0.00765885  0.483378
37  3  0.00769649  0.29891
37  4  0.00774969  0.176765
37  5  0.00781896  0.104855
37  6  0.0079049  0.0637733
37  7  0.00800819  0.040079
37  8  0.00812958  0.0260568
37  9  0.00826977  0.0174973
37  10  0.00842938  0.0121061
37  11  0.00860877  0.00860891
37  12  0.00880793  0.00627849
37  13  0.00902621  0.00468794
37  14  0.00926212  0.00357932
37  15  0.009513  0.00279262
37  16  0.00977472  0.00222607
37  17  0.0100414  0.00181354
37  18  0.0103054  0.0015112
37  19  0.0105571  0.00128962
37  20  0.0107856  0.00112879
37  21  0.0109795  0.00101516
37  22  0.0111275  0.000939638
37  23  0.0112205  0.000896457
37  24  0.0112522  0.000882406
37  25  0.0112205  0.000896457
37  26  0.0111275  0.000939638
37  27  0.0109795  0.00101516
37  28  0.0107856  0.00112879
37  29  0.0105571  0.00128962
37  30  0.0103054  0.0015112
37  31  0.0100414  0.00181354
37  32  0.00977472  0.00222607
37  33  0.009513  0.00279262
37  34  0.00926212  0.00357932
37  35  0.00902621  0.00468794
37  36  0.00880793  0.00627849
37  37  0.00860877  0.00860891
37  38  0.00842938  0.0121061
37  39  0.00826977  0.0174973
37  40  0.00812958  0.0260568
37  41  0.00800819  0.040079
37  42  0.0079049  0.0637733
37  43  0.00781896  0.104855
37  44  0.00774969  0.176765
37  45  0.00769649  0.29891
37  46  0.00765885  0.483378
37  47  0.00763641  0.688973
37  48  0.00762896  0.787202

38  0  0.0101772  0.482451
38  1  0.0101912  0.435421
38  2  0.0102335  0.329089
38  3  0.0103046  0.221654
38  4  0.0104056  0.14137
38  5  0.0105378  0.0890058
38  6  0.010703  0.0566105
38  7  0.0109033  0.0367724
38  8  0.0111411  0.0244954
38  9  0.011419  0.016746
38  10  0.0117398  0.01174
38  11  0.0121059  0.00842951
38  12  0.0125193  0.00619066
38  13  0.012981  0.00464508
38  14  0.0134902  0.00355829
38  15  0.0140434  0.00278181
38  16  0.0146339  0.00221969
38  17  0.0152496  0.00180875
38  18  0.0158734  0.00150668
38  19  0.0164817  0.0012848
38  20  0.0170456  0.0011235
38  21  0.0175326  0.0010094
38  22  0.0179102  0.000933522
38  23  0.0181498  0.000890114
38  24  0.0182319  0.000875987
38  25  0.0181498  0.000890114
38  26  0.0179102  0.000933522
38  27  0.0175326  0.0010094
38  28  0.0170456  0.0011235
38  29  0.0164817  0.0012848
38  30  0.0158734  0.00150668
38  31  0.0152496  0.00180875
38  32  0.0146339  0.00221969
38  33  0.0140434  0.00278181
38  34  0.0134902  0.00355829
38  35  0.012981  0.00464508
38  36  0.0125193  0.00619066
38  37  0.0121059  0.00842951
38  38  0.0117398  0.01174
38  39  0.011419  0.016746
38  40  0.0111411  0.0244954
38  41  0.0109033  0.0367724
38  42  0.010703  0.0566105
38  43  0.0105378  0.0890058
38  44  0.0104056  0.14137
38  45  0.0103046  0.221654
38  46  0.0102335  0.329089
38  47  0.0101912  0.435421
38  48  0.0101772  0.482451

39  0  0.0137153  0.336419
39  1  0.0137413  0.309309
39  2  0.0138196  0.244982
39  3  0.013952  0.174741
39  4  0.0141408  0.117658
39  5  0.0143898  0.0775098
39  6  0.0147036  0.051087
39  7  0.0150884  0.0341018
39  8  0.0155512  0.0231896
39  9  0.0161004  0.0161008
39  10  0.0167456  0.0114193
39  11  0.0174968  0.0082699
39  12  0.0183646  0.0061116
39  13  0.0193585  0.00460617
39  14  0.0204853  0.00353906
39  15  0.0217473  0.00277188
39  16  0.0231378  0.00221381
39  17  0.0246376  0.00180433
39  18  0.0262096  0.0015025
39  19  0.0277953  0.00128033
39  20  0.029313  0.00111859
39  21  0.0306616  0.00100406
39  22  0.0317314  0.000927833
39  23  0.0324217  0.000884212
39  24  0.0326605  0.000870012
39  25  0.0324217  0.000884212
39  26  0.0317314  0.000927833
39  27  0.0306616  0.00100406
39  28  0.029313  0.00111859
39  29  0.0277953  0.00128033
39  30  0.0262096  0.0015025
39  31  0.0246376  0.00180433
39  32  0.0231378  0.00221381
39  33  0.0217473  0.00277188
39  34  0.0204853  0.00353906
39  35  0.0193585  0.00460617
39  36  0.0183646  0.0061116
39  37  0.0174968  0.0082699
39  38  0.0167456  0.0114193
39  39  0.0161004  0.0161008
39  40  0.0155512  0.0231896
39  41  0.0150884  0.0341018
39  42  0.0147036  0.051087
39  43  0.0143898  0.0775098
39  44  0.0141408  0.117658
39  45  0.013952  0.174741
39  46  0.0138196  0.244982
39  47  0.0137413  0.309309
39  48  0.0137153  0.336419

40  0  0.0186343  0.255403
40  1  0.0186816  0.237701
40  2  0.0188248  0.194309
40  3  0.0190674  0.14431
40  4  0.0194159  0.10114
40  5  0.0198794  0.0689982
40  6  0.0204702  0.0467922
40  7  0.0212045  0.0319443
40  8  0.0221023  0.0221029
40  9  0.0231889  0.0155515
40  10  0.0244947  0.0111413
40  11  0.026056  0.0081297
40  12  0.0279149  0.00604142
40  13  0.0301182  0.00457135
40  14  0.032715  0.00352175
40  15  0.0357506  0.0027629
40  16  0.0392566  0.00220849
40  17  0.0432341  0.00180031
40  18  0.0476303  0.00149869
40  19  0.05231  0.00127626
40  20  0.0570295  0.0011141
40  21  0.0614291  0.000999169
40  22  0.0650624  0.000922631
40  23  0.0674756  0.000878813
40  24  0.0683233  0.000864546
40  25  0.0674756  0.000878813
40  26  0.0650624  0.000922631
40  27  0.0614291  0.000999169
40  28  0.0570295  0.0011141
40  29  0.05231  0.00127626
40  30  0.0476303  0.00149869
40  31  0.0432341  0.00180031
40  32  0.0392566  0.00220849
40  33  0.0357506  0.0027629
40  34  0.032715  0.00352175
40  35  0.0301182  0.00457135
40  36  0.0279149  0.00604142
40  37  0.026056  0.0081297
40  38  0.0244947  0.0111413
40  39  0.0231889  0.0155515
40  40  0.0221023  0.0221029
40  41  0.0212045  0.0319443
40  42  0.0204702  0.0467922
40  43  0.0198794  0.0689982
40  44  0.0194159  0.10114
40  45  0.0190674  0.14431
40  46  0.0188248  0.194309
40  47  0.0186816  0.237701
40  48  0.0186343  0.255403

41  0  0.0254424  0.206063
41  1  0.0255272  0.193406
41  2  0.0257845  0.161663
41  3  0.0262228  0.123643
41  4  0.0268571  0.0893085
41  5  0.0277097  0.0626067
41  6  0.0288116  0.0434381
41  7  0.0302043  0.0302053
41  8  0.0319432  0.021205
41  9  0.0341006  0.0150887
41  10  0.0367711  0.0109035
41  11  0.0400775  0.00800831
41  12  0.0441786  0.00598009
41  13  0.0492771  0.0045407
41  14  0.0556275  0.00350644
41  15  0.063538  0.00275493
41  16  0.0733588  0.00220374
41  17  0.0854403  0.00179673
41  18  0.100036  0.00149528
41  19  0.117116  0.00127261
41  20  0.136092  0.00111008
41  21  0.155502  0.000994784
41  22  0.172885  0.000917961
41  23  0.185154  0.000873965
41  24  0.189607  0.000859639
41  25  0.185154  0.000873965
41  26  0.172885  0.000917961
41  27  0.155502  0.000994784
41  28  0.136092  0.00111008
41  29  0.117116  0.00127261
41  30  0.100036  0.00149528
41  31  0.0854403  0.00179673
41  32  0.0733588  0.00220374
41  33  0.063538  0.00275493
41  34  0.0556275  0.00350644
41  35  0.0492771  0.0045407
41  36  0.0441786  0.00598009
41  37  0.0400775  0.00800831
41  38  0.0367711  0.0109035
41  39  0.0341006  0.0150887
41  40  0.0319432  0.021205
41  41  0.0302043  0.0302053
41  42  0.0288116  0.0434381
41  43  0.0277097  0.0626067
41  44  0.0268571  0.0893085
41  45  0.0262228  0.123643
41  46  0.0257845  0.161663
41  47  0.0255272  0.193406
41  48  0.0254424  0.206063

42  0  0.0347339  0.174124
42  1  0.0348828  0.164418
42  2  0.0353357  0.139669
42  3  0.0361121  0.10917
42  4  0.0372462  0.0806829
42  5  0.03879  0.057772
42  6  0.0408184  0.0408199
42  7  0.0434364  0.0288125
42  8  0.0467904  0.0204708
42  9  0.0510848  0.014704
42  10  0.0566079  0.0107032
42  11  0.0637703  0.00790502
42  12  0.0731652  0.00592748
42  13  0.085662  0.00451425
42  14  0.102552  0.00349317
42  15  0.125777  0.002748
42  16  0.158261  0.0021996
42  17  0.204379  0.0017936
42  18  0.270446  0.0014923
42  19  0.364773  0.00126941
42  20  0.495921  0.00110655
42  21  0.666262  0.000990936
42  22  0.858434  0.000913861
42  23  1.02218  0.000869708
42  24  1.08835  0.000855328
42  25  1.02218  0.000869708
42  26  0.858434  0.000913861
42  27  0.666262  0.000990936
42  28  0.495921  0.00110655
42  29  0.364773  0.00126941
42  30  0.270446  0.0014923
42  31  0.204379  0.0017936
42  32  0.158261  0.0021996
42  33  0.125777  0.002748
42  34  0.102552  0.00349317
42  35  0.085662  0.00451425
42  36  0.0731652  0.00592748
42  37  0.0637703  0.00790502
42  38  0.0566079  0.0107032
42  39  0.0510848  0.014704
42  40  0.0467904  0.0204708
42  41  0.0434364  0.0288125
42  42  0.0408184  0.0408199
42  43  0.03879  0.057772
42  44  0.0372462  0.0806829
42  45  0.0361121  0.10917
42  46  0.0353357  0.139669
42  47  0.0348828  0.164418
42  48  0.0347339  0.174124

43  0  0.0470515  0.152655
43  1  0.0473052  0.144779
43  2  0.0480795  0.124449
43  3  0.0494161  0.0988635
43  4  0.0513895  0.0743491
43  5  0.0541162  0.0541185
43  6  0.0577694  0.0387914
43  7  0.0626037  0.0277106
43  8  0.0689948  0.0198799
43  9  0.0775057  0.0143901
43  10  0.0890008  0.010538
43  11  0.104849  0.00781908
43  12  0.127301  0.00588342
43  13  0.16024  0.00449197
43  14  0.210744  0.00348194
43  15  0.292649  0.00274212
43  16  0.435487  0.00219609
43  17  0.709868  0.00179094
43  18  1.31275  0.00148976
43  19  2.92869  0.00126668
43  20  8.85413  0.00110354
43  21  39.7102  0.000987647
43  22  50.6798  0.000910356
43  23  23.6369  0.000866068
43  24  18.3613  0.000851642
43  25  23.6369  0.000866068
43  26  50.6798  0.000910356
43  27  39.7102  0.000987647
43  28  8.85413  0.00110354
43  29  2.92869  0.00126668
43  30  1.31275  0.00148976
43  31  0.709868  0.00179094
43  32  0.435487  0.00219609
43  33  0.292649  0.00274212
43  34  0.210744  0.00348194
43  35  0.16024  0.00449197
43  36  0.127301  0.00588342
43  37  0.104849  0.00781908
43  38  0.0890008  0.010538
43  39  0.0775057  0.0143901
43  40  0.0689948  0.0198799
43  41  0.0626037  0.0277106
43  42  0.0577694  0.0387914
43  43  0.0541162  0.0541185
43  44  0.0513895  0.0743491
43  45  0.0494161  0.0988635
43  46  0.0480795  0.124449
43  47  0.0473052  0.144779
43  48  0.0470515  0.152655

44  0  0.0625473  0.137979
44  1  0.0629607  0.131276
44  2  0.0642272  0.113822
44  3  0.0664302  0.0915111
44  4  0.0697215  0.069725
44  5  0.0743452  0.0513917
44  6  0.0806786  0.0372475
44  7  0.0893034  0.0268579
44  8  0.101134  0.0194164
44  9  0.11765  0.0141411
44  10  0.141359  0.0104058
44  11  0.176751  0.00774981
44  12  0.232484  0.00584769
44  13  0.326952  0.00447384
44  14  0.504763  0.00347277
44  15  0.897143  0.00273731
44  16  2.03086  0.00219321
44  17  7.74422  0.00178875
44  18  63.6305  0.00148767
44  19  8.58883  0.00126444
44  20  2.7001  0.00110106
44  21  1.43245  0.000984938
44  22  0.986556  0.000907467
44  23  0.806913  0.000863067
44  24  0.757011  0.000848604
44  25  0.806913  0.000863067
44  26  0.986556  0.000907467
44  27  1.43245  0.000984938
44  28  2.7001  0.00110106
44  29  8.58883  0.00126444
44  30  63.6305  0.00148767
44  31  7.74422  0.00178875
44  32  2.03086  0.00219321
44  33  0.897143  0.00273731
44  34  0.504763  0.00347277
44  35  0.326952  0.00447384
44  36  0.232484  0.00584769
44  37  0.176751  0.00774981
44  38  0.141359  0.0104058
44  39  0.11765  0.0141411
44  40  0.101134  0.0194164
44  41  0.0893034  0.0268579
44  42  0.0806786  0.0372475
44  43  0.0743452  0.0513917
44  44  0.0697215  0.069725
44  45  0.0664302  0.0915111
44  46  0.0642272  0.113822
44  47  0.0629607  0.131276
44  48  0.0625473  0.137979

45  0  0.0803888  0.128022
45  1  0.0810197  0.122078
45  2  0.0829602  0.106501
45  3  0.0863617  0.0863665
45  4  0.0915059  0.0664334
45  5  0.0988576  0.0494182
45  6  0.109164  0.0361134
45  7  0.123635  0.0262235
45  8  0.1443  0.0190679
45  9  0.174727  0.0139523
45  10  0.221634  0.0103048
45  11  0.298878  0.0076966
45  12  0.438846  0.00582013
45  13  0.732326  0.00445979
45  14  1.51923  0.00346565
45  15  4.99945  0.00273356
45  16  54.2067  0.00219097
45  17  8.4475  0.00178705
45  18  2.10012  0.00148605
45  19  0.964413  0.00126269
45  20  0.582509  0.00109912
45  21  0.414726  0.00098282
45  22  0.33222  0.000905208
45  23  0.292828  0.00086072
45  24  0.281054  0.000846227
45  25  0.292828  0.00086072
45  26  0.33222  0.000905208
45  27  0.414726  0.00098282
45  28  0.582509  0.00109912
45  29  0.964413  0.00126269
45  30  2.10012  0.00148605
45  31  8.4475  0.00178705
45  32  54.2067  0.00219097
45  33  4.99945  0.00273356
45  34  1.51923  0.00346565
45  35  0.732326  0.00445979
45  36  0.438846  0.00582013
45  37  0.298878  0.0076966
45  38  0.221634  0.0103048
45  39  0.174727  0.0139523
45  40  0.1443  0.0190679
45  41  0.123635  0.0262235
45  42  0.109164  0.0361134
45  43  0.0988576  0.0494182
45  44  0.0915059  0.0664334
45  45  0.0863617  0.0863665
45  46  0.0829602  0.106501
45  47  0.0810197  0.122078
45  48  0.0803888  0.128022

46  0  0.0981158  0.121579
46  1  0.0989946  0.116109
46  2  0.101707  0.101713
46  3  0.106495  0.0829647
46  4  0.113815  0.0642303
46  5  0.124441  0.0480815
46  6  0.139659  0.035337
46  7  0.16165  0.0257852
46  8  0.194293  0.0188252
46  9  0.244958  0.0138199
46  10  0.329053  0.0102337
46  11  0.483313  0.00765896
46  12  0.814178  0.00580057
46  13  1.74557  0.0044498
46  14  6.45211  0.00346058
46  15  63.0182  0.00273089
46  16  5.59864  0.00218936
46  17  1.5615  0.00178583
46  18  0.731916  0.00148488
46  19  0.437377  0.00126143
46  20  0.303136  0.00109773
46  21  0.233651  0.000981301
46  22  0.196077  0.000903589
46  23  0.177148  0.000859037
46  24  0.17135  0.000844523
46  25  0.177148  0.000859037
46  26  0.196077  0.000903589
46  27  0.233651  0.000981301
46  28  0.303136  0.00109773
46  29  0.437377  0.00126143
46  30  0.731916  0.00148488
46  31  1.5615  0.00178583
46  32  5.59864  0.00218936
46  33  63.0182  0.00273089
46  34  6.45211  0.00346058
46  35  1.74557  0.0044498
46  36  0.814178  0.00580057
46  37  0.483313  0.00765896
46  38  0.329053  0.0102337
46  39  0.244958  0.0138199
46  40  0.194293  0.0188252
46  41  0.16165  0.0257852
46  42  0.139659  0.035337
46  43  0.124441  0.0480815
46  44  0.113815  0.0642303
46  45  0.106495  0.0829647
46  46  0.101707  0.101713
46  47  0.0989946  0.116109
46  48  0.0981158  0.121579

47  0  0.111649  0.117954
47  1  0.112737  0.112744
47  2  0.116102  0.0990006
47  3  0.12207  0.081024
47  4  0.131267  0.0629636
47  5  0.144768  0.0473071
47  6  0.164406  0.034884
47  7  0.19339  0.025528
47  8  0.237678  0.0186821
47  9  0.309276  0.0137415
47  10  0.435365  0.0101914
47  11  0.688862  0.00763652
47  12  1.32497  0.00578888
47  13  3.79865  0.00444382
47  14  34.1833  0.00345754
47  15  10.7679  0.00272929
47  16  2.10808  0.0021884
47  17  0.857592  0.0017851
47  18  0.470418  0.00148418
47  19  0.305422  0.00126068
47  20  0.222319  0.0010969
47  21  0.176643  0.000980388
47  22  0.151013  0.000902615
47  23  0.137819  0.000858025
47  24  0.133737  0.000843498
47  25  0.137819  0.000858025
47  26  0.151013  0.000902615
47  27  0.176643  0.000980388
47  28  0.222319  0.0010969
47  29  0.305422  0.00126068
47  30  0.470418  0.00148418
47  31  0.857592  0.0017851
47  32  2.10808  0.0021884
47  33  10.7679  0.00272929
47  34  34.1833  0.00345754
47  35  3.79865  0.00444382
47  36  1.32497  0.00578888
47  37  0.688862  0.00763652
47  38  0.435365  0.0101914
47  39  0.309276  0.0137415
47  40  0.237678  0.0186821
47  41  0.19339  0.025528
47  42  0.164406  0.034884
47  43  0.144768  0.0473071
47  44  0.131267  0.0629636
47  45  0.12207  0.081024
47  46  0.116102  0.0990006
47  47  0.112737  0.112744
47  48  0.111649  0.117954

48  0  0.116775  0.116783
48  1  0.117946  0.111657
48  2  0.121571  0.0981216
48  3  0.128014  0.0803931
48  4  0.137969  0.0625502
48  5  0.152644  0.0470534
48  6  0.17411  0.0347351
48  7  0.206045  0.0254431
48  8  0.255377  0.0186347
48  9  0.336381  0.0137156
48  10  0.482386  0.0101774
48  11  0.787066  0.00762907
48  12  1.60532  0.005785
48  13  5.32984  0.00444183
48  14  60.032  0.00345652
48  15  6.67734  0.00272875
48  16  1.64953  0.00218808
48  17  0.726363  0.00178485
48  18  0.413806  0.00148395
48  19  0.274481  0.00126043
48  20  0.202446  0.00109662
48  21  0.162204  0.000980084
48  22  0.13939  0.00090229
48  23  0.127574  0.000857688
48  24  0.123908  0.000843156
48  25  0.127574  0.000857688
48  26  0.13939  0.00090229
48  27  0.162204  0.000980084
48  28  0.202446  0.00109662
48  29  0.274481  0.00126043
48  30  0.413806  0.00148395
48  31  0.726363  0.00178485
48  32  1.64953  0.00218808
48  33  6.67734  0.00272875
48  34  60.032  0.00345652
48  35  5.32984  0.00444183
48  36  1.60532  0.005785
48  37  0.787066  0.00762907
48  38  0.482386  0.0101774
48  39  0.336381  0.0137156
48  40  0.255377  0.0186347
48  41  0.206045  0.0254431
48  42  0.17411  0.0347351
48  43  0.152644  0.0470534
48  44  0.137969  0.0625502
48  45  0.128014  0.0803931
48  46  0.121571  0.0981216
48  47  0.117946  0.111657
48  48  0.116775  0.116783

