0   0   0   -5.58333   34   
1   2   1   -5.17909   34.4042   
2   4   2   -4.04743   35.5359   
3   6   3   -2.41176   37.1716   
4   8   4   -0.583331   39   
5   10   5   1.11344   40.6968   
6   12   6   2.41667   42   
7   14   7   3.184   42.7673   
8   16   8   3.41667   43   
9   15   9   3.2451   42.8284   
10   14   10   2.88077   42.4641   
11   13   11   2.54832   42.1317   
12   12   12   2.41667   42   
13   11   11   2.28037   41.8637   
14   10   10   1.88077   41.4641   
15   9   9   1.2451   40.8284   
16   8   8   0.416669   40   
17   7   7   -0.548055   39.0353   
18   6   6   -1.58333   38   
19   5   5   -2.61861   36.9647   
20   4   4   -3.58333   36   
21   3   3   -4.41176   35.1716   
22   2   2   -5.04743   34.5359   
23   1   1   -5.44703   34.1363   
24   0   0   -5.58333   34   
# Gamma-->K-->M-->Gamma
