0   -5.58333   34   
1   -5.17909   34.4042   
2   -4.04743   35.5359   
3   -2.41176   37.1716   
4   -0.583331   39   
5   1.11344   40.6968   
6   2.41667   42   
7   3.184   42.7673   
8   3.41667   43   
9   3.2451   42.8284   
10   2.88077   42.4641   
11   2.54832   42.1317   
12   2.41667   42   
13   2.54832   42.1317   
14   2.88077   42.4641   
15   3.2451   42.8284   
16   3.41667   43   
17   3.184   42.7673   
18   2.41667   42   
19   1.11344   40.6968   
20   -0.583331   39   
21   -2.41176   37.1716   
22   -4.04743   35.5359   
23   -5.17909   34.4042   
24   -5.58333   34   
25   -5.44703   34.1363   
26   -5.04743   34.5359   
27   -4.41176   35.1716   
28   -3.58333   36   
29   -2.61861   36.9647   
30   -1.58333   38   
31   -0.548055   39.0353   
32   0.416669   40   
33   1.2451   40.8284   
34   1.88077   41.4641   
35   2.28037   41.8637   
36   2.41667   42   
# Gamma(0)-->K(8)-->K_prime(16)-->Gamma(24)-->M(36)
