0   3.41667   43   
1   3.184   42.7673   
2   2.41667   42   
3   1.11344   40.6968   
4   -0.583331   39   
5   -2.41176   37.1716   
6   -4.04743   35.5359   
7   -5.17909   34.4042   
8   -5.58333   34   
9   -5.17909   34.4042   
10   -4.04743   35.5359   
11   -2.41176   37.1716   
12   -0.583331   39   
13   1.11344   40.6968   
14   2.41667   42   
15   3.184   42.7673   
16   3.41667   43   
17   3.2451   42.8284   
18   2.88077   42.4641   
19   2.54832   42.1317   
20   2.41667   42   
21   2.54832   42.1317   
22   2.88077   42.4641   
23   3.2451   42.8284   
24   3.41667   43   
25   3.14872   42.7321   
26   2.41667   42   
27   1.41667   41   
28   0.416669   40   
29   -0.315382   39.2679   
30   -0.583331   39   
31   -0.315382   39.2679   
32   0.416669   40   
33   1.41667   41   
34   2.41667   42   
35   3.14872   42.7321   
36   3.41667   43   
