0   0   0   -5.58333   34   
1   1   0   -5.44703   34.1363   
2   2   0   -5.04743   34.5359   
3   3   0   -4.41176   35.1716   
4   4   0   -3.58333   36   
5   5   0   -2.61861   36.9647   
6   6   0   -1.58333   38   
7   7   0   -0.548055   39.0353   
8   8   0   0.416669   40   
9   9   0   1.2451   40.8284   
10   10   0   1.88077   41.4641   
11   11   0   2.28037   41.8637   
12   12   0   2.41667   42   
13   13   0   2.28037   41.8637   
14   14   0   1.88077   41.4641   
15   15   0   1.2451   40.8284   
16   16   0   0.416669   40   
17   17   0   -0.548055   39.0353   
18   18   0   -1.58333   38   
19   19   0   -2.61861   36.9647   
20   20   0   -3.58333   36   
21   21   0   -4.41176   35.1716   
22   22   0   -5.04743   34.5359   
23   23   0   -5.44703   34.1363   

24   0   1   -5.44703   34.1363   
25   1   1   -5.44703   34.1363   
26   2   1   -5.17909   34.4042   
27   3   1   -4.66145   34.9219   
28   4   1   -3.9294   35.6539   
29   5   1   -3.03282   36.5505   
30   6   1   -2.03282   37.5505   
31   7   1   -0.997545   38.5858   
32   8   1   0.00245517   39.5858   
33   9   1   0.899031   40.4824   
34   10   1   1.63108   41.2144   
35   11   1   2.14872   41.7321   
36   12   1   2.41667   42   
37   13   1   2.41667   42   
38   14   1   2.14872   41.7321   
39   15   1   1.63108   41.2144   
40   16   1   0.899031   40.4824   
41   17   1   0.00245517   39.5858   
42   18   1   -0.997545   38.5858   
43   19   1   -2.03282   37.5505   
44   20   1   -3.03282   36.5505   
45   21   1   -3.9294   35.6539   
46   22   1   -4.66145   34.9219   
47   23   1   -5.17909   34.4042   

48   0   2   -5.04743   34.5359   
49   1   2   -5.17909   34.4042   
50   2   2   -5.04743   34.5359   
51   3   2   -4.66145   34.9219   
52   4   2   -4.04743   35.5359   
53   5   2   -3.24723   36.3361   
54   6   2   -2.31538   37.2679   
55   7   2   -1.31538   38.2679   
56   8   2   -0.315382   39.2679   
57   9   2   0.61647   40.1998   
58   10   2   1.41667   41   
59   11   2   2.03068   41.614   
60   12   2   2.41667   42   
61   13   2   2.54832   42.1317   
62   14   2   2.41667   42   
63   15   2   2.03068   41.614   
64   16   2   1.41667   41   
65   17   2   0.61647   40.1998   
66   18   2   -0.315382   39.2679   
67   19   2   -1.31538   38.2679   
68   20   2   -2.31538   37.2679   
69   21   2   -3.24723   36.3361   
70   22   2   -4.04743   35.5359   
71   23   2   -4.66145   34.9219   

72   0   3   -4.41176   35.1716   
73   1   3   -4.66145   34.9219   
74   2   3   -4.66145   34.9219   
75   3   3   -4.41176   35.1716   
76   4   3   -3.9294   35.6539   
77   5   3   -3.24723   36.3361   
78   6   3   -2.41176   37.1716   
79   7   3   -1.47991   38.1034   
80   8   3   -0.515183   39.0681   
81   9   3   0.416669   40   
82   10   3   1.25214   40.8355   
83   11   3   1.93431   41.5176   
84   12   3   2.41667   42   
85   13   3   2.66636   42.2497   
86   14   3   2.66636   42.2497   
87   15   3   2.41667   42   
88   16   3   1.93431   41.5176   
89   17   3   1.25214   40.8355   
90   18   3   0.416669   40   
91   19   3   -0.515183   39.0681   
92   20   3   -1.47991   38.1034   
93   21   3   -2.41176   37.1716   
94   22   3   -3.24723   36.3361   
95   23   3   -3.9294   35.6539   

96   0   4   -3.58333   36   
97   1   4   -3.9294   35.6539   
98   2   4   -4.04743   35.5359   
99   3   4   -3.9294   35.6539   
100   4   4   -3.58333   36   
101   5   4   -3.03282   36.5505   
102   6   4   -2.31538   37.2679   
103   7   4   -1.47991   38.1034   
104   8   4   -0.583331   39   
105   9   4   0.313244   39.8966   
106   10   4   1.14872   40.7321   
107   11   4   1.86616   41.4495   
108   12   4   2.41667   42   
109   13   4   2.76273   42.3461   
110   14   4   2.88077   42.4641   
111   15   4   2.76273   42.3461   
112   16   4   2.41667   42   
113   17   4   1.86616   41.4495   
114   18   4   1.14872   40.7321   
115   19   4   0.313244   39.8966   
116   20   4   -0.583331   39   
117   21   4   -1.47991   38.1034   
118   22   4   -2.31538   37.2679   
119   23   4   -3.03282   36.5505   

120   0   5   -2.61861   36.9647   
121   1   5   -3.03282   36.5505   
122   2   5   -3.24723   36.3361   
123   3   5   -3.24723   36.3361   
124   4   5   -3.03282   36.5505   
125   5   5   -2.61861   36.9647   
126   6   5   -2.03282   37.5505   
127   7   5   -1.31538   38.2679   
128   8   5   -0.515183   39.0681   
129   9   5   0.313244   39.8966   
130   10   5   1.11344   40.6968   
131   11   5   1.83088   41.4142   
132   12   5   2.41667   42   
133   13   5   2.83088   42.4142   
134   14   5   3.0453   42.6286   
135   15   5   3.0453   42.6286   
136   16   5   2.83088   42.4142   
137   17   5   2.41667   42   
138   18   5   1.83088   41.4142   
139   19   5   1.11344   40.6968   
140   20   5   0.313244   39.8966   
141   21   5   -0.515183   39.0681   
142   22   5   -1.31538   38.2679   
143   23   5   -2.03282   37.5505   

144   0   6   -1.58333   38   
145   1   6   -2.03282   37.5505   
146   2   6   -2.31538   37.2679   
147   3   6   -2.41176   37.1716   
148   4   6   -2.31538   37.2679   
149   5   6   -2.03282   37.5505   
150   6   6   -1.58333   38   
151   7   6   -0.997545   38.5858   
152   8   6   -0.315382   39.2679   
153   9   6   0.416669   40   
154   10   6   1.14872   40.7321   
155   11   6   1.83088   41.4142   
156   12   6   2.41667   42   
157   13   6   2.86616   42.4495   
158   14   6   3.14872   42.7321   
159   15   6   3.2451   42.8284   
160   16   6   3.14872   42.7321   
161   17   6   2.86616   42.4495   
162   18   6   2.41667   42   
163   19   6   1.83088   41.4142   
164   20   6   1.14872   40.7321   
165   21   6   0.416669   40   
166   22   6   -0.315382   39.2679   
167   23   6   -0.997545   38.5858   

168   0   7   -0.548055   39.0353   
169   1   7   -0.997545   38.5858   
170   2   7   -1.31538   38.2679   
171   3   7   -1.47991   38.1034   
172   4   7   -1.47991   38.1034   
173   5   7   -1.31538   38.2679   
174   6   7   -0.997545   38.5858   
175   7   7   -0.548055   39.0353   
176   8   7   0.00245517   39.5858   
177   9   7   0.61647   40.1998   
178   10   7   1.25214   40.8355   
179   11   7   1.86616   41.4495   
180   12   7   2.41667   42   
181   13   7   2.86616   42.4495   
182   14   7   3.184   42.7673   
183   15   7   3.34852   42.9319   
184   16   7   3.34852   42.9319   
185   17   7   3.184   42.7673   
186   18   7   2.86616   42.4495   
187   19   7   2.41667   42   
188   20   7   1.86616   41.4495   
189   21   7   1.25214   40.8355   
190   22   7   0.61647   40.1998   
191   23   7   0.00245517   39.5858   

192   0   8   0.416669   40   
193   1   8   0.00245517   39.5858   
194   2   8   -0.315382   39.2679   
195   3   8   -0.515183   39.0681   
196   4   8   -0.583331   39   
197   5   8   -0.515183   39.0681   
198   6   8   -0.315382   39.2679   
199   7   8   0.00245517   39.5858   
200   8   8   0.416669   40   
201   9   8   0.899031   40.4824   
202   10   8   1.41667   41   
203   11   8   1.93431   41.5176   
204   12   8   2.41667   42   
205   13   8   2.83088   42.4142   
206   14   8   3.14872   42.7321   
207   15   8   3.34852   42.9319   
208   16   8   3.41667   43   
209   17   8   3.34852   42.9319   
210   18   8   3.14872   42.7321   
211   19   8   2.83088   42.4142   
212   20   8   2.41667   42   
213   21   8   1.93431   41.5176   
214   22   8   1.41667   41   
215   23   8   0.899031   40.4824   

216   0   9   1.2451   40.8284   
217   1   9   0.899031   40.4824   
218   2   9   0.61647   40.1998   
219   3   9   0.416669   40   
220   4   9   0.313244   39.8966   
221   5   9   0.313244   39.8966   
222   6   9   0.416669   40   
223   7   9   0.61647   40.1998   
224   8   9   0.899031   40.4824   
225   9   9   1.2451   40.8284   
226   10   9   1.63108   41.2144   
227   11   9   2.03068   41.614   
228   12   9   2.41667   42   
229   13   9   2.76273   42.3461   
230   14   9   3.0453   42.6286   
231   15   9   3.2451   42.8284   
232   16   9   3.34852   42.9319   
233   17   9   3.34852   42.9319   
234   18   9   3.2451   42.8284   
235   19   9   3.0453   42.6286   
236   20   9   2.76273   42.3461   
237   21   9   2.41667   42   
238   22   9   2.03068   41.614   
239   23   9   1.63108   41.2144   

240   0   10   1.88077   41.4641   
241   1   10   1.63108   41.2144   
242   2   10   1.41667   41   
243   3   10   1.25214   40.8355   
244   4   10   1.14872   40.7321   
245   5   10   1.11344   40.6968   
246   6   10   1.14872   40.7321   
247   7   10   1.25214   40.8355   
248   8   10   1.41667   41   
249   9   10   1.63108   41.2144   
250   10   10   1.88077   41.4641   
251   11   10   2.14872   41.7321   
252   12   10   2.41667   42   
253   13   10   2.66636   42.2497   
254   14   10   2.88077   42.4641   
255   15   10   3.0453   42.6286   
256   16   10   3.14872   42.7321   
257   17   10   3.184   42.7673   
258   18   10   3.14872   42.7321   
259   19   10   3.0453   42.6286   
260   20   10   2.88077   42.4641   
261   21   10   2.66636   42.2497   
262   22   10   2.41667   42   
263   23   10   2.14872   41.7321   

264   0   11   2.28037   41.8637   
265   1   11   2.14872   41.7321   
266   2   11   2.03068   41.614   
267   3   11   1.93431   41.5176   
268   4   11   1.86616   41.4495   
269   5   11   1.83088   41.4142   
270   6   11   1.83088   41.4142   
271   7   11   1.86616   41.4495   
272   8   11   1.93431   41.5176   
273   9   11   2.03068   41.614   
274   10   11   2.14872   41.7321   
275   11   11   2.28037   41.8637   
276   12   11   2.41667   42   
277   13   11   2.54832   42.1317   
278   14   11   2.66636   42.2497   
279   15   11   2.76273   42.3461   
280   16   11   2.83088   42.4142   
281   17   11   2.86616   42.4495   
282   18   11   2.86616   42.4495   
283   19   11   2.83088   42.4142   
284   20   11   2.76273   42.3461   
285   21   11   2.66636   42.2497   
286   22   11   2.54832   42.1317   
287   23   11   2.41667   42   

288   0   12   2.41667   42   
289   1   12   2.41667   42   
290   2   12   2.41667   42   
291   3   12   2.41667   42   
292   4   12   2.41667   42   
293   5   12   2.41667   42   
294   6   12   2.41667   42   
295   7   12   2.41667   42   
296   8   12   2.41667   42   
297   9   12   2.41667   42   
298   10   12   2.41667   42   
299   11   12   2.41667   42   
300   12   12   2.41667   42   
301   13   12   2.41667   42   
302   14   12   2.41667   42   
303   15   12   2.41667   42   
304   16   12   2.41667   42   
305   17   12   2.41667   42   
306   18   12   2.41667   42   
307   19   12   2.41667   42   
308   20   12   2.41667   42   
309   21   12   2.41667   42   
310   22   12   2.41667   42   
311   23   12   2.41667   42   

312   0   13   2.28037   41.8637   
313   1   13   2.41667   42   
314   2   13   2.54832   42.1317   
315   3   13   2.66636   42.2497   
316   4   13   2.76273   42.3461   
317   5   13   2.83088   42.4142   
318   6   13   2.86616   42.4495   
319   7   13   2.86616   42.4495   
320   8   13   2.83088   42.4142   
321   9   13   2.76273   42.3461   
322   10   13   2.66636   42.2497   
323   11   13   2.54832   42.1317   
324   12   13   2.41667   42   
325   13   13   2.28037   41.8637   
326   14   13   2.14872   41.7321   
327   15   13   2.03068   41.614   
328   16   13   1.93431   41.5176   
329   17   13   1.86616   41.4495   
330   18   13   1.83088   41.4142   
331   19   13   1.83088   41.4142   
332   20   13   1.86616   41.4495   
333   21   13   1.93431   41.5176   
334   22   13   2.03068   41.614   
335   23   13   2.14872   41.7321   

336   0   14   1.88077   41.4641   
337   1   14   2.14872   41.7321   
338   2   14   2.41667   42   
339   3   14   2.66636   42.2497   
340   4   14   2.88077   42.4641   
341   5   14   3.0453   42.6286   
342   6   14   3.14872   42.7321   
343   7   14   3.184   42.7673   
344   8   14   3.14872   42.7321   
345   9   14   3.0453   42.6286   
346   10   14   2.88077   42.4641   
347   11   14   2.66636   42.2497   
348   12   14   2.41667   42   
349   13   14   2.14872   41.7321   
350   14   14   1.88077   41.4641   
351   15   14   1.63108   41.2144   
352   16   14   1.41667   41   
353   17   14   1.25214   40.8355   
354   18   14   1.14872   40.7321   
355   19   14   1.11344   40.6968   
356   20   14   1.14872   40.7321   
357   21   14   1.25214   40.8355   
358   22   14   1.41667   41   
359   23   14   1.63108   41.2144   

360   0   15   1.2451   40.8284   
361   1   15   1.63108   41.2144   
362   2   15   2.03068   41.614   
363   3   15   2.41667   42   
364   4   15   2.76273   42.3461   
365   5   15   3.0453   42.6286   
366   6   15   3.2451   42.8284   
367   7   15   3.34852   42.9319   
368   8   15   3.34852   42.9319   
369   9   15   3.2451   42.8284   
370   10   15   3.0453   42.6286   
371   11   15   2.76273   42.3461   
372   12   15   2.41667   42   
373   13   15   2.03068   41.614   
374   14   15   1.63108   41.2144   
375   15   15   1.2451   40.8284   
376   16   15   0.899031   40.4824   
377   17   15   0.61647   40.1998   
378   18   15   0.416669   40   
379   19   15   0.313244   39.8966   
380   20   15   0.313244   39.8966   
381   21   15   0.416669   40   
382   22   15   0.61647   40.1998   
383   23   15   0.899031   40.4824   

384   0   16   0.416669   40   
385   1   16   0.899031   40.4824   
386   2   16   1.41667   41   
387   3   16   1.93431   41.5176   
388   4   16   2.41667   42   
389   5   16   2.83088   42.4142   
390   6   16   3.14872   42.7321   
391   7   16   3.34852   42.9319   
392   8   16   3.41667   43   
393   9   16   3.34852   42.9319   
394   10   16   3.14872   42.7321   
395   11   16   2.83088   42.4142   
396   12   16   2.41667   42   
397   13   16   1.93431   41.5176   
398   14   16   1.41667   41   
399   15   16   0.899031   40.4824   
400   16   16   0.416669   40   
401   17   16   0.00245517   39.5858   
402   18   16   -0.315382   39.2679   
403   19   16   -0.515183   39.0681   
404   20   16   -0.583331   39   
405   21   16   -0.515183   39.0681   
406   22   16   -0.315382   39.2679   
407   23   16   0.00245517   39.5858   

408   0   17   -0.548055   39.0353   
409   1   17   0.00245517   39.5858   
410   2   17   0.61647   40.1998   
411   3   17   1.25214   40.8355   
412   4   17   1.86616   41.4495   
413   5   17   2.41667   42   
414   6   17   2.86616   42.4495   
415   7   17   3.184   42.7673   
416   8   17   3.34852   42.9319   
417   9   17   3.34852   42.9319   
418   10   17   3.184   42.7673   
419   11   17   2.86616   42.4495   
420   12   17   2.41667   42   
421   13   17   1.86616   41.4495   
422   14   17   1.25214   40.8355   
423   15   17   0.61647   40.1998   
424   16   17   0.00245517   39.5858   
425   17   17   -0.548055   39.0353   
426   18   17   -0.997545   38.5858   
427   19   17   -1.31538   38.2679   
428   20   17   -1.47991   38.1034   
429   21   17   -1.47991   38.1034   
430   22   17   -1.31538   38.2679   
431   23   17   -0.997545   38.5858   

432   0   18   -1.58333   38   
433   1   18   -0.997545   38.5858   
434   2   18   -0.315382   39.2679   
435   3   18   0.416669   40   
436   4   18   1.14872   40.7321   
437   5   18   1.83088   41.4142   
438   6   18   2.41667   42   
439   7   18   2.86616   42.4495   
440   8   18   3.14872   42.7321   
441   9   18   3.2451   42.8284   
442   10   18   3.14872   42.7321   
443   11   18   2.86616   42.4495   
444   12   18   2.41667   42   
445   13   18   1.83088   41.4142   
446   14   18   1.14872   40.7321   
447   15   18   0.416669   40   
448   16   18   -0.315382   39.2679   
449   17   18   -0.997545   38.5858   
450   18   18   -1.58333   38   
451   19   18   -2.03282   37.5505   
452   20   18   -2.31538   37.2679   
453   21   18   -2.41176   37.1716   
454   22   18   -2.31538   37.2679   
455   23   18   -2.03282   37.5505   

456   0   19   -2.61861   36.9647   
457   1   19   -2.03282   37.5505   
458   2   19   -1.31538   38.2679   
459   3   19   -0.515183   39.0681   
460   4   19   0.313244   39.8966   
461   5   19   1.11344   40.6968   
462   6   19   1.83088   41.4142   
463   7   19   2.41667   42   
464   8   19   2.83088   42.4142   
465   9   19   3.0453   42.6286   
466   10   19   3.0453   42.6286   
467   11   19   2.83088   42.4142   
468   12   19   2.41667   42   
469   13   19   1.83088   41.4142   
470   14   19   1.11344   40.6968   
471   15   19   0.313244   39.8966   
472   16   19   -0.515183   39.0681   
473   17   19   -1.31538   38.2679   
474   18   19   -2.03282   37.5505   
475   19   19   -2.61861   36.9647   
476   20   19   -3.03282   36.5505   
477   21   19   -3.24723   36.3361   
478   22   19   -3.24723   36.3361   
479   23   19   -3.03282   36.5505   

480   0   20   -3.58333   36   
481   1   20   -3.03282   36.5505   
482   2   20   -2.31538   37.2679   
483   3   20   -1.47991   38.1034   
484   4   20   -0.583331   39   
485   5   20   0.313244   39.8966   
486   6   20   1.14872   40.7321   
487   7   20   1.86616   41.4495   
488   8   20   2.41667   42   
489   9   20   2.76273   42.3461   
490   10   20   2.88077   42.4641   
491   11   20   2.76273   42.3461   
492   12   20   2.41667   42   
493   13   20   1.86616   41.4495   
494   14   20   1.14872   40.7321   
495   15   20   0.313244   39.8966   
496   16   20   -0.583331   39   
497   17   20   -1.47991   38.1034   
498   18   20   -2.31538   37.2679   
499   19   20   -3.03282   36.5505   
500   20   20   -3.58333   36   
501   21   20   -3.9294   35.6539   
502   22   20   -4.04743   35.5359   
503   23   20   -3.9294   35.6539   

504   0   21   -4.41176   35.1716   
505   1   21   -3.9294   35.6539   
506   2   21   -3.24723   36.3361   
507   3   21   -2.41176   37.1716   
508   4   21   -1.47991   38.1034   
509   5   21   -0.515183   39.0681   
510   6   21   0.416669   40   
511   7   21   1.25214   40.8355   
512   8   21   1.93431   41.5176   
513   9   21   2.41667   42   
514   10   21   2.66636   42.2497   
515   11   21   2.66636   42.2497   
516   12   21   2.41667   42   
517   13   21   1.93431   41.5176   
518   14   21   1.25214   40.8355   
519   15   21   0.416669   40   
520   16   21   -0.515183   39.0681   
521   17   21   -1.47991   38.1034   
522   18   21   -2.41176   37.1716   
523   19   21   -3.24723   36.3361   
524   20   21   -3.9294   35.6539   
525   21   21   -4.41176   35.1716   
526   22   21   -4.66145   34.9219   
527   23   21   -4.66145   34.9219   

528   0   22   -5.04743   34.5359   
529   1   22   -4.66145   34.9219   
530   2   22   -4.04743   35.5359   
531   3   22   -3.24723   36.3361   
532   4   22   -2.31538   37.2679   
533   5   22   -1.31538   38.2679   
534   6   22   -0.315382   39.2679   
535   7   22   0.61647   40.1998   
536   8   22   1.41667   41   
537   9   22   2.03068   41.614   
538   10   22   2.41667   42   
539   11   22   2.54832   42.1317   
540   12   22   2.41667   42   
541   13   22   2.03068   41.614   
542   14   22   1.41667   41   
543   15   22   0.61647   40.1998   
544   16   22   -0.315382   39.2679   
545   17   22   -1.31538   38.2679   
546   18   22   -2.31538   37.2679   
547   19   22   -3.24723   36.3361   
548   20   22   -4.04743   35.5359   
549   21   22   -4.66145   34.9219   
550   22   22   -5.04743   34.5359   
551   23   22   -5.17909   34.4042   

552   0   23   -5.44703   34.1363   
553   1   23   -5.17909   34.4042   
554   2   23   -4.66145   34.9219   
555   3   23   -3.9294   35.6539   
556   4   23   -3.03282   36.5505   
557   5   23   -2.03282   37.5505   
558   6   23   -0.997545   38.5858   
559   7   23   0.00245517   39.5858   
560   8   23   0.899031   40.4824   
561   9   23   1.63108   41.2144   
562   10   23   2.14872   41.7321   
563   11   23   2.41667   42   
564   12   23   2.41667   42   
565   13   23   2.14872   41.7321   
566   14   23   1.63108   41.2144   
567   15   23   0.899031   40.4824   
568   16   23   0.00245517   39.5858   
569   17   23   -0.997545   38.5858   
570   18   23   -2.03282   37.5505   
571   19   23   -3.03282   36.5505   
572   20   23   -3.9294   35.6539   
573   21   23   -4.66145   34.9219   
574   22   23   -5.17909   34.4042   
575   23   23   -5.44703   34.1363   

