0   -1.907   -1.907   1.55037   1.55037   10.5674   10.5674   
1   -1.90667   -1.89985   1.54507   1.5545   10.5629   10.5656   
2   -1.9057   -1.87848   1.52917   1.56679   10.5497   10.5601   
3   -1.90412   -1.84309   1.50274   1.58696   10.5279   10.5511   
4   -1.902   -1.79407   1.46587   1.61452   10.4983   10.539   
5   -1.89942   -1.73192   1.41868   1.6488   10.4614   10.524   
6   -1.89647   -1.6573   1.36139   1.68893   10.4183   10.5067   
7   -1.89326   -1.57099   1.29426   1.73388   10.3702   10.4875   
8   -1.8899   -1.47395   1.21764   1.78243   10.3182   10.4671   
9   -1.88649   -1.36726   1.13201   1.83322   10.2641   10.446   
10   -1.88315   -1.2522   1.03799   1.88476   10.2092   10.425   
11   -1.87997   -1.13023   0.936418   1.93549   10.1553   10.4046   
12   -1.87704   -1.00311   0.828423   1.98377   10.104   10.3855   
13   -1.87443   -0.873041   0.71563   2.028   10.0572   10.3682   
14   -1.87221   -0.743025   0.600521   2.06665   10.0163   10.3533   
15   -1.87042   -0.61768   0.487264   2.09833   9.98287   10.3412   
16   -1.86912   -0.5051   0.383587   2.12186   9.95804   10.3323   
17   -1.86833   -0.420467   0.304406   2.13636   9.94275   10.3268   
18   -1.86807   -0.387409   0.273183   2.14125   9.93759   10.325   
19   -1.86047   -0.384572   0.273183   2.13366   9.93759   10.3222   
20   -1.83775   -0.376138   0.273183   2.11094   9.93759   10.3137   
21   -1.80008   -0.362337   0.273183   2.07327   9.93759   10.2999   
22   -1.74775   -0.34355   0.273183   2.02094   9.93759   10.2811   
23   -1.68116   -0.320297   0.273183   1.95435   9.93759   10.2579   
24   -1.60084   -0.293231   0.273183   1.87402   9.93759   10.2308   
25   -1.5074   -0.263123   0.273183   1.78058   9.93759   10.2007   
26   -1.40157   -0.230841   0.273183   1.67476   9.93759   10.1684   
27   -1.2842   -0.197337   0.273183   1.55739   9.93759   10.1349   
28   -1.15622   -0.163614   0.273183   1.4294   9.93759   10.1012   
29   -1.01866   -0.130703   0.273183   1.29185   9.93759   10.0683   
30   -0.872693   -0.0996292   0.273183   1.14588   9.93759   10.0372   
31   -0.71961   -0.0713784   0.273183   0.992795   9.93759   10.009   
32   -0.560952   -0.0468639   0.273183   0.834138   9.93759   9.98446   
33   -0.398764   -0.0268904   0.273183   0.671949   9.93759   9.96448   
34   -0.236599   -0.0121224   0.273183   0.509785   9.93759   9.94972   
35   -0.0848617   -0.00305659   0.273183   0.358047   9.93759   9.94065   
36   -5.64086e-32   -5.64081e-32   0.273183   0.273186   9.93759   9.93759   
37   -0.0871929   -0.0871925   0.357304   0.357306   9.94066   9.94067   
38   -0.24363   -0.243629   0.50445   0.504451   9.94996   9.94996   
39   -0.411522   -0.411521   0.656627   0.656629   9.96567   9.96567   
40   -0.579725   -0.579724   0.802436   0.802437   9.98807   9.98807   
41   -0.74412   -0.744119   0.937549   0.93755   10.0173   10.0173   
42   -0.902271   -0.90227   1.0595   1.0595   10.0535   10.0535   
43   -1.05241   -1.05241   1.1668   1.16681   10.0964   10.0964   
44   -1.19314   -1.19314   1.25873   1.25873   10.1452   10.1452   
45   -1.32334   -1.32333   1.33528   1.33528   10.1988   10.1988   
46   -1.44204   -1.44204   1.39709   1.39709   10.2557   10.2557   
47   -1.54848   -1.54848   1.44536   1.44536   10.3139   10.3139   
48   -1.64199   -1.64199   1.48171   1.48171   10.3711   10.3711   
49   -1.72202   -1.72202   1.508   1.508   10.4248   10.4248   
50   -1.78812   -1.78812   1.52618   1.52618   10.4727   10.4727   
51   -1.83991   -1.83991   1.53809   1.5381   10.5126   10.5126   
52   -1.87711   -1.87711   1.54535   1.54535   10.5425   10.5425   
53   -1.89952   -1.89952   1.54918   1.54918   10.5611   10.5611   
54   -1.907   -1.907   1.55037   1.55037   10.5674   10.5674   
55   -1.907   -1.907   1.55037   1.55037   10.5674   10.5674   
