#site (in real lattice) site_1 site_2  rx  ry   Sz   Sx  Sy  |S|  <n>
0    0    0    0subltc_0_orb_0   0     0     -0.00138588    0.0230296   0.494253    0.494792   1.01042     
24    0    1    24subltc_0_orb_0   0     2     -0.00138588    0.0230296   0.494253    0.494792   1.01042     
48    0    2    48subltc_0_orb_0   0     4     -0.00138588    0.0230296   0.494253    0.494792   1.01042     
72    0    3    72subltc_0_orb_0   0     6     -0.00138588    0.0230296   0.494253    0.494792   1.01042     
96    0    4    96subltc_0_orb_0   0     8     -0.00138588    0.0230296   0.494253    0.494792   1.01042     
120    0    5    120subltc_0_orb_0   0     10     -0.00138588    0.0230296   0.494253    0.494792   1.01042     
144    0    6    144subltc_0_orb_0   0     12     -0.00138588    0.0230296   0.494253    0.494792   1.01042     
168    0    7    168subltc_0_orb_0   0     14     -0.00138588    0.0230296   0.494253    0.494792   1.01042     
192    0    8    192subltc_0_orb_0   0     16     -0.00138588    0.0230296   0.494253    0.494792   1.01042     
216    0    9    216subltc_0_orb_0   0     18     -0.00138588    0.0230296   0.494253    0.494792   1.01042     
240    0    10    240subltc_0_orb_0   0     20     -0.00138588    0.0230296   0.494253    0.494792   1.01042     
264    0    11    264subltc_0_orb_0   0     22     -0.00138588    0.0230296   0.494253    0.494792   1.01042     
288    0    12    288subltc_0_orb_0   0     24     -0.00138588    0.0230296   0.494253    0.494792   1.01042     
312    0    13    312subltc_0_orb_0   0     26     -0.00138588    0.0230296   0.494253    0.494792   1.01042     
336    0    14    336subltc_0_orb_0   0     28     -0.00138588    0.0230296   0.494253    0.494792   1.01042     
360    0    15    360subltc_0_orb_0   0     30     -0.00138588    0.0230296   0.494253    0.494792   1.01042     
384    0    16    384subltc_0_orb_0   0     32     -0.00138588    0.0230296   0.494253    0.494792   1.01042     
408    0    17    408subltc_0_orb_0   0     34     -0.00138588    0.0230296   0.494253    0.494792   1.01042     
432    0    18    432subltc_0_orb_0   0     36     -0.00138588    0.0230296   0.494253    0.494792   1.01042     
456    0    19    456subltc_0_orb_0   0     38     -0.00138588    0.0230296   0.494253    0.494792   1.01042     
480    0    20    480subltc_0_orb_0   0     40     -0.00138588    0.0230296   0.494253    0.494792   1.01042     
504    0    21    504subltc_0_orb_0   0     42     -0.00138588    0.0230296   0.494253    0.494792   1.01042     
528    0    22    528subltc_0_orb_0   0     44     -0.00138588    0.0230296   0.494253    0.494792   1.01042     
552    0    23    552subltc_0_orb_0   0     46     -0.00138588    0.0230296   0.494253    0.494792   1.01042     

1    1    0    1subltc_0_orb_0   2     0     -0.00138588    0.0230296   0.494253    0.494792   1.01042     
25    1    1    25subltc_0_orb_0   2     2     -0.00138588    0.0230296   0.494253    0.494792   1.01042     
49    1    2    49subltc_0_orb_0   2     4     -0.00138588    0.0230296   0.494253    0.494792   1.01042     
73    1    3    73subltc_0_orb_0   2     6     -0.00138588    0.0230296   0.494253    0.494792   1.01042     
97    1    4    97subltc_0_orb_0   2     8     -0.00138588    0.0230296   0.494253    0.494792   1.01042     
121    1    5    121subltc_0_orb_0   2     10     -0.00138588    0.0230296   0.494253    0.494792   1.01042     
145    1    6    145subltc_0_orb_0   2     12     -0.00138588    0.0230296   0.494253    0.494792   1.01042     
169    1    7    169subltc_0_orb_0   2     14     -0.00138588    0.0230296   0.494253    0.494792   1.01042     
193    1    8    193subltc_0_orb_0   2     16     -0.00138588    0.0230296   0.494253    0.494792   1.01042     
217    1    9    217subltc_0_orb_0   2     18     -0.00138588    0.0230296   0.494253    0.494792   1.01042     
241    1    10    241subltc_0_orb_0   2     20     -0.00138588    0.0230296   0.494253    0.494792   1.01042     
265    1    11    265subltc_0_orb_0   2     22     -0.00138588    0.0230296   0.494253    0.494792   1.01042     
289    1    12    289subltc_0_orb_0   2     24     -0.00138588    0.0230296   0.494253    0.494792   1.01042     
313    1    13    313subltc_0_orb_0   2     26     -0.00138588    0.0230296   0.494253    0.494792   1.01042     
337    1    14    337subltc_0_orb_0   2     28     -0.00138588    0.0230296   0.494253    0.494792   1.01042     
361    1    15    361subltc_0_orb_0   2     30     -0.00138588    0.0230296   0.494253    0.494792   1.01042     
385    1    16    385subltc_0_orb_0   2     32     -0.00138588    0.0230296   0.494253    0.494792   1.01042     
409    1    17    409subltc_0_orb_0   2     34     -0.00138588    0.0230296   0.494253    0.494792   1.01042     
433    1    18    433subltc_0_orb_0   2     36     -0.00138588    0.0230296   0.494253    0.494792   1.01042     
457    1    19    457subltc_0_orb_0   2     38     -0.00138588    0.0230296   0.494253    0.494792   1.01042     
481    1    20    481subltc_0_orb_0   2     40     -0.00138588    0.0230296   0.494253    0.494792   1.01042     
505    1    21    505subltc_0_orb_0   2     42     -0.00138588    0.0230296   0.494253    0.494792   1.01042     
529    1    22    529subltc_0_orb_0   2     44     -0.00138588    0.0230296   0.494253    0.494792   1.01042     
553    1    23    553subltc_0_orb_0   2     46     -0.00138588    0.0230296   0.494253    0.494792   1.01042     

2    2    0    2subltc_0_orb_0   4     0     -0.00138588    0.0230296   0.494253    0.494792   1.01042     
26    2    1    26subltc_0_orb_0   4     2     -0.00138588    0.0230296   0.494253    0.494792   1.01042     
50    2    2    50subltc_0_orb_0   4     4     -0.00138588    0.0230296   0.494253    0.494792   1.01042     
74    2    3    74subltc_0_orb_0   4     6     -0.00138588    0.0230296   0.494253    0.494792   1.01042     
98    2    4    98subltc_0_orb_0   4     8     -0.00138588    0.0230296   0.494253    0.494792   1.01042     
122    2    5    122subltc_0_orb_0   4     10     -0.00138588    0.0230296   0.494253    0.494792   1.01042     
146    2    6    146subltc_0_orb_0   4     12     -0.00138588    0.0230296   0.494253    0.494792   1.01042     
170    2    7    170subltc_0_orb_0   4     14     -0.00138588    0.0230296   0.494253    0.494792   1.01042     
194    2    8    194subltc_0_orb_0   4     16     -0.00138588    0.0230296   0.494253    0.494792   1.01042     
218    2    9    218subltc_0_orb_0   4     18     -0.00138588    0.0230296   0.494253    0.494792   1.01042     
242    2    10    242subltc_0_orb_0   4     20     -0.00138588    0.0230296   0.494253    0.494792   1.01042     
266    2    11    266subltc_0_orb_0   4     22     -0.00138588    0.0230296   0.494253    0.494792   1.01042     
290    2    12    290subltc_0_orb_0   4     24     -0.00138588    0.0230296   0.494253    0.494792   1.01042     
314    2    13    314subltc_0_orb_0   4     26     -0.00138588    0.0230296   0.494253    0.494792   1.01042     
338    2    14    338subltc_0_orb_0   4     28     -0.00138588    0.0230296   0.494253    0.494792   1.01042     
362    2    15    362subltc_0_orb_0   4     30     -0.00138588    0.0230296   0.494253    0.494792   1.01042     
386    2    16    386subltc_0_orb_0   4     32     -0.00138588    0.0230296   0.494253    0.494792   1.01042     
410    2    17    410subltc_0_orb_0   4     34     -0.00138588    0.0230296   0.494253    0.494792   1.01042     
434    2    18    434subltc_0_orb_0   4     36     -0.00138588    0.0230296   0.494253    0.494792   1.01042     
458    2    19    458subltc_0_orb_0   4     38     -0.00138588    0.0230296   0.494253    0.494792   1.01042     
482    2    20    482subltc_0_orb_0   4     40     -0.00138588    0.0230296   0.494253    0.494792   1.01042     
506    2    21    506subltc_0_orb_0   4     42     -0.00138588    0.0230296   0.494253    0.494792   1.01042     
530    2    22    530subltc_0_orb_0   4     44     -0.00138588    0.0230296   0.494253    0.494792   1.01042     
554    2    23    554subltc_0_orb_0   4     46     -0.00138588    0.0230296   0.494253    0.494792   1.01042     

3    3    0    3subltc_0_orb_0   6     0     -0.00138588    0.0230296   0.494253    0.494792   1.01042     
27    3    1    27subltc_0_orb_0   6     2     -0.00138588    0.0230296   0.494253    0.494792   1.01042     
51    3    2    51subltc_0_orb_0   6     4     -0.00138588    0.0230296   0.494253    0.494792   1.01042     
75    3    3    75subltc_0_orb_0   6     6     -0.00138588    0.0230296   0.494253    0.494792   1.01042     
99    3    4    99subltc_0_orb_0   6     8     -0.00138588    0.0230296   0.494253    0.494792   1.01042     
123    3    5    123subltc_0_orb_0   6     10     -0.00138588    0.0230296   0.494253    0.494792   1.01042     
147    3    6    147subltc_0_orb_0   6     12     -0.00138588    0.0230296   0.494253    0.494792   1.01042     
171    3    7    171subltc_0_orb_0   6     14     -0.00138588    0.0230296   0.494253    0.494792   1.01042     
195    3    8    195subltc_0_orb_0   6     16     -0.00138588    0.0230296   0.494253    0.494792   1.01042     
219    3    9    219subltc_0_orb_0   6     18     -0.00138588    0.0230296   0.494253    0.494792   1.01042     
243    3    10    243subltc_0_orb_0   6     20     -0.00138588    0.0230296   0.494253    0.494792   1.01042     
267    3    11    267subltc_0_orb_0   6     22     -0.00138588    0.0230296   0.494253    0.494792   1.01042     
291    3    12    291subltc_0_orb_0   6     24     -0.00138588    0.0230296   0.494253    0.494792   1.01042     
315    3    13    315subltc_0_orb_0   6     26     -0.00138588    0.0230296   0.494253    0.494792   1.01042     
339    3    14    339subltc_0_orb_0   6     28     -0.00138588    0.0230296   0.494253    0.494792   1.01042     
363    3    15    363subltc_0_orb_0   6     30     -0.00138588    0.0230296   0.494253    0.494792   1.01042     
387    3    16    387subltc_0_orb_0   6     32     -0.00138588    0.0230296   0.494253    0.494792   1.01042     
411    3    17    411subltc_0_orb_0   6     34     -0.00138588    0.0230296   0.494253    0.494792   1.01042     
435    3    18    435subltc_0_orb_0   6     36     -0.00138588    0.0230296   0.494253    0.494792   1.01042     
459    3    19    459subltc_0_orb_0   6     38     -0.00138588    0.0230296   0.494253    0.494792   1.01042     
483    3    20    483subltc_0_orb_0   6     40     -0.00138588    0.0230296   0.494253    0.494792   1.01042     
507    3    21    507subltc_0_orb_0   6     42     -0.00138588    0.0230296   0.494253    0.494792   1.01042     
531    3    22    531subltc_0_orb_0   6     44     -0.00138588    0.0230296   0.494253    0.494792   1.01042     
555    3    23    555subltc_0_orb_0   6     46     -0.00138588    0.0230296   0.494253    0.494792   1.01042     

4    4    0    4subltc_0_orb_0   8     0     -0.00138588    0.0230296   0.494253    0.494792   1.01042     
28    4    1    28subltc_0_orb_0   8     2     -0.00138588    0.0230296   0.494253    0.494792   1.01042     
52    4    2    52subltc_0_orb_0   8     4     -0.00138588    0.0230296   0.494253    0.494792   1.01042     
76    4    3    76subltc_0_orb_0   8     6     -0.00138588    0.0230296   0.494253    0.494792   1.01042     
100    4    4    100subltc_0_orb_0   8     8     -0.00138588    0.0230296   0.494253    0.494792   1.01042     
124    4    5    124subltc_0_orb_0   8     10     -0.00138588    0.0230296   0.494253    0.494792   1.01042     
148    4    6    148subltc_0_orb_0   8     12     -0.00138588    0.0230296   0.494253    0.494792   1.01042     
172    4    7    172subltc_0_orb_0   8     14     -0.00138588    0.0230296   0.494253    0.494792   1.01042     
196    4    8    196subltc_0_orb_0   8     16     -0.00138588    0.0230296   0.494253    0.494792   1.01042     
220    4    9    220subltc_0_orb_0   8     18     -0.00138588    0.0230296   0.494253    0.494792   1.01042     
244    4    10    244subltc_0_orb_0   8     20     -0.00138588    0.0230296   0.494253    0.494792   1.01042     
268    4    11    268subltc_0_orb_0   8     22     -0.00138588    0.0230296   0.494253    0.494792   1.01042     
292    4    12    292subltc_0_orb_0   8     24     -0.00138588    0.0230296   0.494253    0.494792   1.01042     
316    4    13    316subltc_0_orb_0   8     26     -0.00138588    0.0230296   0.494253    0.494792   1.01042     
340    4    14    340subltc_0_orb_0   8     28     -0.00138588    0.0230296   0.494253    0.494792   1.01042     
364    4    15    364subltc_0_orb_0   8     30     -0.00138588    0.0230296   0.494253    0.494792   1.01042     
388    4    16    388subltc_0_orb_0   8     32     -0.00138588    0.0230296   0.494253    0.494792   1.01042     
412    4    17    412subltc_0_orb_0   8     34     -0.00138588    0.0230296   0.494253    0.494792   1.01042     
436    4    18    436subltc_0_orb_0   8     36     -0.00138588    0.0230296   0.494253    0.494792   1.01042     
460    4    19    460subltc_0_orb_0   8     38     -0.00138588    0.0230296   0.494253    0.494792   1.01042     
484    4    20    484subltc_0_orb_0   8     40     -0.00138588    0.0230296   0.494253    0.494792   1.01042     
508    4    21    508subltc_0_orb_0   8     42     -0.00138588    0.0230296   0.494253    0.494792   1.01042     
532    4    22    532subltc_0_orb_0   8     44     -0.00138588    0.0230296   0.494253    0.494792   1.01042     
556    4    23    556subltc_0_orb_0   8     46     -0.00138588    0.0230296   0.494253    0.494792   1.01042     

5    5    0    5subltc_0_orb_0   10     0     -0.00138588    0.0230296   0.494253    0.494792   1.01042     
29    5    1    29subltc_0_orb_0   10     2     -0.00138588    0.0230296   0.494253    0.494792   1.01042     
53    5    2    53subltc_0_orb_0   10     4     -0.00138588    0.0230296   0.494253    0.494792   1.01042     
77    5    3    77subltc_0_orb_0   10     6     -0.00138588    0.0230296   0.494253    0.494792   1.01042     
101    5    4    101subltc_0_orb_0   10     8     -0.00138588    0.0230296   0.494253    0.494792   1.01042     
125    5    5    125subltc_0_orb_0   10     10     -0.00138588    0.0230296   0.494253    0.494792   1.01042     
149    5    6    149subltc_0_orb_0   10     12     -0.00138588    0.0230296   0.494253    0.494792   1.01042     
173    5    7    173subltc_0_orb_0   10     14     -0.00138588    0.0230296   0.494253    0.494792   1.01042     
197    5    8    197subltc_0_orb_0   10     16     -0.00138588    0.0230296   0.494253    0.494792   1.01042     
221    5    9    221subltc_0_orb_0   10     18     -0.00138588    0.0230296   0.494253    0.494792   1.01042     
245    5    10    245subltc_0_orb_0   10     20     -0.00138588    0.0230296   0.494253    0.494792   1.01042     
269    5    11    269subltc_0_orb_0   10     22     -0.00138588    0.0230296   0.494253    0.494792   1.01042     
293    5    12    293subltc_0_orb_0   10     24     -0.00138588    0.0230296   0.494253    0.494792   1.01042     
317    5    13    317subltc_0_orb_0   10     26     -0.00138588    0.0230296   0.494253    0.494792   1.01042     
341    5    14    341subltc_0_orb_0   10     28     -0.00138588    0.0230296   0.494253    0.494792   1.01042     
365    5    15    365subltc_0_orb_0   10     30     -0.00138588    0.0230296   0.494253    0.494792   1.01042     
389    5    16    389subltc_0_orb_0   10     32     -0.00138588    0.0230296   0.494253    0.494792   1.01042     
413    5    17    413subltc_0_orb_0   10     34     -0.00138588    0.0230296   0.494253    0.494792   1.01042     
437    5    18    437subltc_0_orb_0   10     36     -0.00138588    0.0230296   0.494253    0.494792   1.01042     
461    5    19    461subltc_0_orb_0   10     38     -0.00138588    0.0230296   0.494253    0.494792   1.01042     
485    5    20    485subltc_0_orb_0   10     40     -0.00138588    0.0230296   0.494253    0.494792   1.01042     
509    5    21    509subltc_0_orb_0   10     42     -0.00138588    0.0230296   0.494253    0.494792   1.01042     
533    5    22    533subltc_0_orb_0   10     44     -0.00138588    0.0230296   0.494253    0.494792   1.01042     
557    5    23    557subltc_0_orb_0   10     46     -0.00138588    0.0230296   0.494253    0.494792   1.01042     

6    6    0    6subltc_0_orb_0   12     0     -0.00138588    0.0230296   0.494253    0.494792   1.01042     
30    6    1    30subltc_0_orb_0   12     2     -0.00138588    0.0230296   0.494253    0.494792   1.01042     
54    6    2    54subltc_0_orb_0   12     4     -0.00138588    0.0230296   0.494253    0.494792   1.01042     
78    6    3    78subltc_0_orb_0   12     6     -0.00138588    0.0230296   0.494253    0.494792   1.01042     
102    6    4    102subltc_0_orb_0   12     8     -0.00138588    0.0230296   0.494253    0.494792   1.01042     
126    6    5    126subltc_0_orb_0   12     10     -0.00138588    0.0230296   0.494253    0.494792   1.01042     
150    6    6    150subltc_0_orb_0   12     12     -0.00138588    0.0230296   0.494253    0.494792   1.01042     
174    6    7    174subltc_0_orb_0   12     14     -0.00138588    0.0230296   0.494253    0.494792   1.01042     
198    6    8    198subltc_0_orb_0   12     16     -0.00138588    0.0230296   0.494253    0.494792   1.01042     
222    6    9    222subltc_0_orb_0   12     18     -0.00138588    0.0230296   0.494253    0.494792   1.01042     
246    6    10    246subltc_0_orb_0   12     20     -0.00138588    0.0230296   0.494253    0.494792   1.01042     
270    6    11    270subltc_0_orb_0   12     22     -0.00138588    0.0230296   0.494253    0.494792   1.01042     
294    6    12    294subltc_0_orb_0   12     24     -0.00138588    0.0230296   0.494253    0.494792   1.01042     
318    6    13    318subltc_0_orb_0   12     26     -0.00138588    0.0230296   0.494253    0.494792   1.01042     
342    6    14    342subltc_0_orb_0   12     28     -0.00138588    0.0230296   0.494253    0.494792   1.01042     
366    6    15    366subltc_0_orb_0   12     30     -0.00138588    0.0230296   0.494253    0.494792   1.01042     
390    6    16    390subltc_0_orb_0   12     32     -0.00138588    0.0230296   0.494253    0.494792   1.01042     
414    6    17    414subltc_0_orb_0   12     34     -0.00138588    0.0230296   0.494253    0.494792   1.01042     
438    6    18    438subltc_0_orb_0   12     36     -0.00138588    0.0230296   0.494253    0.494792   1.01042     
462    6    19    462subltc_0_orb_0   12     38     -0.00138588    0.0230296   0.494253    0.494792   1.01042     
486    6    20    486subltc_0_orb_0   12     40     -0.00138588    0.0230296   0.494253    0.494792   1.01042     
510    6    21    510subltc_0_orb_0   12     42     -0.00138588    0.0230296   0.494253    0.494792   1.01042     
534    6    22    534subltc_0_orb_0   12     44     -0.00138588    0.0230296   0.494253    0.494792   1.01042     
558    6    23    558subltc_0_orb_0   12     46     -0.00138588    0.0230296   0.494253    0.494792   1.01042     

7    7    0    7subltc_0_orb_0   14     0     -0.00138588    0.0230296   0.494253    0.494792   1.01042     
31    7    1    31subltc_0_orb_0   14     2     -0.00138588    0.0230296   0.494253    0.494792   1.01042     
55    7    2    55subltc_0_orb_0   14     4     -0.00138588    0.0230296   0.494253    0.494792   1.01042     
79    7    3    79subltc_0_orb_0   14     6     -0.00138588    0.0230296   0.494253    0.494792   1.01042     
103    7    4    103subltc_0_orb_0   14     8     -0.00138588    0.0230296   0.494253    0.494792   1.01042     
127    7    5    127subltc_0_orb_0   14     10     -0.00138588    0.0230296   0.494253    0.494792   1.01042     
151    7    6    151subltc_0_orb_0   14     12     -0.00138588    0.0230296   0.494253    0.494792   1.01042     
175    7    7    175subltc_0_orb_0   14     14     -0.00138588    0.0230296   0.494253    0.494792   1.01042     
199    7    8    199subltc_0_orb_0   14     16     -0.00138588    0.0230296   0.494253    0.494792   1.01042     
223    7    9    223subltc_0_orb_0   14     18     -0.00138588    0.0230296   0.494253    0.494792   1.01042     
247    7    10    247subltc_0_orb_0   14     20     -0.00138588    0.0230296   0.494253    0.494792   1.01042     
271    7    11    271subltc_0_orb_0   14     22     -0.00138588    0.0230296   0.494253    0.494792   1.01042     
295    7    12    295subltc_0_orb_0   14     24     -0.00138588    0.0230296   0.494253    0.494792   1.01042     
319    7    13    319subltc_0_orb_0   14     26     -0.00138588    0.0230296   0.494253    0.494792   1.01042     
343    7    14    343subltc_0_orb_0   14     28     -0.00138588    0.0230296   0.494253    0.494792   1.01042     
367    7    15    367subltc_0_orb_0   14     30     -0.00138588    0.0230296   0.494253    0.494792   1.01042     
391    7    16    391subltc_0_orb_0   14     32     -0.00138588    0.0230296   0.494253    0.494792   1.01042     
415    7    17    415subltc_0_orb_0   14     34     -0.00138588    0.0230296   0.494253    0.494792   1.01042     
439    7    18    439subltc_0_orb_0   14     36     -0.00138588    0.0230296   0.494253    0.494792   1.01042     
463    7    19    463subltc_0_orb_0   14     38     -0.00138588    0.0230296   0.494253    0.494792   1.01042     
487    7    20    487subltc_0_orb_0   14     40     -0.00138588    0.0230296   0.494253    0.494792   1.01042     
511    7    21    511subltc_0_orb_0   14     42     -0.00138588    0.0230296   0.494253    0.494792   1.01042     
535    7    22    535subltc_0_orb_0   14     44     -0.00138588    0.0230296   0.494253    0.494792   1.01042     
559    7    23    559subltc_0_orb_0   14     46     -0.00138588    0.0230296   0.494253    0.494792   1.01042     

8    8    0    8subltc_0_orb_0   16     0     -0.00138588    0.0230296   0.494253    0.494792   1.01042     
32    8    1    32subltc_0_orb_0   16     2     -0.00138588    0.0230296   0.494253    0.494792   1.01042     
56    8    2    56subltc_0_orb_0   16     4     -0.00138588    0.0230296   0.494253    0.494792   1.01042     
80    8    3    80subltc_0_orb_0   16     6     -0.00138588    0.0230296   0.494253    0.494792   1.01042     
104    8    4    104subltc_0_orb_0   16     8     -0.00138588    0.0230296   0.494253    0.494792   1.01042     
128    8    5    128subltc_0_orb_0   16     10     -0.00138588    0.0230296   0.494253    0.494792   1.01042     
152    8    6    152subltc_0_orb_0   16     12     -0.00138588    0.0230296   0.494253    0.494792   1.01042     
176    8    7    176subltc_0_orb_0   16     14     -0.00138588    0.0230296   0.494253    0.494792   1.01042     
200    8    8    200subltc_0_orb_0   16     16     -0.00138588    0.0230296   0.494253    0.494792   1.01042     
224    8    9    224subltc_0_orb_0   16     18     -0.00138588    0.0230296   0.494253    0.494792   1.01042     
248    8    10    248subltc_0_orb_0   16     20     -0.00138588    0.0230296   0.494253    0.494792   1.01042     
272    8    11    272subltc_0_orb_0   16     22     -0.00138588    0.0230296   0.494253    0.494792   1.01042     
296    8    12    296subltc_0_orb_0   16     24     -0.00138588    0.0230296   0.494253    0.494792   1.01042     
320    8    13    320subltc_0_orb_0   16     26     -0.00138588    0.0230296   0.494253    0.494792   1.01042     
344    8    14    344subltc_0_orb_0   16     28     -0.00138588    0.0230296   0.494253    0.494792   1.01042     
368    8    15    368subltc_0_orb_0   16     30     -0.00138588    0.0230296   0.494253    0.494792   1.01042     
392    8    16    392subltc_0_orb_0   16     32     -0.00138588    0.0230296   0.494253    0.494792   1.01042     
416    8    17    416subltc_0_orb_0   16     34     -0.00138588    0.0230296   0.494253    0.494792   1.01042     
440    8    18    440subltc_0_orb_0   16     36     -0.00138588    0.0230296   0.494253    0.494792   1.01042     
464    8    19    464subltc_0_orb_0   16     38     -0.00138588    0.0230296   0.494253    0.494792   1.01042     
488    8    20    488subltc_0_orb_0   16     40     -0.00138588    0.0230296   0.494253    0.494792   1.01042     
512    8    21    512subltc_0_orb_0   16     42     -0.00138588    0.0230296   0.494253    0.494792   1.01042     
536    8    22    536subltc_0_orb_0   16     44     -0.00138588    0.0230296   0.494253    0.494792   1.01042     
560    8    23    560subltc_0_orb_0   16     46     -0.00138588    0.0230296   0.494253    0.494792   1.01042     

9    9    0    9subltc_0_orb_0   18     0     -0.00138588    0.0230296   0.494253    0.494792   1.01042     
33    9    1    33subltc_0_orb_0   18     2     -0.00138588    0.0230296   0.494253    0.494792   1.01042     
57    9    2    57subltc_0_orb_0   18     4     -0.00138588    0.0230296   0.494253    0.494792   1.01042     
81    9    3    81subltc_0_orb_0   18     6     -0.00138588    0.0230296   0.494253    0.494792   1.01042     
105    9    4    105subltc_0_orb_0   18     8     -0.00138588    0.0230296   0.494253    0.494792   1.01042     
129    9    5    129subltc_0_orb_0   18     10     -0.00138588    0.0230296   0.494253    0.494792   1.01042     
153    9    6    153subltc_0_orb_0   18     12     -0.00138588    0.0230296   0.494253    0.494792   1.01042     
177    9    7    177subltc_0_orb_0   18     14     -0.00138588    0.0230296   0.494253    0.494792   1.01042     
201    9    8    201subltc_0_orb_0   18     16     -0.00138588    0.0230296   0.494253    0.494792   1.01042     
225    9    9    225subltc_0_orb_0   18     18     -0.00138588    0.0230296   0.494253    0.494792   1.01042     
249    9    10    249subltc_0_orb_0   18     20     -0.00138588    0.0230296   0.494253    0.494792   1.01042     
273    9    11    273subltc_0_orb_0   18     22     -0.00138588    0.0230296   0.494253    0.494792   1.01042     
297    9    12    297subltc_0_orb_0   18     24     -0.00138588    0.0230296   0.494253    0.494792   1.01042     
321    9    13    321subltc_0_orb_0   18     26     -0.00138588    0.0230296   0.494253    0.494792   1.01042     
345    9    14    345subltc_0_orb_0   18     28     -0.00138588    0.0230296   0.494253    0.494792   1.01042     
369    9    15    369subltc_0_orb_0   18     30     -0.00138588    0.0230296   0.494253    0.494792   1.01042     
393    9    16    393subltc_0_orb_0   18     32     -0.00138588    0.0230296   0.494253    0.494792   1.01042     
417    9    17    417subltc_0_orb_0   18     34     -0.00138588    0.0230296   0.494253    0.494792   1.01042     
441    9    18    441subltc_0_orb_0   18     36     -0.00138588    0.0230296   0.494253    0.494792   1.01042     
465    9    19    465subltc_0_orb_0   18     38     -0.00138588    0.0230296   0.494253    0.494792   1.01042     
489    9    20    489subltc_0_orb_0   18     40     -0.00138588    0.0230296   0.494253    0.494792   1.01042     
513    9    21    513subltc_0_orb_0   18     42     -0.00138588    0.0230296   0.494253    0.494792   1.01042     
537    9    22    537subltc_0_orb_0   18     44     -0.00138588    0.0230296   0.494253    0.494792   1.01042     
561    9    23    561subltc_0_orb_0   18     46     -0.00138588    0.0230296   0.494253    0.494792   1.01042     

10    10    0    10subltc_0_orb_0   20     0     -0.00138588    0.0230296   0.494253    0.494792   1.01042     
34    10    1    34subltc_0_orb_0   20     2     -0.00138588    0.0230296   0.494253    0.494792   1.01042     
58    10    2    58subltc_0_orb_0   20     4     -0.00138588    0.0230296   0.494253    0.494792   1.01042     
82    10    3    82subltc_0_orb_0   20     6     -0.00138588    0.0230296   0.494253    0.494792   1.01042     
106    10    4    106subltc_0_orb_0   20     8     -0.00138588    0.0230296   0.494253    0.494792   1.01042     
130    10    5    130subltc_0_orb_0   20     10     -0.00138588    0.0230296   0.494253    0.494792   1.01042     
154    10    6    154subltc_0_orb_0   20     12     -0.00138588    0.0230296   0.494253    0.494792   1.01042     
178    10    7    178subltc_0_orb_0   20     14     -0.00138588    0.0230296   0.494253    0.494792   1.01042     
202    10    8    202subltc_0_orb_0   20     16     -0.00138588    0.0230296   0.494253    0.494792   1.01042     
226    10    9    226subltc_0_orb_0   20     18     -0.00138588    0.0230296   0.494253    0.494792   1.01042     
250    10    10    250subltc_0_orb_0   20     20     -0.00138588    0.0230296   0.494253    0.494792   1.01042     
274    10    11    274subltc_0_orb_0   20     22     -0.00138588    0.0230296   0.494253    0.494792   1.01042     
298    10    12    298subltc_0_orb_0   20     24     -0.00138588    0.0230296   0.494253    0.494792   1.01042     
322    10    13    322subltc_0_orb_0   20     26     -0.00138588    0.0230296   0.494253    0.494792   1.01042     
346    10    14    346subltc_0_orb_0   20     28     -0.00138588    0.0230296   0.494253    0.494792   1.01042     
370    10    15    370subltc_0_orb_0   20     30     -0.00138588    0.0230296   0.494253    0.494792   1.01042     
394    10    16    394subltc_0_orb_0   20     32     -0.00138588    0.0230296   0.494253    0.494792   1.01042     
418    10    17    418subltc_0_orb_0   20     34     -0.00138588    0.0230296   0.494253    0.494792   1.01042     
442    10    18    442subltc_0_orb_0   20     36     -0.00138588    0.0230296   0.494253    0.494792   1.01042     
466    10    19    466subltc_0_orb_0   20     38     -0.00138588    0.0230296   0.494253    0.494792   1.01042     
490    10    20    490subltc_0_orb_0   20     40     -0.00138588    0.0230296   0.494253    0.494792   1.01042     
514    10    21    514subltc_0_orb_0   20     42     -0.00138588    0.0230296   0.494253    0.494792   1.01042     
538    10    22    538subltc_0_orb_0   20     44     -0.00138588    0.0230296   0.494253    0.494792   1.01042     
562    10    23    562subltc_0_orb_0   20     46     -0.00138588    0.0230296   0.494253    0.494792   1.01042     

11    11    0    11subltc_0_orb_0   22     0     -0.00138588    0.0230296   0.494253    0.494792   1.01042     
35    11    1    35subltc_0_orb_0   22     2     -0.00138588    0.0230296   0.494253    0.494792   1.01042     
59    11    2    59subltc_0_orb_0   22     4     -0.00138588    0.0230296   0.494253    0.494792   1.01042     
83    11    3    83subltc_0_orb_0   22     6     -0.00138588    0.0230296   0.494253    0.494792   1.01042     
107    11    4    107subltc_0_orb_0   22     8     -0.00138588    0.0230296   0.494253    0.494792   1.01042     
131    11    5    131subltc_0_orb_0   22     10     -0.00138588    0.0230296   0.494253    0.494792   1.01042     
155    11    6    155subltc_0_orb_0   22     12     -0.00138588    0.0230296   0.494253    0.494792   1.01042     
179    11    7    179subltc_0_orb_0   22     14     -0.00138588    0.0230296   0.494253    0.494792   1.01042     
203    11    8    203subltc_0_orb_0   22     16     -0.00138588    0.0230296   0.494253    0.494792   1.01042     
227    11    9    227subltc_0_orb_0   22     18     -0.00138588    0.0230296   0.494253    0.494792   1.01042     
251    11    10    251subltc_0_orb_0   22     20     -0.00138588    0.0230296   0.494253    0.494792   1.01042     
275    11    11    275subltc_0_orb_0   22     22     -0.00138588    0.0230296   0.494253    0.494792   1.01042     
299    11    12    299subltc_0_orb_0   22     24     -0.00138588    0.0230296   0.494253    0.494792   1.01042     
323    11    13    323subltc_0_orb_0   22     26     -0.00138588    0.0230296   0.494253    0.494792   1.01042     
347    11    14    347subltc_0_orb_0   22     28     -0.00138588    0.0230296   0.494253    0.494792   1.01042     
371    11    15    371subltc_0_orb_0   22     30     -0.00138588    0.0230296   0.494253    0.494792   1.01042     
395    11    16    395subltc_0_orb_0   22     32     -0.00138588    0.0230296   0.494253    0.494792   1.01042     
419    11    17    419subltc_0_orb_0   22     34     -0.00138588    0.0230296   0.494253    0.494792   1.01042     
443    11    18    443subltc_0_orb_0   22     36     -0.00138588    0.0230296   0.494253    0.494792   1.01042     
467    11    19    467subltc_0_orb_0   22     38     -0.00138588    0.0230296   0.494253    0.494792   1.01042     
491    11    20    491subltc_0_orb_0   22     40     -0.00138588    0.0230296   0.494253    0.494792   1.01042     
515    11    21    515subltc_0_orb_0   22     42     -0.00138588    0.0230296   0.494253    0.494792   1.01042     
539    11    22    539subltc_0_orb_0   22     44     -0.00138588    0.0230296   0.494253    0.494792   1.01042     
563    11    23    563subltc_0_orb_0   22     46     -0.00138588    0.0230296   0.494253    0.494792   1.01042     

12    12    0    12subltc_0_orb_0   24     0     -0.00138588    0.0230296   0.494253    0.494792   1.01042     
36    12    1    36subltc_0_orb_0   24     2     -0.00138588    0.0230296   0.494253    0.494792   1.01042     
60    12    2    60subltc_0_orb_0   24     4     -0.00138588    0.0230296   0.494253    0.494792   1.01042     
84    12    3    84subltc_0_orb_0   24     6     -0.00138588    0.0230296   0.494253    0.494792   1.01042     
108    12    4    108subltc_0_orb_0   24     8     -0.00138588    0.0230296   0.494253    0.494792   1.01042     
132    12    5    132subltc_0_orb_0   24     10     -0.00138588    0.0230296   0.494253    0.494792   1.01042     
156    12    6    156subltc_0_orb_0   24     12     -0.00138588    0.0230296   0.494253    0.494792   1.01042     
180    12    7    180subltc_0_orb_0   24     14     -0.00138588    0.0230296   0.494253    0.494792   1.01042     
204    12    8    204subltc_0_orb_0   24     16     -0.00138588    0.0230296   0.494253    0.494792   1.01042     
228    12    9    228subltc_0_orb_0   24     18     -0.00138588    0.0230296   0.494253    0.494792   1.01042     
252    12    10    252subltc_0_orb_0   24     20     -0.00138588    0.0230296   0.494253    0.494792   1.01042     
276    12    11    276subltc_0_orb_0   24     22     -0.00138588    0.0230296   0.494253    0.494792   1.01042     
300    12    12    300subltc_0_orb_0   24     24     -0.00138588    0.0230296   0.494253    0.494792   1.01042     
324    12    13    324subltc_0_orb_0   24     26     -0.00138588    0.0230296   0.494253    0.494792   1.01042     
348    12    14    348subltc_0_orb_0   24     28     -0.00138588    0.0230296   0.494253    0.494792   1.01042     
372    12    15    372subltc_0_orb_0   24     30     -0.00138588    0.0230296   0.494253    0.494792   1.01042     
396    12    16    396subltc_0_orb_0   24     32     -0.00138588    0.0230296   0.494253    0.494792   1.01042     
420    12    17    420subltc_0_orb_0   24     34     -0.00138588    0.0230296   0.494253    0.494792   1.01042     
444    12    18    444subltc_0_orb_0   24     36     -0.00138588    0.0230296   0.494253    0.494792   1.01042     
468    12    19    468subltc_0_orb_0   24     38     -0.00138588    0.0230296   0.494253    0.494792   1.01042     
492    12    20    492subltc_0_orb_0   24     40     -0.00138588    0.0230296   0.494253    0.494792   1.01042     
516    12    21    516subltc_0_orb_0   24     42     -0.00138588    0.0230296   0.494253    0.494792   1.01042     
540    12    22    540subltc_0_orb_0   24     44     -0.00138588    0.0230296   0.494253    0.494792   1.01042     
564    12    23    564subltc_0_orb_0   24     46     -0.00138588    0.0230296   0.494253    0.494792   1.01042     

13    13    0    13subltc_0_orb_0   26     0     -0.00138588    0.0230296   0.494253    0.494792   1.01042     
37    13    1    37subltc_0_orb_0   26     2     -0.00138588    0.0230296   0.494253    0.494792   1.01042     
61    13    2    61subltc_0_orb_0   26     4     -0.00138588    0.0230296   0.494253    0.494792   1.01042     
85    13    3    85subltc_0_orb_0   26     6     -0.00138588    0.0230296   0.494253    0.494792   1.01042     
109    13    4    109subltc_0_orb_0   26     8     -0.00138588    0.0230296   0.494253    0.494792   1.01042     
133    13    5    133subltc_0_orb_0   26     10     -0.00138588    0.0230296   0.494253    0.494792   1.01042     
157    13    6    157subltc_0_orb_0   26     12     -0.00138588    0.0230296   0.494253    0.494792   1.01042     
181    13    7    181subltc_0_orb_0   26     14     -0.00138588    0.0230296   0.494253    0.494792   1.01042     
205    13    8    205subltc_0_orb_0   26     16     -0.00138588    0.0230296   0.494253    0.494792   1.01042     
229    13    9    229subltc_0_orb_0   26     18     -0.00138588    0.0230296   0.494253    0.494792   1.01042     
253    13    10    253subltc_0_orb_0   26     20     -0.00138588    0.0230296   0.494253    0.494792   1.01042     
277    13    11    277subltc_0_orb_0   26     22     -0.00138588    0.0230296   0.494253    0.494792   1.01042     
301    13    12    301subltc_0_orb_0   26     24     -0.00138588    0.0230296   0.494253    0.494792   1.01042     
325    13    13    325subltc_0_orb_0   26     26     -0.00138588    0.0230296   0.494253    0.494792   1.01042     
349    13    14    349subltc_0_orb_0   26     28     -0.00138588    0.0230296   0.494253    0.494792   1.01042     
373    13    15    373subltc_0_orb_0   26     30     -0.00138588    0.0230296   0.494253    0.494792   1.01042     
397    13    16    397subltc_0_orb_0   26     32     -0.00138588    0.0230296   0.494253    0.494792   1.01042     
421    13    17    421subltc_0_orb_0   26     34     -0.00138588    0.0230296   0.494253    0.494792   1.01042     
445    13    18    445subltc_0_orb_0   26     36     -0.00138588    0.0230296   0.494253    0.494792   1.01042     
469    13    19    469subltc_0_orb_0   26     38     -0.00138588    0.0230296   0.494253    0.494792   1.01042     
493    13    20    493subltc_0_orb_0   26     40     -0.00138588    0.0230296   0.494253    0.494792   1.01042     
517    13    21    517subltc_0_orb_0   26     42     -0.00138588    0.0230296   0.494253    0.494792   1.01042     
541    13    22    541subltc_0_orb_0   26     44     -0.00138588    0.0230296   0.494253    0.494792   1.01042     
565    13    23    565subltc_0_orb_0   26     46     -0.00138588    0.0230296   0.494253    0.494792   1.01042     

14    14    0    14subltc_0_orb_0   28     0     -0.00138588    0.0230296   0.494253    0.494792   1.01042     
38    14    1    38subltc_0_orb_0   28     2     -0.00138588    0.0230296   0.494253    0.494792   1.01042     
62    14    2    62subltc_0_orb_0   28     4     -0.00138588    0.0230296   0.494253    0.494792   1.01042     
86    14    3    86subltc_0_orb_0   28     6     -0.00138588    0.0230296   0.494253    0.494792   1.01042     
110    14    4    110subltc_0_orb_0   28     8     -0.00138588    0.0230296   0.494253    0.494792   1.01042     
134    14    5    134subltc_0_orb_0   28     10     -0.00138588    0.0230296   0.494253    0.494792   1.01042     
158    14    6    158subltc_0_orb_0   28     12     -0.00138588    0.0230296   0.494253    0.494792   1.01042     
182    14    7    182subltc_0_orb_0   28     14     -0.00138588    0.0230296   0.494253    0.494792   1.01042     
206    14    8    206subltc_0_orb_0   28     16     -0.00138588    0.0230296   0.494253    0.494792   1.01042     
230    14    9    230subltc_0_orb_0   28     18     -0.00138588    0.0230296   0.494253    0.494792   1.01042     
254    14    10    254subltc_0_orb_0   28     20     -0.00138588    0.0230296   0.494253    0.494792   1.01042     
278    14    11    278subltc_0_orb_0   28     22     -0.00138588    0.0230296   0.494253    0.494792   1.01042     
302    14    12    302subltc_0_orb_0   28     24     -0.00138588    0.0230296   0.494253    0.494792   1.01042     
326    14    13    326subltc_0_orb_0   28     26     -0.00138588    0.0230296   0.494253    0.494792   1.01042     
350    14    14    350subltc_0_orb_0   28     28     -0.00138588    0.0230296   0.494253    0.494792   1.01042     
374    14    15    374subltc_0_orb_0   28     30     -0.00138588    0.0230296   0.494253    0.494792   1.01042     
398    14    16    398subltc_0_orb_0   28     32     -0.00138588    0.0230296   0.494253    0.494792   1.01042     
422    14    17    422subltc_0_orb_0   28     34     -0.00138588    0.0230296   0.494253    0.494792   1.01042     
446    14    18    446subltc_0_orb_0   28     36     -0.00138588    0.0230296   0.494253    0.494792   1.01042     
470    14    19    470subltc_0_orb_0   28     38     -0.00138588    0.0230296   0.494253    0.494792   1.01042     
494    14    20    494subltc_0_orb_0   28     40     -0.00138588    0.0230296   0.494253    0.494792   1.01042     
518    14    21    518subltc_0_orb_0   28     42     -0.00138588    0.0230296   0.494253    0.494792   1.01042     
542    14    22    542subltc_0_orb_0   28     44     -0.00138588    0.0230296   0.494253    0.494792   1.01042     
566    14    23    566subltc_0_orb_0   28     46     -0.00138588    0.0230296   0.494253    0.494792   1.01042     

15    15    0    15subltc_0_orb_0   30     0     -0.00138588    0.0230296   0.494253    0.494792   1.01042     
39    15    1    39subltc_0_orb_0   30     2     -0.00138588    0.0230296   0.494253    0.494792   1.01042     
63    15    2    63subltc_0_orb_0   30     4     -0.00138588    0.0230296   0.494253    0.494792   1.01042     
87    15    3    87subltc_0_orb_0   30     6     -0.00138588    0.0230296   0.494253    0.494792   1.01042     
111    15    4    111subltc_0_orb_0   30     8     -0.00138588    0.0230296   0.494253    0.494792   1.01042     
135    15    5    135subltc_0_orb_0   30     10     -0.00138588    0.0230296   0.494253    0.494792   1.01042     
159    15    6    159subltc_0_orb_0   30     12     -0.00138588    0.0230296   0.494253    0.494792   1.01042     
183    15    7    183subltc_0_orb_0   30     14     -0.00138588    0.0230296   0.494253    0.494792   1.01042     
207    15    8    207subltc_0_orb_0   30     16     -0.00138588    0.0230296   0.494253    0.494792   1.01042     
231    15    9    231subltc_0_orb_0   30     18     -0.00138588    0.0230296   0.494253    0.494792   1.01042     
255    15    10    255subltc_0_orb_0   30     20     -0.00138588    0.0230296   0.494253    0.494792   1.01042     
279    15    11    279subltc_0_orb_0   30     22     -0.00138588    0.0230296   0.494253    0.494792   1.01042     
303    15    12    303subltc_0_orb_0   30     24     -0.00138588    0.0230296   0.494253    0.494792   1.01042     
327    15    13    327subltc_0_orb_0   30     26     -0.00138588    0.0230296   0.494253    0.494792   1.01042     
351    15    14    351subltc_0_orb_0   30     28     -0.00138588    0.0230296   0.494253    0.494792   1.01042     
375    15    15    375subltc_0_orb_0   30     30     -0.00138588    0.0230296   0.494253    0.494792   1.01042     
399    15    16    399subltc_0_orb_0   30     32     -0.00138588    0.0230296   0.494253    0.494792   1.01042     
423    15    17    423subltc_0_orb_0   30     34     -0.00138588    0.0230296   0.494253    0.494792   1.01042     
447    15    18    447subltc_0_orb_0   30     36     -0.00138588    0.0230296   0.494253    0.494792   1.01042     
471    15    19    471subltc_0_orb_0   30     38     -0.00138588    0.0230296   0.494253    0.494792   1.01042     
495    15    20    495subltc_0_orb_0   30     40     -0.00138588    0.0230296   0.494253    0.494792   1.01042     
519    15    21    519subltc_0_orb_0   30     42     -0.00138588    0.0230296   0.494253    0.494792   1.01042     
543    15    22    543subltc_0_orb_0   30     44     -0.00138588    0.0230296   0.494253    0.494792   1.01042     
567    15    23    567subltc_0_orb_0   30     46     -0.00138588    0.0230296   0.494253    0.494792   1.01042     

16    16    0    16subltc_0_orb_0   32     0     -0.00138588    0.0230296   0.494253    0.494792   1.01042     
40    16    1    40subltc_0_orb_0   32     2     -0.00138588    0.0230296   0.494253    0.494792   1.01042     
64    16    2    64subltc_0_orb_0   32     4     -0.00138588    0.0230296   0.494253    0.494792   1.01042     
88    16    3    88subltc_0_orb_0   32     6     -0.00138588    0.0230296   0.494253    0.494792   1.01042     
112    16    4    112subltc_0_orb_0   32     8     -0.00138588    0.0230296   0.494253    0.494792   1.01042     
136    16    5    136subltc_0_orb_0   32     10     -0.00138588    0.0230296   0.494253    0.494792   1.01042     
160    16    6    160subltc_0_orb_0   32     12     -0.00138588    0.0230296   0.494253    0.494792   1.01042     
184    16    7    184subltc_0_orb_0   32     14     -0.00138588    0.0230296   0.494253    0.494792   1.01042     
208    16    8    208subltc_0_orb_0   32     16     -0.00138588    0.0230296   0.494253    0.494792   1.01042     
232    16    9    232subltc_0_orb_0   32     18     -0.00138588    0.0230296   0.494253    0.494792   1.01042     
256    16    10    256subltc_0_orb_0   32     20     -0.00138588    0.0230296   0.494253    0.494792   1.01042     
280    16    11    280subltc_0_orb_0   32     22     -0.00138588    0.0230296   0.494253    0.494792   1.01042     
304    16    12    304subltc_0_orb_0   32     24     -0.00138588    0.0230296   0.494253    0.494792   1.01042     
328    16    13    328subltc_0_orb_0   32     26     -0.00138588    0.0230296   0.494253    0.494792   1.01042     
352    16    14    352subltc_0_orb_0   32     28     -0.00138588    0.0230296   0.494253    0.494792   1.01042     
376    16    15    376subltc_0_orb_0   32     30     -0.00138588    0.0230296   0.494253    0.494792   1.01042     
400    16    16    400subltc_0_orb_0   32     32     -0.00138588    0.0230296   0.494253    0.494792   1.01042     
424    16    17    424subltc_0_orb_0   32     34     -0.00138588    0.0230296   0.494253    0.494792   1.01042     
448    16    18    448subltc_0_orb_0   32     36     -0.00138588    0.0230296   0.494253    0.494792   1.01042     
472    16    19    472subltc_0_orb_0   32     38     -0.00138588    0.0230296   0.494253    0.494792   1.01042     
496    16    20    496subltc_0_orb_0   32     40     -0.00138588    0.0230296   0.494253    0.494792   1.01042     
520    16    21    520subltc_0_orb_0   32     42     -0.00138588    0.0230296   0.494253    0.494792   1.01042     
544    16    22    544subltc_0_orb_0   32     44     -0.00138588    0.0230296   0.494253    0.494792   1.01042     
568    16    23    568subltc_0_orb_0   32     46     -0.00138588    0.0230296   0.494253    0.494792   1.01042     

17    17    0    17subltc_0_orb_0   34     0     -0.00138588    0.0230296   0.494253    0.494792   1.01042     
41    17    1    41subltc_0_orb_0   34     2     -0.00138588    0.0230296   0.494253    0.494792   1.01042     
65    17    2    65subltc_0_orb_0   34     4     -0.00138588    0.0230296   0.494253    0.494792   1.01042     
89    17    3    89subltc_0_orb_0   34     6     -0.00138588    0.0230296   0.494253    0.494792   1.01042     
113    17    4    113subltc_0_orb_0   34     8     -0.00138588    0.0230296   0.494253    0.494792   1.01042     
137    17    5    137subltc_0_orb_0   34     10     -0.00138588    0.0230296   0.494253    0.494792   1.01042     
161    17    6    161subltc_0_orb_0   34     12     -0.00138588    0.0230296   0.494253    0.494792   1.01042     
185    17    7    185subltc_0_orb_0   34     14     -0.00138588    0.0230296   0.494253    0.494792   1.01042     
209    17    8    209subltc_0_orb_0   34     16     -0.00138588    0.0230296   0.494253    0.494792   1.01042     
233    17    9    233subltc_0_orb_0   34     18     -0.00138588    0.0230296   0.494253    0.494792   1.01042     
257    17    10    257subltc_0_orb_0   34     20     -0.00138588    0.0230296   0.494253    0.494792   1.01042     
281    17    11    281subltc_0_orb_0   34     22     -0.00138588    0.0230296   0.494253    0.494792   1.01042     
305    17    12    305subltc_0_orb_0   34     24     -0.00138588    0.0230296   0.494253    0.494792   1.01042     
329    17    13    329subltc_0_orb_0   34     26     -0.00138588    0.0230296   0.494253    0.494792   1.01042     
353    17    14    353subltc_0_orb_0   34     28     -0.00138588    0.0230296   0.494253    0.494792   1.01042     
377    17    15    377subltc_0_orb_0   34     30     -0.00138588    0.0230296   0.494253    0.494792   1.01042     
401    17    16    401subltc_0_orb_0   34     32     -0.00138588    0.0230296   0.494253    0.494792   1.01042     
425    17    17    425subltc_0_orb_0   34     34     -0.00138588    0.0230296   0.494253    0.494792   1.01042     
449    17    18    449subltc_0_orb_0   34     36     -0.00138588    0.0230296   0.494253    0.494792   1.01042     
473    17    19    473subltc_0_orb_0   34     38     -0.00138588    0.0230296   0.494253    0.494792   1.01042     
497    17    20    497subltc_0_orb_0   34     40     -0.00138588    0.0230296   0.494253    0.494792   1.01042     
521    17    21    521subltc_0_orb_0   34     42     -0.00138588    0.0230296   0.494253    0.494792   1.01042     
545    17    22    545subltc_0_orb_0   34     44     -0.00138588    0.0230296   0.494253    0.494792   1.01042     
569    17    23    569subltc_0_orb_0   34     46     -0.00138588    0.0230296   0.494253    0.494792   1.01042     

18    18    0    18subltc_0_orb_0   36     0     -0.00138588    0.0230296   0.494253    0.494792   1.01042     
42    18    1    42subltc_0_orb_0   36     2     -0.00138588    0.0230296   0.494253    0.494792   1.01042     
66    18    2    66subltc_0_orb_0   36     4     -0.00138588    0.0230296   0.494253    0.494792   1.01042     
90    18    3    90subltc_0_orb_0   36     6     -0.00138588    0.0230296   0.494253    0.494792   1.01042     
114    18    4    114subltc_0_orb_0   36     8     -0.00138588    0.0230296   0.494253    0.494792   1.01042     
138    18    5    138subltc_0_orb_0   36     10     -0.00138588    0.0230296   0.494253    0.494792   1.01042     
162    18    6    162subltc_0_orb_0   36     12     -0.00138588    0.0230296   0.494253    0.494792   1.01042     
186    18    7    186subltc_0_orb_0   36     14     -0.00138588    0.0230296   0.494253    0.494792   1.01042     
210    18    8    210subltc_0_orb_0   36     16     -0.00138588    0.0230296   0.494253    0.494792   1.01042     
234    18    9    234subltc_0_orb_0   36     18     -0.00138588    0.0230296   0.494253    0.494792   1.01042     
258    18    10    258subltc_0_orb_0   36     20     -0.00138588    0.0230296   0.494253    0.494792   1.01042     
282    18    11    282subltc_0_orb_0   36     22     -0.00138588    0.0230296   0.494253    0.494792   1.01042     
306    18    12    306subltc_0_orb_0   36     24     -0.00138588    0.0230296   0.494253    0.494792   1.01042     
330    18    13    330subltc_0_orb_0   36     26     -0.00138588    0.0230296   0.494253    0.494792   1.01042     
354    18    14    354subltc_0_orb_0   36     28     -0.00138588    0.0230296   0.494253    0.494792   1.01042     
378    18    15    378subltc_0_orb_0   36     30     -0.00138588    0.0230296   0.494253    0.494792   1.01042     
402    18    16    402subltc_0_orb_0   36     32     -0.00138588    0.0230296   0.494253    0.494792   1.01042     
426    18    17    426subltc_0_orb_0   36     34     -0.00138588    0.0230296   0.494253    0.494792   1.01042     
450    18    18    450subltc_0_orb_0   36     36     -0.00138588    0.0230296   0.494253    0.494792   1.01042     
474    18    19    474subltc_0_orb_0   36     38     -0.00138588    0.0230296   0.494253    0.494792   1.01042     
498    18    20    498subltc_0_orb_0   36     40     -0.00138588    0.0230296   0.494253    0.494792   1.01042     
522    18    21    522subltc_0_orb_0   36     42     -0.00138588    0.0230296   0.494253    0.494792   1.01042     
546    18    22    546subltc_0_orb_0   36     44     -0.00138588    0.0230296   0.494253    0.494792   1.01042     
570    18    23    570subltc_0_orb_0   36     46     -0.00138588    0.0230296   0.494253    0.494792   1.01042     

19    19    0    19subltc_0_orb_0   38     0     -0.00138588    0.0230296   0.494253    0.494792   1.01042     
43    19    1    43subltc_0_orb_0   38     2     -0.00138588    0.0230296   0.494253    0.494792   1.01042     
67    19    2    67subltc_0_orb_0   38     4     -0.00138588    0.0230296   0.494253    0.494792   1.01042     
91    19    3    91subltc_0_orb_0   38     6     -0.00138588    0.0230296   0.494253    0.494792   1.01042     
115    19    4    115subltc_0_orb_0   38     8     -0.00138588    0.0230296   0.494253    0.494792   1.01042     
139    19    5    139subltc_0_orb_0   38     10     -0.00138588    0.0230296   0.494253    0.494792   1.01042     
163    19    6    163subltc_0_orb_0   38     12     -0.00138588    0.0230296   0.494253    0.494792   1.01042     
187    19    7    187subltc_0_orb_0   38     14     -0.00138588    0.0230296   0.494253    0.494792   1.01042     
211    19    8    211subltc_0_orb_0   38     16     -0.00138588    0.0230296   0.494253    0.494792   1.01042     
235    19    9    235subltc_0_orb_0   38     18     -0.00138588    0.0230296   0.494253    0.494792   1.01042     
259    19    10    259subltc_0_orb_0   38     20     -0.00138588    0.0230296   0.494253    0.494792   1.01042     
283    19    11    283subltc_0_orb_0   38     22     -0.00138588    0.0230296   0.494253    0.494792   1.01042     
307    19    12    307subltc_0_orb_0   38     24     -0.00138588    0.0230296   0.494253    0.494792   1.01042     
331    19    13    331subltc_0_orb_0   38     26     -0.00138588    0.0230296   0.494253    0.494792   1.01042     
355    19    14    355subltc_0_orb_0   38     28     -0.00138588    0.0230296   0.494253    0.494792   1.01042     
379    19    15    379subltc_0_orb_0   38     30     -0.00138588    0.0230296   0.494253    0.494792   1.01042     
403    19    16    403subltc_0_orb_0   38     32     -0.00138588    0.0230296   0.494253    0.494792   1.01042     
427    19    17    427subltc_0_orb_0   38     34     -0.00138588    0.0230296   0.494253    0.494792   1.01042     
451    19    18    451subltc_0_orb_0   38     36     -0.00138588    0.0230296   0.494253    0.494792   1.01042     
475    19    19    475subltc_0_orb_0   38     38     -0.00138588    0.0230296   0.494253    0.494792   1.01042     
499    19    20    499subltc_0_orb_0   38     40     -0.00138588    0.0230296   0.494253    0.494792   1.01042     
523    19    21    523subltc_0_orb_0   38     42     -0.00138588    0.0230296   0.494253    0.494792   1.01042     
547    19    22    547subltc_0_orb_0   38     44     -0.00138588    0.0230296   0.494253    0.494792   1.01042     
571    19    23    571subltc_0_orb_0   38     46     -0.00138588    0.0230296   0.494253    0.494792   1.01042     

20    20    0    20subltc_0_orb_0   40     0     -0.00138588    0.0230296   0.494253    0.494792   1.01042     
44    20    1    44subltc_0_orb_0   40     2     -0.00138588    0.0230296   0.494253    0.494792   1.01042     
68    20    2    68subltc_0_orb_0   40     4     -0.00138588    0.0230296   0.494253    0.494792   1.01042     
92    20    3    92subltc_0_orb_0   40     6     -0.00138588    0.0230296   0.494253    0.494792   1.01042     
116    20    4    116subltc_0_orb_0   40     8     -0.00138588    0.0230296   0.494253    0.494792   1.01042     
140    20    5    140subltc_0_orb_0   40     10     -0.00138588    0.0230296   0.494253    0.494792   1.01042     
164    20    6    164subltc_0_orb_0   40     12     -0.00138588    0.0230296   0.494253    0.494792   1.01042     
188    20    7    188subltc_0_orb_0   40     14     -0.00138588    0.0230296   0.494253    0.494792   1.01042     
212    20    8    212subltc_0_orb_0   40     16     -0.00138588    0.0230296   0.494253    0.494792   1.01042     
236    20    9    236subltc_0_orb_0   40     18     -0.00138588    0.0230296   0.494253    0.494792   1.01042     
260    20    10    260subltc_0_orb_0   40     20     -0.00138588    0.0230296   0.494253    0.494792   1.01042     
284    20    11    284subltc_0_orb_0   40     22     -0.00138588    0.0230296   0.494253    0.494792   1.01042     
308    20    12    308subltc_0_orb_0   40     24     -0.00138588    0.0230296   0.494253    0.494792   1.01042     
332    20    13    332subltc_0_orb_0   40     26     -0.00138588    0.0230296   0.494253    0.494792   1.01042     
356    20    14    356subltc_0_orb_0   40     28     -0.00138588    0.0230296   0.494253    0.494792   1.01042     
380    20    15    380subltc_0_orb_0   40     30     -0.00138588    0.0230296   0.494253    0.494792   1.01042     
404    20    16    404subltc_0_orb_0   40     32     -0.00138588    0.0230296   0.494253    0.494792   1.01042     
428    20    17    428subltc_0_orb_0   40     34     -0.00138588    0.0230296   0.494253    0.494792   1.01042     
452    20    18    452subltc_0_orb_0   40     36     -0.00138588    0.0230296   0.494253    0.494792   1.01042     
476    20    19    476subltc_0_orb_0   40     38     -0.00138588    0.0230296   0.494253    0.494792   1.01042     
500    20    20    500subltc_0_orb_0   40     40     -0.00138588    0.0230296   0.494253    0.494792   1.01042     
524    20    21    524subltc_0_orb_0   40     42     -0.00138588    0.0230296   0.494253    0.494792   1.01042     
548    20    22    548subltc_0_orb_0   40     44     -0.00138588    0.0230296   0.494253    0.494792   1.01042     
572    20    23    572subltc_0_orb_0   40     46     -0.00138588    0.0230296   0.494253    0.494792   1.01042     

21    21    0    21subltc_0_orb_0   42     0     -0.00138588    0.0230296   0.494253    0.494792   1.01042     
45    21    1    45subltc_0_orb_0   42     2     -0.00138588    0.0230296   0.494253    0.494792   1.01042     
69    21    2    69subltc_0_orb_0   42     4     -0.00138588    0.0230296   0.494253    0.494792   1.01042     
93    21    3    93subltc_0_orb_0   42     6     -0.00138588    0.0230296   0.494253    0.494792   1.01042     
117    21    4    117subltc_0_orb_0   42     8     -0.00138588    0.0230296   0.494253    0.494792   1.01042     
141    21    5    141subltc_0_orb_0   42     10     -0.00138588    0.0230296   0.494253    0.494792   1.01042     
165    21    6    165subltc_0_orb_0   42     12     -0.00138588    0.0230296   0.494253    0.494792   1.01042     
189    21    7    189subltc_0_orb_0   42     14     -0.00138588    0.0230296   0.494253    0.494792   1.01042     
213    21    8    213subltc_0_orb_0   42     16     -0.00138588    0.0230296   0.494253    0.494792   1.01042     
237    21    9    237subltc_0_orb_0   42     18     -0.00138588    0.0230296   0.494253    0.494792   1.01042     
261    21    10    261subltc_0_orb_0   42     20     -0.00138588    0.0230296   0.494253    0.494792   1.01042     
285    21    11    285subltc_0_orb_0   42     22     -0.00138588    0.0230296   0.494253    0.494792   1.01042     
309    21    12    309subltc_0_orb_0   42     24     -0.00138588    0.0230296   0.494253    0.494792   1.01042     
333    21    13    333subltc_0_orb_0   42     26     -0.00138588    0.0230296   0.494253    0.494792   1.01042     
357    21    14    357subltc_0_orb_0   42     28     -0.00138588    0.0230296   0.494253    0.494792   1.01042     
381    21    15    381subltc_0_orb_0   42     30     -0.00138588    0.0230296   0.494253    0.494792   1.01042     
405    21    16    405subltc_0_orb_0   42     32     -0.00138588    0.0230296   0.494253    0.494792   1.01042     
429    21    17    429subltc_0_orb_0   42     34     -0.00138588    0.0230296   0.494253    0.494792   1.01042     
453    21    18    453subltc_0_orb_0   42     36     -0.00138588    0.0230296   0.494253    0.494792   1.01042     
477    21    19    477subltc_0_orb_0   42     38     -0.00138588    0.0230296   0.494253    0.494792   1.01042     
501    21    20    501subltc_0_orb_0   42     40     -0.00138588    0.0230296   0.494253    0.494792   1.01042     
525    21    21    525subltc_0_orb_0   42     42     -0.00138588    0.0230296   0.494253    0.494792   1.01042     
549    21    22    549subltc_0_orb_0   42     44     -0.00138588    0.0230296   0.494253    0.494792   1.01042     
573    21    23    573subltc_0_orb_0   42     46     -0.00138588    0.0230296   0.494253    0.494792   1.01042     

22    22    0    22subltc_0_orb_0   44     0     -0.00138588    0.0230296   0.494253    0.494792   1.01042     
46    22    1    46subltc_0_orb_0   44     2     -0.00138588    0.0230296   0.494253    0.494792   1.01042     
70    22    2    70subltc_0_orb_0   44     4     -0.00138588    0.0230296   0.494253    0.494792   1.01042     
94    22    3    94subltc_0_orb_0   44     6     -0.00138588    0.0230296   0.494253    0.494792   1.01042     
118    22    4    118subltc_0_orb_0   44     8     -0.00138588    0.0230296   0.494253    0.494792   1.01042     
142    22    5    142subltc_0_orb_0   44     10     -0.00138588    0.0230296   0.494253    0.494792   1.01042     
166    22    6    166subltc_0_orb_0   44     12     -0.00138588    0.0230296   0.494253    0.494792   1.01042     
190    22    7    190subltc_0_orb_0   44     14     -0.00138588    0.0230296   0.494253    0.494792   1.01042     
214    22    8    214subltc_0_orb_0   44     16     -0.00138588    0.0230296   0.494253    0.494792   1.01042     
238    22    9    238subltc_0_orb_0   44     18     -0.00138588    0.0230296   0.494253    0.494792   1.01042     
262    22    10    262subltc_0_orb_0   44     20     -0.00138588    0.0230296   0.494253    0.494792   1.01042     
286    22    11    286subltc_0_orb_0   44     22     -0.00138588    0.0230296   0.494253    0.494792   1.01042     
310    22    12    310subltc_0_orb_0   44     24     -0.00138588    0.0230296   0.494253    0.494792   1.01042     
334    22    13    334subltc_0_orb_0   44     26     -0.00138588    0.0230296   0.494253    0.494792   1.01042     
358    22    14    358subltc_0_orb_0   44     28     -0.00138588    0.0230296   0.494253    0.494792   1.01042     
382    22    15    382subltc_0_orb_0   44     30     -0.00138588    0.0230296   0.494253    0.494792   1.01042     
406    22    16    406subltc_0_orb_0   44     32     -0.00138588    0.0230296   0.494253    0.494792   1.01042     
430    22    17    430subltc_0_orb_0   44     34     -0.00138588    0.0230296   0.494253    0.494792   1.01042     
454    22    18    454subltc_0_orb_0   44     36     -0.00138588    0.0230296   0.494253    0.494792   1.01042     
478    22    19    478subltc_0_orb_0   44     38     -0.00138588    0.0230296   0.494253    0.494792   1.01042     
502    22    20    502subltc_0_orb_0   44     40     -0.00138588    0.0230296   0.494253    0.494792   1.01042     
526    22    21    526subltc_0_orb_0   44     42     -0.00138588    0.0230296   0.494253    0.494792   1.01042     
550    22    22    550subltc_0_orb_0   44     44     -0.00138588    0.0230296   0.494253    0.494792   1.01042     
574    22    23    574subltc_0_orb_0   44     46     -0.00138588    0.0230296   0.494253    0.494792   1.01042     

23    23    0    23subltc_0_orb_0   46     0     -0.00138588    0.0230296   0.494253    0.494792   1.01042     
47    23    1    47subltc_0_orb_0   46     2     -0.00138588    0.0230296   0.494253    0.494792   1.01042     
71    23    2    71subltc_0_orb_0   46     4     -0.00138588    0.0230296   0.494253    0.494792   1.01042     
95    23    3    95subltc_0_orb_0   46     6     -0.00138588    0.0230296   0.494253    0.494792   1.01042     
119    23    4    119subltc_0_orb_0   46     8     -0.00138588    0.0230296   0.494253    0.494792   1.01042     
143    23    5    143subltc_0_orb_0   46     10     -0.00138588    0.0230296   0.494253    0.494792   1.01042     
167    23    6    167subltc_0_orb_0   46     12     -0.00138588    0.0230296   0.494253    0.494792   1.01042     
191    23    7    191subltc_0_orb_0   46     14     -0.00138588    0.0230296   0.494253    0.494792   1.01042     
215    23    8    215subltc_0_orb_0   46     16     -0.00138588    0.0230296   0.494253    0.494792   1.01042     
239    23    9    239subltc_0_orb_0   46     18     -0.00138588    0.0230296   0.494253    0.494792   1.01042     
263    23    10    263subltc_0_orb_0   46     20     -0.00138588    0.0230296   0.494253    0.494792   1.01042     
287    23    11    287subltc_0_orb_0   46     22     -0.00138588    0.0230296   0.494253    0.494792   1.01042     
311    23    12    311subltc_0_orb_0   46     24     -0.00138588    0.0230296   0.494253    0.494792   1.01042     
335    23    13    335subltc_0_orb_0   46     26     -0.00138588    0.0230296   0.494253    0.494792   1.01042     
359    23    14    359subltc_0_orb_0   46     28     -0.00138588    0.0230296   0.494253    0.494792   1.01042     
383    23    15    383subltc_0_orb_0   46     30     -0.00138588    0.0230296   0.494253    0.494792   1.01042     
407    23    16    407subltc_0_orb_0   46     32     -0.00138588    0.0230296   0.494253    0.494792   1.01042     
431    23    17    431subltc_0_orb_0   46     34     -0.00138588    0.0230296   0.494253    0.494792   1.01042     
455    23    18    455subltc_0_orb_0   46     36     -0.00138588    0.0230296   0.494253    0.494792   1.01042     
479    23    19    479subltc_0_orb_0   46     38     -0.00138588    0.0230296   0.494253    0.494792   1.01042     
503    23    20    503subltc_0_orb_0   46     40     -0.00138588    0.0230296   0.494253    0.494792   1.01042     
527    23    21    527subltc_0_orb_0   46     42     -0.00138588    0.0230296   0.494253    0.494792   1.01042     
551    23    22    551subltc_0_orb_0   46     44     -0.00138588    0.0230296   0.494253    0.494792   1.01042     
575    23    23    575subltc_0_orb_0   46     46     -0.00138588    0.0230296   0.494253    0.494792   1.01042     

