#alpha(site in real lattice)   0up   0dn  1up     1dn
0    0.503822    0.506594    
24    0.503822    0.506594    
48    0.503822    0.506594    
72    0.503822    0.506594    
96    0.503822    0.506594    
120    0.503822    0.506594    
144    0.503822    0.506594    
168    0.503822    0.506594    
192    0.503822    0.506594    
216    0.503822    0.506594    
240    0.503822    0.506594    
264    0.503822    0.506594    
288    0.503822    0.506594    
312    0.503822    0.506594    
336    0.503822    0.506594    
360    0.503822    0.506594    
384    0.503822    0.506594    
408    0.503822    0.506594    
432    0.503822    0.506594    
456    0.503822    0.506594    
480    0.503822    0.506594    
504    0.503822    0.506594    
528    0.503822    0.506594    
552    0.503822    0.506594    
1    0.503822    0.506594    
25    0.503822    0.506594    
49    0.503822    0.506594    
73    0.503822    0.506594    
97    0.503822    0.506594    
121    0.503822    0.506594    
145    0.503822    0.506594    
169    0.503822    0.506594    
193    0.503822    0.506594    
217    0.503822    0.506594    
241    0.503822    0.506594    
265    0.503822    0.506594    
289    0.503822    0.506594    
313    0.503822    0.506594    
337    0.503822    0.506594    
361    0.503822    0.506594    
385    0.503822    0.506594    
409    0.503822    0.506594    
433    0.503822    0.506594    
457    0.503822    0.506594    
481    0.503822    0.506594    
505    0.503822    0.506594    
529    0.503822    0.506594    
553    0.503822    0.506594    
2    0.503822    0.506594    
26    0.503822    0.506594    
50    0.503822    0.506594    
74    0.503822    0.506594    
98    0.503822    0.506594    
122    0.503822    0.506594    
146    0.503822    0.506594    
170    0.503822    0.506594    
194    0.503822    0.506594    
218    0.503822    0.506594    
242    0.503822    0.506594    
266    0.503822    0.506594    
290    0.503822    0.506594    
314    0.503822    0.506594    
338    0.503822    0.506594    
362    0.503822    0.506594    
386    0.503822    0.506594    
410    0.503822    0.506594    
434    0.503822    0.506594    
458    0.503822    0.506594    
482    0.503822    0.506594    
506    0.503822    0.506594    
530    0.503822    0.506594    
554    0.503822    0.506594    
3    0.503822    0.506594    
27    0.503822    0.506594    
51    0.503822    0.506594    
75    0.503822    0.506594    
99    0.503822    0.506594    
123    0.503822    0.506594    
147    0.503822    0.506594    
171    0.503822    0.506594    
195    0.503822    0.506594    
219    0.503822    0.506594    
243    0.503822    0.506594    
267    0.503822    0.506594    
291    0.503822    0.506594    
315    0.503822    0.506594    
339    0.503822    0.506594    
363    0.503822    0.506594    
387    0.503822    0.506594    
411    0.503822    0.506594    
435    0.503822    0.506594    
459    0.503822    0.506594    
483    0.503822    0.506594    
507    0.503822    0.506594    
531    0.503822    0.506594    
555    0.503822    0.506594    
4    0.503822    0.506594    
28    0.503822    0.506594    
52    0.503822    0.506594    
76    0.503822    0.506594    
100    0.503822    0.506594    
124    0.503822    0.506594    
148    0.503822    0.506594    
172    0.503822    0.506594    
196    0.503822    0.506594    
220    0.503822    0.506594    
244    0.503822    0.506594    
268    0.503822    0.506594    
292    0.503822    0.506594    
316    0.503822    0.506594    
340    0.503822    0.506594    
364    0.503822    0.506594    
388    0.503822    0.506594    
412    0.503822    0.506594    
436    0.503822    0.506594    
460    0.503822    0.506594    
484    0.503822    0.506594    
508    0.503822    0.506594    
532    0.503822    0.506594    
556    0.503822    0.506594    
5    0.503822    0.506594    
29    0.503822    0.506594    
53    0.503822    0.506594    
77    0.503822    0.506594    
101    0.503822    0.506594    
125    0.503822    0.506594    
149    0.503822    0.506594    
173    0.503822    0.506594    
197    0.503822    0.506594    
221    0.503822    0.506594    
245    0.503822    0.506594    
269    0.503822    0.506594    
293    0.503822    0.506594    
317    0.503822    0.506594    
341    0.503822    0.506594    
365    0.503822    0.506594    
389    0.503822    0.506594    
413    0.503822    0.506594    
437    0.503822    0.506594    
461    0.503822    0.506594    
485    0.503822    0.506594    
509    0.503822    0.506594    
533    0.503822    0.506594    
557    0.503822    0.506594    
6    0.503822    0.506594    
30    0.503822    0.506594    
54    0.503822    0.506594    
78    0.503822    0.506594    
102    0.503822    0.506594    
126    0.503822    0.506594    
150    0.503822    0.506594    
174    0.503822    0.506594    
198    0.503822    0.506594    
222    0.503822    0.506594    
246    0.503822    0.506594    
270    0.503822    0.506594    
294    0.503822    0.506594    
318    0.503822    0.506594    
342    0.503822    0.506594    
366    0.503822    0.506594    
390    0.503822    0.506594    
414    0.503822    0.506594    
438    0.503822    0.506594    
462    0.503822    0.506594    
486    0.503822    0.506594    
510    0.503822    0.506594    
534    0.503822    0.506594    
558    0.503822    0.506594    
7    0.503822    0.506594    
31    0.503822    0.506594    
55    0.503822    0.506594    
79    0.503822    0.506594    
103    0.503822    0.506594    
127    0.503822    0.506594    
151    0.503822    0.506594    
175    0.503822    0.506594    
199    0.503822    0.506594    
223    0.503822    0.506594    
247    0.503822    0.506594    
271    0.503822    0.506594    
295    0.503822    0.506594    
319    0.503822    0.506594    
343    0.503822    0.506594    
367    0.503822    0.506594    
391    0.503822    0.506594    
415    0.503822    0.506594    
439    0.503822    0.506594    
463    0.503822    0.506594    
487    0.503822    0.506594    
511    0.503822    0.506594    
535    0.503822    0.506594    
559    0.503822    0.506594    
8    0.503822    0.506594    
32    0.503822    0.506594    
56    0.503822    0.506594    
80    0.503822    0.506594    
104    0.503822    0.506594    
128    0.503822    0.506594    
152    0.503822    0.506594    
176    0.503822    0.506594    
200    0.503822    0.506594    
224    0.503822    0.506594    
248    0.503822    0.506594    
272    0.503822    0.506594    
296    0.503822    0.506594    
320    0.503822    0.506594    
344    0.503822    0.506594    
368    0.503822    0.506594    
392    0.503822    0.506594    
416    0.503822    0.506594    
440    0.503822    0.506594    
464    0.503822    0.506594    
488    0.503822    0.506594    
512    0.503822    0.506594    
536    0.503822    0.506594    
560    0.503822    0.506594    
9    0.503822    0.506594    
33    0.503822    0.506594    
57    0.503822    0.506594    
81    0.503822    0.506594    
105    0.503822    0.506594    
129    0.503822    0.506594    
153    0.503822    0.506594    
177    0.503822    0.506594    
201    0.503822    0.506594    
225    0.503822    0.506594    
249    0.503822    0.506594    
273    0.503822    0.506594    
297    0.503822    0.506594    
321    0.503822    0.506594    
345    0.503822    0.506594    
369    0.503822    0.506594    
393    0.503822    0.506594    
417    0.503822    0.506594    
441    0.503822    0.506594    
465    0.503822    0.506594    
489    0.503822    0.506594    
513    0.503822    0.506594    
537    0.503822    0.506594    
561    0.503822    0.506594    
10    0.503822    0.506594    
34    0.503822    0.506594    
58    0.503822    0.506594    
82    0.503822    0.506594    
106    0.503822    0.506594    
130    0.503822    0.506594    
154    0.503822    0.506594    
178    0.503822    0.506594    
202    0.503822    0.506594    
226    0.503822    0.506594    
250    0.503822    0.506594    
274    0.503822    0.506594    
298    0.503822    0.506594    
322    0.503822    0.506594    
346    0.503822    0.506594    
370    0.503822    0.506594    
394    0.503822    0.506594    
418    0.503822    0.506594    
442    0.503822    0.506594    
466    0.503822    0.506594    
490    0.503822    0.506594    
514    0.503822    0.506594    
538    0.503822    0.506594    
562    0.503822    0.506594    
11    0.503822    0.506594    
35    0.503822    0.506594    
59    0.503822    0.506594    
83    0.503822    0.506594    
107    0.503822    0.506594    
131    0.503822    0.506594    
155    0.503822    0.506594    
179    0.503822    0.506594    
203    0.503822    0.506594    
227    0.503822    0.506594    
251    0.503822    0.506594    
275    0.503822    0.506594    
299    0.503822    0.506594    
323    0.503822    0.506594    
347    0.503822    0.506594    
371    0.503822    0.506594    
395    0.503822    0.506594    
419    0.503822    0.506594    
443    0.503822    0.506594    
467    0.503822    0.506594    
491    0.503822    0.506594    
515    0.503822    0.506594    
539    0.503822    0.506594    
563    0.503822    0.506594    
12    0.503822    0.506594    
36    0.503822    0.506594    
60    0.503822    0.506594    
84    0.503822    0.506594    
108    0.503822    0.506594    
132    0.503822    0.506594    
156    0.503822    0.506594    
180    0.503822    0.506594    
204    0.503822    0.506594    
228    0.503822    0.506594    
252    0.503822    0.506594    
276    0.503822    0.506594    
300    0.503822    0.506594    
324    0.503822    0.506594    
348    0.503822    0.506594    
372    0.503822    0.506594    
396    0.503822    0.506594    
420    0.503822    0.506594    
444    0.503822    0.506594    
468    0.503822    0.506594    
492    0.503822    0.506594    
516    0.503822    0.506594    
540    0.503822    0.506594    
564    0.503822    0.506594    
13    0.503822    0.506594    
37    0.503822    0.506594    
61    0.503822    0.506594    
85    0.503822    0.506594    
109    0.503822    0.506594    
133    0.503822    0.506594    
157    0.503822    0.506594    
181    0.503822    0.506594    
205    0.503822    0.506594    
229    0.503822    0.506594    
253    0.503822    0.506594    
277    0.503822    0.506594    
301    0.503822    0.506594    
325    0.503822    0.506594    
349    0.503822    0.506594    
373    0.503822    0.506594    
397    0.503822    0.506594    
421    0.503822    0.506594    
445    0.503822    0.506594    
469    0.503822    0.506594    
493    0.503822    0.506594    
517    0.503822    0.506594    
541    0.503822    0.506594    
565    0.503822    0.506594    
14    0.503822    0.506594    
38    0.503822    0.506594    
62    0.503822    0.506594    
86    0.503822    0.506594    
110    0.503822    0.506594    
134    0.503822    0.506594    
158    0.503822    0.506594    
182    0.503822    0.506594    
206    0.503822    0.506594    
230    0.503822    0.506594    
254    0.503822    0.506594    
278    0.503822    0.506594    
302    0.503822    0.506594    
326    0.503822    0.506594    
350    0.503822    0.506594    
374    0.503822    0.506594    
398    0.503822    0.506594    
422    0.503822    0.506594    
446    0.503822    0.506594    
470    0.503822    0.506594    
494    0.503822    0.506594    
518    0.503822    0.506594    
542    0.503822    0.506594    
566    0.503822    0.506594    
15    0.503822    0.506594    
39    0.503822    0.506594    
63    0.503822    0.506594    
87    0.503822    0.506594    
111    0.503822    0.506594    
135    0.503822    0.506594    
159    0.503822    0.506594    
183    0.503822    0.506594    
207    0.503822    0.506594    
231    0.503822    0.506594    
255    0.503822    0.506594    
279    0.503822    0.506594    
303    0.503822    0.506594    
327    0.503822    0.506594    
351    0.503822    0.506594    
375    0.503822    0.506594    
399    0.503822    0.506594    
423    0.503822    0.506594    
447    0.503822    0.506594    
471    0.503822    0.506594    
495    0.503822    0.506594    
519    0.503822    0.506594    
543    0.503822    0.506594    
567    0.503822    0.506594    
16    0.503822    0.506594    
40    0.503822    0.506594    
64    0.503822    0.506594    
88    0.503822    0.506594    
112    0.503822    0.506594    
136    0.503822    0.506594    
160    0.503822    0.506594    
184    0.503822    0.506594    
208    0.503822    0.506594    
232    0.503822    0.506594    
256    0.503822    0.506594    
280    0.503822    0.506594    
304    0.503822    0.506594    
328    0.503822    0.506594    
352    0.503822    0.506594    
376    0.503822    0.506594    
400    0.503822    0.506594    
424    0.503822    0.506594    
448    0.503822    0.506594    
472    0.503822    0.506594    
496    0.503822    0.506594    
520    0.503822    0.506594    
544    0.503822    0.506594    
568    0.503822    0.506594    
17    0.503822    0.506594    
41    0.503822    0.506594    
65    0.503822    0.506594    
89    0.503822    0.506594    
113    0.503822    0.506594    
137    0.503822    0.506594    
161    0.503822    0.506594    
185    0.503822    0.506594    
209    0.503822    0.506594    
233    0.503822    0.506594    
257    0.503822    0.506594    
281    0.503822    0.506594    
305    0.503822    0.506594    
329    0.503822    0.506594    
353    0.503822    0.506594    
377    0.503822    0.506594    
401    0.503822    0.506594    
425    0.503822    0.506594    
449    0.503822    0.506594    
473    0.503822    0.506594    
497    0.503822    0.506594    
521    0.503822    0.506594    
545    0.503822    0.506594    
569    0.503822    0.506594    
18    0.503822    0.506594    
42    0.503822    0.506594    
66    0.503822    0.506594    
90    0.503822    0.506594    
114    0.503822    0.506594    
138    0.503822    0.506594    
162    0.503822    0.506594    
186    0.503822    0.506594    
210    0.503822    0.506594    
234    0.503822    0.506594    
258    0.503822    0.506594    
282    0.503822    0.506594    
306    0.503822    0.506594    
330    0.503822    0.506594    
354    0.503822    0.506594    
378    0.503822    0.506594    
402    0.503822    0.506594    
426    0.503822    0.506594    
450    0.503822    0.506594    
474    0.503822    0.506594    
498    0.503822    0.506594    
522    0.503822    0.506594    
546    0.503822    0.506594    
570    0.503822    0.506594    
19    0.503822    0.506594    
43    0.503822    0.506594    
67    0.503822    0.506594    
91    0.503822    0.506594    
115    0.503822    0.506594    
139    0.503822    0.506594    
163    0.503822    0.506594    
187    0.503822    0.506594    
211    0.503822    0.506594    
235    0.503822    0.506594    
259    0.503822    0.506594    
283    0.503822    0.506594    
307    0.503822    0.506594    
331    0.503822    0.506594    
355    0.503822    0.506594    
379    0.503822    0.506594    
403    0.503822    0.506594    
427    0.503822    0.506594    
451    0.503822    0.506594    
475    0.503822    0.506594    
499    0.503822    0.506594    
523    0.503822    0.506594    
547    0.503822    0.506594    
571    0.503822    0.506594    
20    0.503822    0.506594    
44    0.503822    0.506594    
68    0.503822    0.506594    
92    0.503822    0.506594    
116    0.503822    0.506594    
140    0.503822    0.506594    
164    0.503822    0.506594    
188    0.503822    0.506594    
212    0.503822    0.506594    
236    0.503822    0.506594    
260    0.503822    0.506594    
284    0.503822    0.506594    
308    0.503822    0.506594    
332    0.503822    0.506594    
356    0.503822    0.506594    
380    0.503822    0.506594    
404    0.503822    0.506594    
428    0.503822    0.506594    
452    0.503822    0.506594    
476    0.503822    0.506594    
500    0.503822    0.506594    
524    0.503822    0.506594    
548    0.503822    0.506594    
572    0.503822    0.506594    
21    0.503822    0.506594    
45    0.503822    0.506594    
69    0.503822    0.506594    
93    0.503822    0.506594    
117    0.503822    0.506594    
141    0.503822    0.506594    
165    0.503822    0.506594    
189    0.503822    0.506594    
213    0.503822    0.506594    
237    0.503822    0.506594    
261    0.503822    0.506594    
285    0.503822    0.506594    
309    0.503822    0.506594    
333    0.503822    0.506594    
357    0.503822    0.506594    
381    0.503822    0.506594    
405    0.503822    0.506594    
429    0.503822    0.506594    
453    0.503822    0.506594    
477    0.503822    0.506594    
501    0.503822    0.506594    
525    0.503822    0.506594    
549    0.503822    0.506594    
573    0.503822    0.506594    
22    0.503822    0.506594    
46    0.503822    0.506594    
70    0.503822    0.506594    
94    0.503822    0.506594    
118    0.503822    0.506594    
142    0.503822    0.506594    
166    0.503822    0.506594    
190    0.503822    0.506594    
214    0.503822    0.506594    
238    0.503822    0.506594    
262    0.503822    0.506594    
286    0.503822    0.506594    
310    0.503822    0.506594    
334    0.503822    0.506594    
358    0.503822    0.506594    
382    0.503822    0.506594    
406    0.503822    0.506594    
430    0.503822    0.506594    
454    0.503822    0.506594    
478    0.503822    0.506594    
502    0.503822    0.506594    
526    0.503822    0.506594    
550    0.503822    0.506594    
574    0.503822    0.506594    
23    0.503822    0.506594    
47    0.503822    0.506594    
71    0.503822    0.506594    
95    0.503822    0.506594    
119    0.503822    0.506594    
143    0.503822    0.506594    
167    0.503822    0.506594    
191    0.503822    0.506594    
215    0.503822    0.506594    
239    0.503822    0.506594    
263    0.503822    0.506594    
287    0.503822    0.506594    
311    0.503822    0.506594    
335    0.503822    0.506594    
359    0.503822    0.506594    
383    0.503822    0.506594    
407    0.503822    0.506594    
431    0.503822    0.506594    
455    0.503822    0.506594    
479    0.503822    0.506594    
503    0.503822    0.506594    
527    0.503822    0.506594    
551    0.503822    0.506594    
575    0.503822    0.506594    
