#kindex  E(k,1)  UP  DOWN  E(k,2)  UP DOWN  .....
0   -4   1   0   -2.38699e-10   1   0   -5.75379e-11   1   0   4   1   0   79.3334   0   1   83.3334   0   1   83.3334   0   1   87.3334   0   1   
1   -3.4641   1   0   -2.38699e-10   1   0   -5.75379e-11   1   0   3.4641   1   0   79.8693   0   1   83.3334   0   1   83.3334   0   1   86.7975   0   1   
2   -2   1   0   -2.38699e-10   1   0   -5.75379e-11   1   0   2   1   0   81.3334   0   1   83.3334   0   1   83.3334   0   1   85.3334   0   1   
3   -4.39987e-10   1   0   -6.04093e-11   1   0   -5.46665e-11   1   0   -3.74106e-11   1   0   83.3334   0   1   83.3334   0   1   83.3334   0   1   83.3334   0   1   
4   -1   1   0   -1   1   0   1   1   0   1   1   0   82.3334   0   1   82.3334   0   1   84.3334   0   1   84.3334   0   1   
5   -1.73205   1   0   -1.73205   1   0   1.73205   1   0   1.73205   1   0   81.6013   0   1   81.6013   0   1   85.0654   0   1   85.0654   0   1   
6   -2   1   0   -2   1   0   2   1   0   2   1   0   81.3334   0   1   81.3334   0   1   85.3334   0   1   85.3334   0   1   
7   -3   1   0   -1   1   0   1   1   0   3   1   0   80.3334   0   1   82.3334   0   1   84.3334   0   1   86.3334   0   1   
8   -3.73205   1   0   -0.267949   1   0   0.267949   1   0   3.73205   1   0   79.6013   0   1   83.0654   0   1   83.6013   0   1   87.0654   0   1   
9   -4   1   0   -2.38699e-10   1   0   -5.75379e-11   1   0   4   1   0   79.3334   0   1   83.3334   0   1   83.3334   0   1   87.3334   0   1   
10   -3.73205   1   0   -0.267949   1   0   0.267949   1   0   3.73205   1   0   79.6013   0   1   83.0654   0   1   83.6013   0   1   87.0654   0   1   
11   -3   1   0   -1   1   0   1   1   0   3   1   0   80.3334   0   1   82.3334   0   1   84.3334   0   1   86.3334   0   1   
12   -2   1   0   -2   1   0   2   1   0   2   1   0   81.3334   0   1   81.3334   0   1   85.3334   0   1   85.3334   0   1   
13   -1.73205   1   0   -1.73205   1   0   1.73205   1   0   1.73205   1   0   81.6013   0   1   81.6013   0   1   85.0654   0   1   85.0654   0   1   
14   -1   1   0   -1   1   0   1   1   0   1   1   0   82.3334   0   1   82.3334   0   1   84.3334   0   1   84.3334   0   1   
15   -4.39987e-10   1   0   -6.04093e-11   1   0   -5.46665e-11   1   0   -3.74106e-11   1   0   83.3334   0   1   83.3334   0   1   83.3334   0   1   83.3334   0   1   
16   -2   1   0   -2.38699e-10   1   0   -5.75379e-11   1   0   2   1   0   81.3334   0   1   83.3334   0   1   83.3334   0   1   85.3334   0   1   
17   -3.4641   1   0   -2.38699e-10   1   0   -5.75379e-11   1   0   3.4641   1   0   79.8693   0   1   83.3334   0   1   83.3334   0   1   86.7975   0   1   
18   -4   1   0   -2.38699e-10   1   0   -5.75379e-11   1   0   4   1   0   79.3334   0   1   83.3334   0   1   83.3334   0   1   87.3334   0   1   
19   -4   1   0   -2.38699e-10   1   0   -5.75379e-11   1   0   4   1   0   79.3334   0   1   83.3334   0   1   83.3334   0   1   87.3334   0   1   
