0   0   0   50.5308   54.5307   54.5309   58.5308   108.136   112.136   112.136   116.136   
1   1   0   50.7987   54.2628   54.7987   58.2628   108.404   111.868   112.404   115.868   
2   2   0   51.5308   53.5308   55.5308   57.5308   109.136   111.136   113.136   115.136   
3   3   0   52.5308   52.5308   56.5308   56.5308   110.136   110.136   114.136   114.136   
4   4   0   51.5308   53.5308   55.5308   57.5308   109.136   111.136   113.136   115.136   
5   5   0   50.7987   54.2628   54.7987   58.2628   108.404   111.868   112.404   115.868   

6   0   1   50.7987   54.2628   54.7987   58.2628   108.404   111.868   112.404   115.868   
7   1   1   51.0667   54.5307   54.5309   57.9949   108.672   112.136   112.136   115.6   
8   2   1   51.7987   53.7987   55.2628   57.2628   109.404   111.404   112.868   114.868   
9   3   1   52.7987   52.7988   56.2628   56.2629   110.404   110.404   113.868   113.868   
10   4   1   51.7987   53.7987   55.2628   57.2628   109.404   111.404   112.868   114.868   
11   5   1   51.0667   54.5307   54.5309   57.9949   108.672   112.136   112.136   115.6   

12   0   2   51.5308   53.5308   55.5308   57.5308   109.136   111.136   113.136   115.136   
13   1   2   51.7987   53.7987   55.2628   57.2628   109.404   111.404   112.868   114.868   
14   2   2   52.5308   54.5307   54.5309   56.5308   110.136   112.136   112.136   114.136   
15   3   2   53.5308   53.5308   55.5308   55.5308   111.136   111.136   113.136   113.136   
16   4   2   52.5308   54.5307   54.5309   56.5308   110.136   112.136   112.136   114.136   
17   5   2   51.7987   53.7987   55.2628   57.2628   109.404   111.404   112.868   114.868   

18   0   3   52.5308   52.5308   56.5308   56.5308   110.136   110.136   114.136   114.136   
19   1   3   52.7987   52.7987   56.2628   56.2629   110.404   110.404   113.868   113.868   
20   2   3   53.5308   53.5308   55.5308   55.5308   111.136   111.136   113.136   113.136   
21   3   3   54.5307   54.5307   54.5309   54.5309   112.136   112.136   112.136   112.136   
22   4   3   53.5308   53.5308   55.5308   55.5308   111.136   111.136   113.136   113.136   
23   5   3   52.7987   52.7987   56.2628   56.2629   110.404   110.404   113.868   113.868   

24   0   4   51.5308   53.5308   55.5308   57.5308   109.136   111.136   113.136   115.136   
25   1   4   51.7987   53.7987   55.2628   57.2628   109.404   111.404   112.868   114.868   
26   2   4   52.5308   54.5307   54.5309   56.5308   110.136   112.136   112.136   114.136   
27   3   4   53.5308   53.5308   55.5308   55.5308   111.136   111.136   113.136   113.136   
28   4   4   52.5308   54.5307   54.5309   56.5308   110.136   112.136   112.136   114.136   
29   5   4   51.7987   53.7987   55.2628   57.2628   109.404   111.404   112.868   114.868   

30   0   5   50.7987   54.2628   54.7987   58.2628   108.404   111.868   112.404   115.868   
31   1   5   51.0667   54.5307   54.5309   57.9949   108.672   112.136   112.136   115.6   
32   2   5   51.7987   53.7987   55.2628   57.2628   109.404   111.404   112.868   114.868   
33   3   5   52.7987   52.7988   56.2628   56.2629   110.404   110.404   113.868   113.868   
34   4   5   51.7987   53.7987   55.2628   57.2628   109.404   111.404   112.868   114.868   
35   5   5   51.0667   54.5307   54.5309   57.9949   108.672   112.136   112.136   115.6   

