#kindex  E(k,1)  UP  DOWN  E(k,2)  UP DOWN  .....
0   6.83532   1   0   10.8353   1   0   10.8353   1   0   14.8353   1   0   68.498   0   1   72.498   0   1   72.498   0   1   76.498   0   1   
1   7.37122   1   0   10.8353   1   0   10.8353   1   0   14.2994   1   0   69.0339   0   1   72.498   0   1   72.498   0   1   75.9621   0   1   
2   8.83532   1   0   10.8353   1   0   10.8353   1   0   12.8353   1   0   70.498   0   1   72.498   0   1   72.498   0   1   74.498   0   1   
3   10.8353   1   0   10.8353   1   0   10.8353   1   0   10.8353   1   0   72.498   0   1   72.498   0   1   72.498   0   1   72.498   0   1   
4   9.83532   1   0   9.83533   1   0   11.8353   1   0   11.8353   1   0   71.498   0   1   71.498   0   1   73.498   0   1   73.498   0   1   
5   9.10327   1   0   9.10328   1   0   12.5674   1   0   12.5674   1   0   70.7659   0   1   70.7659   0   1   74.23   0   1   74.23   0   1   
6   8.83532   1   0   8.83533   1   0   12.8353   1   0   12.8353   1   0   70.498   0   1   70.498   0   1   74.498   0   1   74.498   0   1   
7   7.83532   1   0   9.83532   1   0   11.8353   1   0   13.8353   1   0   69.498   0   1   71.498   0   1   73.498   0   1   75.498   0   1   
8   7.10327   1   0   10.5674   1   0   11.1033   1   0   14.5674   1   0   68.7659   0   1   72.23   0   1   72.7659   0   1   76.23   0   1   
9   6.83532   1   0   10.8353   1   0   10.8353   1   0   14.8353   1   0   68.498   0   1   72.498   0   1   72.498   0   1   76.498   0   1   
10   7.10327   1   0   10.5674   1   0   11.1033   1   0   14.5674   1   0   68.7659   0   1   72.23   0   1   72.7659   0   1   76.23   0   1   
11   7.83532   1   0   9.83532   1   0   11.8353   1   0   13.8353   1   0   69.498   0   1   71.498   0   1   73.498   0   1   75.498   0   1   
12   8.83532   1   0   8.83533   1   0   12.8353   1   0   12.8353   1   0   70.498   0   1   70.498   0   1   74.498   0   1   74.498   0   1   
13   9.10327   1   0   9.10327   1   0   12.5674   1   0   12.5674   1   0   70.7659   0   1   70.7659   0   1   74.23   0   1   74.23   0   1   
14   9.83532   1   0   9.83533   1   0   11.8353   1   0   11.8353   1   0   71.498   0   1   71.498   0   1   73.498   0   1   73.498   0   1   
15   10.8353   1   0   10.8353   1   0   10.8353   1   0   10.8353   1   0   72.498   0   1   72.498   0   1   72.498   0   1   72.498   0   1   
16   8.83532   1   0   10.8353   1   0   10.8353   1   0   12.8353   1   0   70.498   0   1   72.498   0   1   72.498   0   1   74.498   0   1   
17   7.37122   1   0   10.8353   1   0   10.8353   1   0   14.2994   1   0   69.0339   0   1   72.498   0   1   72.498   0   1   75.9621   0   1   
18   6.83532   1   0   10.8353   1   0   10.8353   1   0   14.8353   1   0   68.498   0   1   72.498   0   1   72.498   0   1   76.498   0   1   
19   6.83532   1   0   10.8353   1   0   10.8353   1   0   14.8353   1   0   68.498   0   1   72.498   0   1   72.498   0   1   76.498   0   1   
