0   50.5308   54.5307   54.5309   58.5308   108.136   112.136   112.136   116.136   
1   51.7987   53.7987   55.2628   57.2628   109.404   111.404   112.868   114.868   
2   52.5308   54.5307   54.5309   56.5308   110.136   112.136   112.136   114.136   
3   54.5307   54.5307   54.5309   54.5309   112.136   112.136   112.136   112.136   
4   52.5308   54.5307   54.5309   56.5308   110.136   112.136   112.136   114.136   
5   51.7987   53.7987   55.2628   57.2628   109.404   111.404   112.868   114.868   
6   50.5308   54.5307   54.5309   58.5308   108.136   112.136   112.136   116.136   
7   51.0667   54.5307   54.5309   57.9949   108.672   112.136   112.136   115.6   
8   52.5308   54.5307   54.5309   56.5308   110.136   112.136   112.136   114.136   
9   54.5307   54.5307   54.5309   54.5309   112.136   112.136   112.136   112.136   
# Gamma(0)-->K(2)-->K_prime(4)-->Gamma(6)-->M(9)
