0   0   0   37.6667   37.6667   41.6667   41.6667   41.6667   41.6667   45.6667   45.6667   
1   1   0   37.9346   37.9347   41.3987   41.3988   41.9346   41.9347   45.3987   45.3988   
2   2   0   38.6667   38.6667   40.6667   40.6667   42.6667   42.6667   44.6667   44.6667   
3   3   0   39.6666   39.6666   39.6668   39.6668   43.6666   43.6666   43.6668   43.6668   
4   4   0   38.6667   38.6667   40.6667   40.6667   42.6667   42.6667   44.6667   44.6667   
5   5   0   37.9346   37.9347   41.3987   41.3988   41.9346   41.9347   45.3987   45.3988   

6   0   1   37.9346   37.9347   41.3987   41.3988   41.9346   41.9347   45.3987   45.3988   
7   1   1   38.2026   38.2026   41.6667   41.6667   41.6667   41.6667   45.1308   45.1308   
8   2   1   38.9346   38.9347   40.9346   40.9347   42.3987   42.3988   44.3987   44.3988   
9   3   1   39.9345   39.9346   39.9347   39.9348   43.3986   43.3987   43.3988   43.3989   
10   4   1   38.9346   38.9347   40.9346   40.9347   42.3987   42.3988   44.3987   44.3988   
11   5   1   38.2026   38.2026   41.6667   41.6667   41.6667   41.6667   45.1308   45.1308   

12   0   2   38.6667   38.6667   40.6667   40.6667   42.6667   42.6667   44.6667   44.6667   
13   1   2   38.9346   38.9347   40.9346   40.9347   42.3987   42.3988   44.3987   44.3988   
14   2   2   39.6667   39.6667   41.6667   41.6667   41.6667   41.6667   43.6667   43.6667   
15   3   2   40.6666   40.6666   40.6668   40.6668   42.6666   42.6666   42.6668   42.6668   
16   4   2   39.6667   39.6667   41.6667   41.6667   41.6667   41.6667   43.6667   43.6667   
17   5   2   38.9346   38.9347   40.9346   40.9347   42.3987   42.3988   44.3987   44.3988   

18   0   3   39.6666   39.6666   39.6668   39.6668   43.6666   43.6666   43.6668   43.6668   
19   1   3   39.9345   39.9346   39.9347   39.9347   43.3987   43.3987   43.3988   43.3988   
20   2   3   40.6666   40.6666   40.6668   40.6668   42.6666   42.6666   42.6668   42.6668   
21   3   3   41.6665   41.6665   41.6667   41.6667   41.6667   41.6667   41.6669   41.6669   
22   4   3   40.6666   40.6666   40.6668   40.6668   42.6666   42.6666   42.6668   42.6668   
23   5   3   39.9345   39.9346   39.9347   39.9347   43.3987   43.3987   43.3988   43.3988   

24   0   4   38.6667   38.6667   40.6667   40.6667   42.6667   42.6667   44.6667   44.6667   
25   1   4   38.9346   38.9347   40.9346   40.9347   42.3987   42.3988   44.3987   44.3988   
26   2   4   39.6667   39.6667   41.6667   41.6667   41.6667   41.6667   43.6667   43.6667   
27   3   4   40.6666   40.6666   40.6668   40.6668   42.6666   42.6666   42.6668   42.6668   
28   4   4   39.6667   39.6667   41.6667   41.6667   41.6667   41.6667   43.6667   43.6667   
29   5   4   38.9346   38.9347   40.9346   40.9347   42.3987   42.3988   44.3987   44.3988   

30   0   5   37.9346   37.9347   41.3987   41.3988   41.9346   41.9347   45.3987   45.3988   
31   1   5   38.2026   38.2026   41.6667   41.6667   41.6667   41.6667   45.1308   45.1308   
32   2   5   38.9346   38.9347   40.9346   40.9347   42.3987   42.3988   44.3987   44.3988   
33   3   5   39.9345   39.9346   39.9347   39.9348   43.3986   43.3987   43.3988   43.3989   
34   4   5   38.9346   38.9347   40.9346   40.9347   42.3987   42.3988   44.3987   44.3988   
35   5   5   38.2026   38.2026   41.6667   41.6667   41.6667   41.6667   45.1308   45.1308   

