#kindex  E(k,1)  UP  DOWN  E(k,2)  UP DOWN  .....
0   -1.31228   1   0   2.68772   1   0   2.68772   1   0   6.68772   1   0   326.646   0   1   330.646   0   1   330.646   0   1   334.646   0   1   
1   -0.77638   1   0   2.68772   1   0   2.68772   1   0   6.15182   1   0   327.182   0   1   330.646   0   1   330.646   0   1   334.11   0   1   
2   0.687721   1   0   2.68772   1   0   2.68772   1   0   4.68772   1   0   328.646   0   1   330.646   0   1   330.646   0   1   332.646   0   1   
3   2.68772   1   0   2.68772   1   0   2.68772   1   0   2.68772   1   0   330.646   0   1   330.646   0   1   330.646   0   1   330.646   0   1   
4   1.68772   1   0   1.68772   1   0   3.68772   1   0   3.68772   1   0   329.646   0   1   329.646   0   1   331.646   0   1   331.646   0   1   
5   0.955669   1   0   0.955672   1   0   4.41977   1   0   4.41977   1   0   328.914   0   1   328.914   0   1   332.378   0   1   332.378   0   1   
6   0.68772   1   0   0.687723   1   0   4.68772   1   0   4.68772   1   0   328.646   0   1   328.646   0   1   332.646   0   1   332.646   0   1   
7   -0.312279   1   0   1.68772   1   0   3.68772   1   0   5.68772   1   0   327.646   0   1   329.646   0   1   331.646   0   1   333.646   0   1   
8   -1.04433   1   0   2.41977   1   0   2.95567   1   0   6.41977   1   0   326.914   0   1   330.378   0   1   330.914   0   1   334.378   0   1   
9   -1.31228   1   0   2.68772   1   0   2.68772   1   0   6.68772   1   0   326.646   0   1   330.646   0   1   330.646   0   1   334.646   0   1   
10   -1.04433   1   0   2.41977   1   0   2.95567   1   0   6.41977   1   0   326.914   0   1   330.378   0   1   330.914   0   1   334.378   0   1   
11   -0.312279   1   0   1.68772   1   0   3.68772   1   0   5.68772   1   0   327.646   0   1   329.646   0   1   331.646   0   1   333.646   0   1   
12   0.68772   1   0   0.687723   1   0   4.68772   1   0   4.68772   1   0   328.646   0   1   328.646   0   1   332.646   0   1   332.646   0   1   
13   0.955669   1   0   0.955672   1   0   4.41977   1   0   4.41977   1   0   328.914   0   1   328.914   0   1   332.378   0   1   332.378   0   1   
14   1.68772   1   0   1.68772   1   0   3.68772   1   0   3.68772   1   0   329.646   0   1   329.646   0   1   331.646   0   1   331.646   0   1   
15   2.68772   1   0   2.68772   1   0   2.68772   1   0   2.68772   1   0   330.646   0   1   330.646   0   1   330.646   0   1   330.646   0   1   
16   0.687721   1   0   2.68772   1   0   2.68772   1   0   4.68772   1   0   328.646   0   1   330.646   0   1   330.646   0   1   332.646   0   1   
17   -0.77638   1   0   2.68772   1   0   2.68772   1   0   6.15182   1   0   327.182   0   1   330.646   0   1   330.646   0   1   334.11   0   1   
18   -1.31228   1   0   2.68772   1   0   2.68772   1   0   6.68772   1   0   326.646   0   1   330.646   0   1   330.646   0   1   334.646   0   1   
19   -1.31228   1   0   2.68772   1   0   2.68772   1   0   6.68772   1   0   326.646   0   1   330.646   0   1   330.646   0   1   334.646   0   1   
