0   -4   1.45175e-08   1.66127e-08   4   412.667   416.667   416.667   420.667   
1   -2.73205   -0.732051   0.732051   2.73205   413.935   415.935   417.399   419.399   
2   -2   1.45175e-08   1.66127e-08   2   414.667   416.667   416.667   418.667   
3   9.19114e-09   1.62621e-08   1.69632e-08   1.98438e-08   416.667   416.667   416.667   416.667   
4   -2   1.45175e-08   1.66127e-08   2   414.667   416.667   416.667   418.667   
5   -2.73205   -0.732051   0.732051   2.73205   413.935   415.935   417.399   419.399   
6   -4   1.45175e-08   1.66127e-08   4   412.667   416.667   416.667   420.667   
7   -3.4641   1.45175e-08   1.66127e-08   3.4641   413.203   416.667   416.667   420.131   
8   -2   1.45175e-08   1.66127e-08   2   414.667   416.667   416.667   418.667   
9   9.19114e-09   1.62621e-08   1.69632e-08   1.98438e-08   416.667   416.667   416.667   416.667   
# Gamma(0)-->K(2)-->K_prime(4)-->Gamma(6)-->M(9)
