0   19.4999   21.4999   21.5   23.4999   143.167   145.167   145.167   147.167   
1   18.7679   20.7679   22.232   24.232   142.435   144.435   145.899   147.899   
2   17.4999   21.4999   21.5   25.4999   141.167   145.167   145.167   149.167   
3   18.7679   20.7679   22.232   24.232   142.435   144.435   145.899   147.899   
4   19.4999   21.4999   21.5   23.4999   143.167   145.167   145.167   147.167   
5   21.4999   21.4999   21.4999   21.5   145.167   145.167   145.167   145.167   
6   19.4999   21.4999   21.5   23.4999   143.167   145.167   145.167   147.167   
7   18.4999   20.4999   22.4999   24.4999   142.167   144.167   146.167   148.167   
8   18.4999   20.4999   22.4999   24.4999   142.167   144.167   146.167   148.167   
9   19.4999   21.4999   21.5   23.4999   143.167   145.167   145.167   147.167   
