0   149.565   151.564   151.567   153.565   179.768   181.766   181.77   183.768   
1   148.833   150.833   152.297   154.297   179.036   181.036   182.5   184.5   
2   147.565   151.564   151.567   155.565   177.768   181.766   181.77   185.768   
3   148.833   150.833   152.297   154.297   179.036   181.036   182.5   184.5   
4   149.565   151.564   151.567   153.565   179.768   181.766   181.77   183.768   
5   151.563   151.563   151.564   151.571   181.762   181.77   181.77   181.771   
6   149.565   151.564   151.567   153.565   179.768   181.766   181.77   183.768   
7   148.565   150.565   152.565   154.565   178.768   180.768   182.768   184.768   
8   148.565   150.565   152.565   154.565   178.768   180.768   182.768   184.768   
9   149.565   151.564   151.567   153.565   179.768   181.766   181.77   183.768   
