0   -2   -5.10961e-16   9.61989e-16   2   414.667   416.667   416.667   418.667   
1   -2.73205   -0.732051   0.732051   2.73205   413.935   415.935   417.399   419.399   
2   -4   -1.2837e-16   -4.25833e-22   4   412.667   416.667   416.667   420.667   
3   -2.73205   -0.732051   0.732051   2.73205   413.935   415.935   417.399   419.399   
4   -2   -9.10895e-16   3.66192e-16   2   414.667   416.667   416.667   418.667   
5   -2.4493e-16   -4.25833e-22   -3.72127e-22   2.44929e-16   416.667   416.667   416.667   416.667   
6   -2   -5.10961e-16   9.61989e-16   2   414.667   416.667   416.667   418.667   
7   -3   -1   1   3   413.667   415.667   417.667   419.667   
8   -3   -1   1   3   413.667   415.667   417.667   419.667   
9   -2   -5.10961e-16   9.61989e-16   2   414.667   416.667   416.667   418.667   
