#kindex  E(k,1)  UP  DOWN  E(k,2)  UP DOWN  .....
0   -4   1   0   -2.36283e-11   1   0   -2.0648e-11   1   0   4   1   0   412.666   0   1   416.666   0   1   416.666   0   1   420.666   0   1   
1   -3.4641   1   0   -2.36283e-11   1   0   -2.06481e-11   1   0   3.4641   1   0   413.202   0   1   416.666   0   1   416.666   0   1   420.131   0   1   
2   -2   1   0   -2.36286e-11   1   0   -2.06489e-11   1   0   2   1   0   414.666   0   1   416.666   0   1   416.666   0   1   418.666   0   1   
3   -2.82241e-11   1   0   -2.4127e-11   1   0   -2.31297e-11   1   0   -1.30727e-11   1   0   416.666   0   1   416.666   0   1   416.666   0   1   416.666   0   1   
4   -1   1   0   -1   1   0   1   1   0   1   1   0   415.666   0   1   415.666   0   1   417.666   0   1   417.666   0   1   
5   -1.73205   1   0   -1.73205   1   0   1.73205   1   0   1.73205   1   0   414.934   0   1   414.934   0   1   418.398   0   1   418.398   0   1   
6   -2   1   0   -2   1   0   2   1   0   2   1   0   414.666   0   1   414.666   0   1   418.666   0   1   418.666   0   1   
7   -3   1   0   -1   1   0   1   1   0   3   1   0   413.666   0   1   415.666   0   1   417.666   0   1   419.666   0   1   
8   -3.73205   1   0   -0.267949   1   0   0.267949   1   0   3.73205   1   0   412.934   0   1   416.398   0   1   416.934   0   1   420.398   0   1   
9   -4   1   0   -2.36283e-11   1   0   -2.0648e-11   1   0   4   1   0   412.666   0   1   416.666   0   1   416.666   0   1   420.666   0   1   
10   -3.73205   1   0   -0.267949   1   0   0.267949   1   0   3.73205   1   0   412.934   0   1   416.398   0   1   416.934   0   1   420.398   0   1   
11   -3   1   0   -1   1   0   1   1   0   3   1   0   413.666   0   1   415.666   0   1   417.666   0   1   419.666   0   1   
12   -2   1   0   -2   1   0   2   1   0   2   1   0   414.666   0   1   414.666   0   1   418.666   0   1   418.666   0   1   
13   -1.73205   1   0   -1.73205   1   0   1.73205   1   0   1.73205   1   0   414.934   0   1   414.934   0   1   418.398   0   1   418.398   0   1   
14   -1   1   0   -1   1   0   1   1   0   1   1   0   415.666   0   1   415.666   0   1   417.666   0   1   417.666   0   1   
15   -2.82241e-11   1   0   -2.4127e-11   1   0   -2.31297e-11   1   0   -1.30727e-11   1   0   416.666   0   1   416.666   0   1   416.666   0   1   416.666   0   1   
16   -2   1   0   -2.36286e-11   1   0   -2.06489e-11   1   0   2   1   0   414.666   0   1   416.666   0   1   416.666   0   1   418.666   0   1   
17   -3.4641   1   0   -2.36283e-11   1   0   -2.06481e-11   1   0   3.4641   1   0   413.202   0   1   416.666   0   1   416.666   0   1   420.131   0   1   
18   -4   1   0   -2.36283e-11   1   0   -2.0648e-11   1   0   4   1   0   412.666   0   1   416.666   0   1   416.666   0   1   420.666   0   1   
19   -4   1   0   -2.36283e-11   1   0   -2.0648e-11   1   0   4   1   0   412.666   0   1   416.666   0   1   416.666   0   1   420.666   0   1   
