0   0   0   -2.0654   -2.0654   -1.41542   -1.41542   -1.4154   -1.4154   -9.4299e-16   3.07516e-15   0.144291   0.144291   1.41274   1.41274   1.41275   1.41275   1.91584   1.91584   13.6095   13.6095   13.7565   13.7565   13.7565   13.7565   13.9034   13.9034   
1   1   0   -2.04975   -2.04975   -1.4323   -1.43228   -1.39864   -1.39862   -0.0362806   -0.0362798   0.144292   0.144292   1.3933   1.39332   1.43262   1.43264   1.93688   1.93688   13.6095   13.6095   13.7561   13.7561   13.7569   13.7569   13.9026   13.9026   
2   2   0   -2.01554   -2.01554   -1.46901   -1.469   -1.36297   -1.36296   -0.108834   -0.108833   0.144292   0.144292   1.35853   1.35854   1.47029   1.4703   1.97489   1.97489   13.6095   13.6095   13.7553   13.7553   13.7576   13.7576   13.9011   13.9011   
3   3   0   -1.99657   -1.99657   -1.48925   -1.48925   -1.34391   -1.34391   -0.145403   -0.145403   0.144292   0.144292   1.34274   1.34274   1.4882   1.4882   1.99232   1.99232   13.6095   13.6095   13.7549   13.7549   13.7581   13.7581   13.9003   13.9003   
4   4   0   -2.01554   -2.01554   -1.46901   -1.469   -1.36297   -1.36296   -0.108834   -0.108833   0.144292   0.144292   1.35853   1.35854   1.47029   1.4703   1.97489   1.97489   13.6095   13.6095   13.7553   13.7553   13.7576   13.7576   13.9011   13.9011   
5   5   0   -2.04975   -2.04975   -1.4323   -1.43228   -1.39864   -1.39862   -0.0362806   -0.0362798   0.144292   0.144292   1.3933   1.39332   1.43262   1.43264   1.93688   1.93688   13.6095   13.6095   13.7561   13.7561   13.7569   13.7569   13.9026   13.9026   

6   0   1   -2.04975   -2.04975   -1.4323   -1.43229   -1.39863   -1.39862   -0.036281   -0.0362802   0.144292   0.144292   1.3933   1.39332   1.43263   1.43264   1.93688   1.93688   13.6095   13.6095   13.7561   13.7561   13.7569   13.7569   13.9026   13.9026   
7   1   1   -2.03416   -2.03416   -1.41566   -1.41565   -1.41517   -1.41516   -0.0722301   -0.0722301   0.144292   0.144292   1.41247   1.41248   1.41301   1.41302   1.95834   1.95834   13.6095   13.6095   13.7564   13.7564   13.7565   13.7565   13.9018   13.9018   
8   2   1   -2.00008   -2.00008   -1.4519   -1.45189   -1.3795   -1.37949   -0.144271   -0.144271   0.144292   0.144292   1.37721   1.37722   1.4496   1.44961   1.99704   1.99704   13.6095   13.6095   13.7557   13.7557   13.7573   13.7573   13.9003   13.9003   
9   3   1   -1.98119   -1.98119   -1.472   -1.472   -1.36028   -1.36028   -0.180656   -0.180656   0.144292   0.144292   1.36109   1.36109   1.46715   1.46715   2.01477   2.01477   13.6095   13.6095   13.7553   13.7553   13.7577   13.7577   13.8996   13.8996   
10   4   1   -2.00008   -2.00008   -1.4519   -1.45189   -1.3795   -1.37949   -0.144271   -0.14427   0.144291   0.144291   1.37721   1.37722   1.4496   1.44961   1.99704   1.99704   13.6095   13.6095   13.7557   13.7557   13.7573   13.7573   13.9003   13.9003   
11   5   1   -2.03416   -2.03416   -1.41551   -1.4155   -1.41532   -1.41531   -0.0722296   -0.0722295   0.144292   0.144292   1.41264   1.41265   1.41284   1.41286   1.95834   1.95834   13.6095   13.6095   13.7564   13.7564   13.7565   13.7565   13.9018   13.9018   

12   0   2   -2.01554   -2.01554   -1.46901   -1.46901   -1.36296   -1.36296   -0.108835   -0.108834   0.144292   0.144292   1.35853   1.35854   1.47029   1.4703   1.97489   1.97489   13.6095   13.6095   13.7553   13.7553   13.7576   13.7577   13.9011   13.9011   
13   1   2   -2.00008   -2.00008   -1.4519   -1.45189   -1.3795   -1.37949   -0.144272   -0.144271   0.144292   0.144292   1.37721   1.37722   1.4496   1.44961   1.99704   1.99704   13.6095   13.6095   13.7557   13.7557   13.7573   13.7573   13.9003   13.9003   
14   2   2   -1.96634   -1.96634   -1.41568   -1.41568   -1.41514   -1.41513   -0.215567   -0.215567   0.144292   0.144292   1.4125   1.4125   1.41299   1.41299   2.03687   2.03687   13.6095   13.6095   13.7564   13.7564   13.7565   13.7565   13.8988   13.8988   
15   3   2   -1.94768   -1.94768   -1.43518   -1.43518   -1.39585   -1.39585   -0.251719   -0.251719   0.144291   0.144291   1.39605   1.39605   1.4297   1.4297   2.05506   2.05506   13.6095   13.6095   13.7561   13.7561   13.7569   13.7569   13.8981   13.8981   
16   4   2   -1.96634   -1.96634   -1.41551   -1.41551   -1.41531   -1.4153   -0.215567   -0.215567   0.144291   0.144291   1.41265   1.41265   1.41284   1.41284   2.03687   2.03687   13.6095   13.6095   13.7564   13.7564   13.7565   13.7565   13.8988   13.8988   
17   5   2   -2.00008   -2.00008   -1.4519   -1.45189   -1.3795   -1.37949   -0.144271   -0.144271   0.144292   0.144292   1.37721   1.37722   1.4496   1.44961   1.99704   1.99704   13.6095   13.6095   13.7557   13.7557   13.7573   13.7573   13.9003   13.9003   

18   0   3   -1.99657   -1.99657   -1.48925   -1.48925   -1.34391   -1.34391   -0.145404   -0.145404   0.144293   0.144293   1.34274   1.34274   1.4882   1.4882   1.99232   1.99232   13.6095   13.6095   13.7549   13.7549   13.7581   13.7581   13.9003   13.9003   
19   1   3   -1.98119   -1.98119   -1.472   -1.472   -1.36028   -1.36028   -0.180656   -0.180656   0.144292   0.144292   1.36109   1.36109   1.46715   1.46715   2.01477   2.01477   13.6095   13.6095   13.7553   13.7553   13.7577   13.7577   13.8996   13.8996   
20   2   3   -1.94768   -1.94768   -1.43518   -1.43518   -1.39585   -1.39585   -0.251719   -0.251719   0.144292   0.144292   1.39605   1.39605   1.4297   1.4297   2.05506   2.05506   13.6095   13.6095   13.7561   13.7561   13.7569   13.7569   13.8981   13.8981   
21   3   3   -1.92916   -1.92916   -1.41541   -1.41541   -1.41541   -1.41541   -0.287825   -0.287825   0.144291   0.144291   1.41274   1.41274   1.41275   1.41275   2.07345   2.07345   13.6095   13.6095   13.7565   13.7565   13.7565   13.7565   13.8973   13.8973   
22   4   3   -1.94768   -1.94768   -1.43518   -1.43518   -1.39585   -1.39585   -0.251719   -0.251719   0.144292   0.144292   1.39605   1.39605   1.4297   1.4297   2.05506   2.05506   13.6095   13.6095   13.7561   13.7561   13.7569   13.7569   13.8981   13.8981   
23   5   3   -1.98119   -1.98119   -1.472   -1.472   -1.36028   -1.36028   -0.180656   -0.180656   0.144292   0.144292   1.36109   1.36109   1.46715   1.46715   2.01477   2.01477   13.6095   13.6095   13.7553   13.7553   13.7577   13.7577   13.8996   13.8996   

24   0   4   -2.01554   -2.01554   -1.46901   -1.46901   -1.36296   -1.36296   -0.108835   -0.108834   0.144292   0.144292   1.35853   1.35854   1.47029   1.4703   1.97489   1.97489   13.6095   13.6095   13.7553   13.7553   13.7576   13.7577   13.9011   13.9011   
25   1   4   -2.00008   -2.00008   -1.4519   -1.45189   -1.3795   -1.37949   -0.144271   -0.144271   0.144292   0.144292   1.37721   1.37722   1.4496   1.44961   1.99704   1.99704   13.6095   13.6095   13.7557   13.7557   13.7573   13.7573   13.9003   13.9003   
26   2   4   -1.96634   -1.96634   -1.41552   -1.41551   -1.41531   -1.4153   -0.215567   -0.215567   0.144291   0.144291   1.41265   1.41265   1.41284   1.41284   2.03687   2.03687   13.6095   13.6095   13.7564   13.7564   13.7565   13.7565   13.8988   13.8988   
27   3   4   -1.94768   -1.94768   -1.43518   -1.43518   -1.39585   -1.39585   -0.251719   -0.251719   0.144291   0.144291   1.39605   1.39605   1.4297   1.4297   2.05506   2.05506   13.6095   13.6095   13.7561   13.7561   13.7569   13.7569   13.8981   13.8981   
28   4   4   -1.96634   -1.96634   -1.41568   -1.41568   -1.41514   -1.41513   -0.215567   -0.215567   0.144292   0.144292   1.4125   1.4125   1.41299   1.41299   2.03687   2.03687   13.6095   13.6095   13.7564   13.7564   13.7565   13.7565   13.8988   13.8988   
29   5   4   -2.00008   -2.00008   -1.4519   -1.45189   -1.3795   -1.37949   -0.144272   -0.144271   0.144292   0.144292   1.37721   1.37722   1.4496   1.44961   1.99704   1.99704   13.6095   13.6095   13.7557   13.7557   13.7573   13.7573   13.9003   13.9003   

30   0   5   -2.04975   -2.04975   -1.4323   -1.43229   -1.39863   -1.39862   -0.036281   -0.0362802   0.144292   0.144292   1.3933   1.39332   1.43263   1.43264   1.93688   1.93688   13.6095   13.6095   13.7561   13.7561   13.7569   13.7569   13.9026   13.9026   
31   1   5   -2.03416   -2.03416   -1.41551   -1.4155   -1.41532   -1.41531   -0.0722296   -0.0722296   0.144292   0.144292   1.41263   1.41265   1.41284   1.41286   1.95834   1.95834   13.6095   13.6095   13.7564   13.7564   13.7565   13.7565   13.9018   13.9018   
32   2   5   -2.00008   -2.00008   -1.4519   -1.45189   -1.3795   -1.37949   -0.144271   -0.14427   0.144291   0.144291   1.37721   1.37722   1.4496   1.44961   1.99704   1.99704   13.6095   13.6095   13.7557   13.7557   13.7573   13.7573   13.9003   13.9003   
33   3   5   -1.98119   -1.98119   -1.472   -1.472   -1.36028   -1.36028   -0.180656   -0.180656   0.144292   0.144292   1.36109   1.36109   1.46715   1.46715   2.01477   2.01477   13.6095   13.6095   13.7553   13.7553   13.7577   13.7577   13.8996   13.8996   
34   4   5   -2.00008   -2.00008   -1.4519   -1.45189   -1.3795   -1.37949   -0.144271   -0.14427   0.144292   0.144292   1.37721   1.37722   1.4496   1.44961   1.99704   1.99704   13.6095   13.6095   13.7557   13.7557   13.7573   13.7573   13.9003   13.9003   
35   5   5   -2.03416   -2.03416   -1.41566   -1.41565   -1.41517   -1.41516   -0.0722301   -0.0722301   0.144292   0.144292   1.41247   1.41248   1.41301   1.41302   1.95834   1.95834   13.6095   13.6095   13.7564   13.7564   13.7565   13.7565   13.9018   13.9018   

