0   164.666   164.667   166.666   166.666   166.667   166.667   168.666   168.667   
1   163.934   163.935   165.934   165.935   167.398   167.399   169.398   169.399   
2   162.666   162.667   166.666   166.666   166.667   166.667   170.666   170.667   
3   163.934   163.935   165.934   165.935   167.398   167.399   169.398   169.399   
4   164.666   164.667   166.666   166.666   166.667   166.667   168.666   168.667   
5   166.664   166.665   166.666   166.666   166.667   166.667   166.669   166.669   
6   164.666   164.667   166.666   166.666   166.667   166.667   168.666   168.667   
7   163.666   163.667   165.666   165.667   167.666   167.667   169.666   169.667   
8   163.666   163.667   165.666   165.667   167.666   167.667   169.666   169.667   
9   164.666   164.667   166.666   166.666   166.667   166.667   168.666   168.667   
