#kindex  E(k,1)  UP  DOWN  E(k,2)  UP DOWN  .....
0   -2.98762   1   0   1.01238   1   0   1.01238   1   0   5.01238   1   0   161.654   0   1   165.654   0   1   165.654   0   1   169.654   0   1   
1   -2.45172   1   0   1.01238   1   0   1.01238   1   0   4.47648   1   0   162.19   0   1   165.654   0   1   165.654   0   1   169.118   0   1   
2   -0.987621   1   0   1.01238   1   0   1.01238   1   0   3.01238   1   0   163.654   0   1   165.654   0   1   165.654   0   1   167.654   0   1   
3   1.01238   1   0   1.01238   1   0   1.01238   1   0   1.01238   1   0   165.654   0   1   165.654   0   1   165.654   0   1   165.654   0   1   
4   0.0123787   1   0   0.0123791   1   0   2.01238   1   0   2.01238   1   0   164.654   0   1   164.654   0   1   166.654   0   1   166.654   0   1   
5   -0.719672   1   0   -0.719672   1   0   2.74443   1   0   2.74443   1   0   163.922   0   1   163.922   0   1   167.386   0   1   167.386   0   1   
6   -0.987621   1   0   -0.987621   1   0   3.01238   1   0   3.01238   1   0   163.654   0   1   163.654   0   1   167.654   0   1   167.654   0   1   
7   -1.98762   1   0   0.0123789   1   0   2.01238   1   0   4.01238   1   0   162.654   0   1   164.654   0   1   166.654   0   1   168.654   0   1   
8   -2.71967   1   0   0.74443   1   0   1.28033   1   0   4.74443   1   0   161.922   0   1   165.386   0   1   165.922   0   1   169.386   0   1   
9   -2.98762   1   0   1.01238   1   0   1.01238   1   0   5.01238   1   0   161.654   0   1   165.654   0   1   165.654   0   1   169.654   0   1   
10   -2.71967   1   0   0.74443   1   0   1.28033   1   0   4.74443   1   0   161.922   0   1   165.386   0   1   165.922   0   1   169.386   0   1   
11   -1.98762   1   0   0.0123789   1   0   2.01238   1   0   4.01238   1   0   162.654   0   1   164.654   0   1   166.654   0   1   168.654   0   1   
12   -0.987621   1   0   -0.987621   1   0   3.01238   1   0   3.01238   1   0   163.654   0   1   163.654   0   1   167.654   0   1   167.654   0   1   
13   -0.719672   1   0   -0.719672   1   0   2.74443   1   0   2.74443   1   0   163.922   0   1   163.922   0   1   167.386   0   1   167.386   0   1   
14   0.0123787   1   0   0.0123791   1   0   2.01238   1   0   2.01238   1   0   164.654   0   1   164.654   0   1   166.654   0   1   166.654   0   1   
15   1.01238   1   0   1.01238   1   0   1.01238   1   0   1.01238   1   0   165.654   0   1   165.654   0   1   165.654   0   1   165.654   0   1   
16   -0.987621   1   0   1.01238   1   0   1.01238   1   0   3.01238   1   0   163.654   0   1   165.654   0   1   165.654   0   1   167.654   0   1   
17   -2.45172   1   0   1.01238   1   0   1.01238   1   0   4.47648   1   0   162.19   0   1   165.654   0   1   165.654   0   1   169.118   0   1   
18   -2.98762   1   0   1.01238   1   0   1.01238   1   0   5.01238   1   0   161.654   0   1   165.654   0   1   165.654   0   1   169.654   0   1   
19   -2.98762   1   0   1.01238   1   0   1.01238   1   0   5.01238   1   0   161.654   0   1   165.654   0   1   165.654   0   1   169.654   0   1   
