#kindex  E(k,1)  UP  DOWN  E(k,2)  UP DOWN  .....
0   52.2261   1   0   56.2261   1   0   56.2261   1   0   60.2261   1   0   356.44   0   1   360.44   0   1   360.44   0   1   364.44   0   1   
1   52.762   1   0   56.2261   1   0   56.2261   1   0   59.6902   1   0   356.976   0   1   360.44   0   1   360.44   0   1   363.904   0   1   
2   54.2261   1   0   56.2261   1   0   56.2261   1   0   58.2261   1   0   358.44   0   1   360.44   0   1   360.44   0   1   362.44   0   1   
3   56.2261   1   0   56.2261   1   0   56.2261   1   0   56.2261   1   0   360.44   0   1   360.44   0   1   360.44   0   1   360.44   0   1   
4   55.2261   1   0   55.2261   1   0   57.2261   1   0   57.2261   1   0   359.44   0   1   359.44   0   1   361.44   0   1   361.44   0   1   
5   54.494   1   0   54.4941   1   0   57.9581   1   0   57.9582   1   0   358.708   0   1   358.708   0   1   362.172   0   1   362.172   0   1   
6   54.2261   1   0   54.2261   1   0   58.2261   1   0   58.2261   1   0   358.44   0   1   358.44   0   1   362.44   0   1   362.44   0   1   
7   53.2261   1   0   55.2261   1   0   57.2261   1   0   59.2261   1   0   357.44   0   1   359.44   0   1   361.44   0   1   363.44   0   1   
8   52.494   1   0   55.9581   1   0   56.494   1   0   59.9581   1   0   356.708   0   1   360.172   0   1   360.708   0   1   364.172   0   1   
9   52.2261   1   0   56.2261   1   0   56.2261   1   0   60.2261   1   0   356.44   0   1   360.44   0   1   360.44   0   1   364.44   0   1   
10   52.494   1   0   55.9581   1   0   56.494   1   0   59.9581   1   0   356.708   0   1   360.172   0   1   360.708   0   1   364.172   0   1   
11   53.2261   1   0   55.2261   1   0   57.2261   1   0   59.2261   1   0   357.44   0   1   359.44   0   1   361.44   0   1   363.44   0   1   
12   54.2261   1   0   54.2261   1   0   58.2261   1   0   58.2261   1   0   358.44   0   1   358.44   0   1   362.44   0   1   362.44   0   1   
13   54.494   1   0   54.4941   1   0   57.9581   1   0   57.9582   1   0   358.708   0   1   358.708   0   1   362.172   0   1   362.172   0   1   
14   55.2261   1   0   55.2261   1   0   57.2261   1   0   57.2261   1   0   359.44   0   1   359.44   0   1   361.44   0   1   361.44   0   1   
15   56.2261   1   0   56.2261   1   0   56.2261   1   0   56.2261   1   0   360.44   0   1   360.44   0   1   360.44   0   1   360.44   0   1   
16   54.2261   1   0   56.2261   1   0   56.2261   1   0   58.2261   1   0   358.44   0   1   360.44   0   1   360.44   0   1   362.44   0   1   
17   52.762   1   0   56.2261   1   0   56.2261   1   0   59.6902   1   0   356.976   0   1   360.44   0   1   360.44   0   1   363.904   0   1   
18   52.2261   1   0   56.2261   1   0   56.2261   1   0   60.2261   1   0   356.44   0   1   360.44   0   1   360.44   0   1   364.44   0   1   
19   52.2261   1   0   56.2261   1   0   56.2261   1   0   60.2261   1   0   356.44   0   1   360.44   0   1   360.44   0   1   364.44   0   1   
