0   -0.987621   1.01238   1.01238   3.01238   163.654   165.654   165.654   167.654   
1   -1.71967   0.280328   1.74443   3.74443   162.922   164.922   166.386   168.386   
2   -2.98762   1.01238   1.01238   5.01238   161.654   165.654   165.654   169.654   
3   -1.71967   0.280328   1.74443   3.74443   162.922   164.922   166.386   168.386   
4   -0.987621   1.01238   1.01238   3.01238   163.654   165.654   165.654   167.654   
5   1.01238   1.01238   1.01238   1.01238   165.654   165.654   165.654   165.654   
6   -0.987621   1.01238   1.01238   3.01238   163.654   165.654   165.654   167.654   
7   -1.98762   0.0123789   2.01238   4.01238   162.654   164.654   166.654   168.654   
8   -1.98762   0.0123789   2.01238   4.01238   162.654   164.654   166.654   168.654   
9   -0.987621   1.01238   1.01238   3.01238   163.654   165.654   165.654   167.654   
