0   16.1176   18.1176   18.1176   20.1176   63.2157   65.2157   65.2157   67.2157   
1   15.3856   17.3856   18.8497   20.8497   62.4837   64.4837   65.9478   67.9478   
2   14.1176   18.1176   18.1176   22.1176   61.2157   65.2157   65.2157   69.2157   
3   15.3856   17.3856   18.8497   20.8497   62.4837   64.4837   65.9478   67.9478   
4   16.1176   18.1176   18.1176   20.1176   63.2157   65.2157   65.2157   67.2157   
5   18.1176   18.1176   18.1176   18.1176   65.2157   65.2157   65.2157   65.2158   
6   16.1176   18.1176   18.1176   20.1176   63.2157   65.2157   65.2157   67.2157   
7   15.1176   17.1176   19.1176   21.1176   62.2157   64.2157   66.2157   68.2157   
8   15.1176   17.1176   19.1176   21.1176   62.2157   64.2157   66.2157   68.2157   
9   16.1176   18.1176   18.1176   20.1176   63.2157   65.2157   65.2157   67.2157   
