0   -1.12519   -1.12518   0.361261   0.361262   9.63874   9.63874   11.1252   11.1252   
1   -0.383494   -0.383493   0.303853   0.303854   9.69615   9.69615   10.3835   10.3835   
2   -0.0515247   -0.0515238   0.361261   0.361262   9.63874   9.63874   10.0515   10.0515   
3   0.361259   0.361261   0.361263   0.361263   9.63874   9.63874   9.63874   9.63874   
4   -0.0515247   -0.0515238   0.361261   0.361262   9.63874   9.63874   10.0515   10.0515   
5   -0.383494   -0.383493   0.303853   0.303854   9.69615   9.69615   10.3835   10.3835   
6   -1.12519   -1.12518   0.361261   0.361262   9.63874   9.63874   11.1252   11.1252   
7   -0.789465   -0.789464   0.361261   0.361262   9.63874   9.63874   10.7895   10.7895   
8   -0.0515247   -0.0515238   0.361261   0.361262   9.63874   9.63874   10.0515   10.0515   
9   0.361259   0.361261   0.361263   0.361263   9.63874   9.63874   9.63874   9.63874   
# Gamma(0)-->K(2)-->K_prime(4)-->Gamma(6)-->M(9)
