0   6.5555   10.5555   10.5555   14.5555   152.111   156.111   156.111   160.111   
1   7.82344   9.82344   11.2875   13.2875   153.379   155.379   156.843   158.843   
2   8.5555   10.5555   10.5555   12.5555   154.111   156.111   156.111   158.111   
3   10.5555   10.5555   10.5555   10.5555   156.111   156.111   156.111   156.111   
4   8.5555   10.5555   10.5555   12.5555   154.111   156.111   156.111   158.111   
5   7.82344   9.82344   11.2875   13.2875   153.379   155.379   156.843   158.843   
6   6.5555   10.5555   10.5555   14.5555   152.111   156.111   156.111   160.111   
7   7.09139   10.5555   10.5555   14.0196   152.647   156.111   156.111   159.575   
8   8.5555   10.5555   10.5555   12.5555   154.111   156.111   156.111   158.111   
9   10.5555   10.5555   10.5555   10.5555   156.111   156.111   156.111   156.111   
# Gamma(0)-->K(2)-->K_prime(4)-->Gamma(6)-->M(9)
