0   79.7745   81.7745   81.7746   83.7745   249.559   251.559   251.559   253.559   
1   79.0425   81.0425   82.5066   84.5066   248.827   250.827   252.291   254.291   
2   77.7745   81.7745   81.7746   85.7745   247.559   251.559   251.559   255.559   
3   79.0425   81.0425   82.5066   84.5066   248.827   250.827   252.291   254.291   
4   79.7745   81.7745   81.7746   83.7745   249.559   251.559   251.559   253.559   
5   81.7744   81.7745   81.7745   81.7746   251.559   251.559   251.559   251.559   
6   79.7745   81.7745   81.7746   83.7745   249.559   251.559   251.559   253.559   
7   78.7745   80.7745   82.7745   84.7745   248.559   250.559   252.559   254.559   
8   78.7745   80.7745   82.7745   84.7745   248.559   250.559   252.559   254.559   
9   79.7745   81.7745   81.7746   83.7745   249.559   251.559   251.559   253.559   
