0   52.5308   54.5307   54.5309   56.5308   110.136   112.136   112.136   114.136   
1   51.7987   53.7987   55.2628   57.2628   109.404   111.404   112.868   114.868   
2   50.5308   54.5307   54.5309   58.5308   108.136   112.136   112.136   116.136   
3   51.7987   53.7987   55.2628   57.2628   109.404   111.404   112.868   114.868   
4   52.5308   54.5307   54.5309   56.5308   110.136   112.136   112.136   114.136   
5   54.5307   54.5307   54.5309   54.5309   112.136   112.136   112.136   112.136   
6   52.5308   54.5307   54.5309   56.5308   110.136   112.136   112.136   114.136   
7   51.5308   53.5308   55.5308   57.5308   109.136   111.136   113.136   115.136   
8   51.5308   53.5308   55.5308   57.5308   109.136   111.136   113.136   115.136   
9   52.5308   54.5307   54.5309   56.5308   110.136   112.136   112.136   114.136   
