#kindex  E(k,1)  UP  DOWN  E(k,2)  UP DOWN  .....
0   37.6667   1   0   37.6667   0   1   41.6667   1   0   41.6667   0   1   41.6667   1   0   41.6667   0   1   45.6667   1   0   45.6667   0   1   
1   38.2026   1   0   38.2026   0   1   41.6667   1   0   41.6667   0   1   41.6667   1   0   41.6667   0   1   45.1308   1   0   45.1308   0   1   
2   39.6667   1   0   39.6667   0   1   41.6667   1   0   41.6667   0   1   41.6667   1   0   41.6667   0   1   43.6667   1   0   43.6667   0   1   
3   41.6666   1   0   41.6667   0   1   41.6667   0   1   41.6667   0   1   41.6667   1   0   41.6667   1   0   41.6667   1   0   41.6667   0   1   
4   40.6667   1   0   40.6667   0   1   40.6667   1   0   40.6667   0   1   42.6667   1   0   42.6667   0   1   42.6667   1   0   42.6667   0   1   
5   39.9346   1   0   39.9346   0   1   39.9346   1   0   39.9346   0   1   43.3987   1   0   43.3987   0   1   43.3987   1   0   43.3987   0   1   
6   39.6667   1   0   39.6667   0   1   39.6667   1   0   39.6667   0   1   43.6667   1   0   43.6667   0   1   43.6667   1   0   43.6667   0   1   
7   38.6667   1   0   38.6667   0   1   40.6667   1   0   40.6667   0   1   42.6667   1   0   42.6667   0   1   44.6667   1   0   44.6667   0   1   
8   37.9346   1   0   37.9346   0   1   41.3987   1   0   41.3987   0   1   41.9346   1   0   41.9346   0   1   45.3987   1   0   45.3987   0   1   
9   37.6667   1   0   37.6667   0   1   41.6667   1   0   41.6667   0   1   41.6667   1   0   41.6667   0   1   45.6667   1   0   45.6667   0   1   
10   37.9346   1   0   37.9346   0   1   41.3987   1   0   41.3987   0   1   41.9346   1   0   41.9346   0   1   45.3987   1   0   45.3987   0   1   
11   38.6667   1   0   38.6667   0   1   40.6667   1   0   40.6667   0   1   42.6667   1   0   42.6667   0   1   44.6667   1   0   44.6667   0   1   
12   39.6667   1   0   39.6667   0   1   39.6667   1   0   39.6667   0   1   43.6667   1   0   43.6667   0   1   43.6667   1   0   43.6667   0   1   
13   39.9346   1   0   39.9346   0   1   39.9346   1   0   39.9346   0   1   43.3987   1   0   43.3987   0   1   43.3987   1   0   43.3987   0   1   
14   40.6667   1   0   40.6667   0   1   40.6667   1   0   40.6667   0   1   42.6667   1   0   42.6667   0   1   42.6667   1   0   42.6667   0   1   
15   41.6666   1   0   41.6667   0   1   41.6667   0   1   41.6667   0   1   41.6667   1   0   41.6667   1   0   41.6667   1   0   41.6667   0   1   
16   39.6667   1   0   39.6667   0   1   41.6667   1   0   41.6667   0   1   41.6667   1   0   41.6667   0   1   43.6667   1   0   43.6667   0   1   
17   38.2026   1   0   38.2026   0   1   41.6667   1   0   41.6667   0   1   41.6667   1   0   41.6667   0   1   45.1308   1   0   45.1308   0   1   
18   37.6667   1   0   37.6667   0   1   41.6667   1   0   41.6667   0   1   41.6667   1   0   41.6667   0   1   45.6667   1   0   45.6667   0   1   
19   37.6667   1   0   37.6667   0   1   41.6667   1   0   41.6667   0   1   41.6667   1   0   41.6667   0   1   45.6667   1   0   45.6667   0   1   
