0   0   0   -1.12519   -1.12518   0.361261   0.361262   9.63874   9.63874   11.1252   11.1252   
1   1   0   -0.953663   -0.953662   0.353528   0.353529   9.64647   9.64647   10.9537   10.9537   
2   2   0   -0.524301   -0.5243   0.254697   0.254698   9.7453   9.7453   10.5243   10.5243   
3   3   0   -0.0515267   -0.0515248   -0.0515227   -0.0515226   10.0515   10.0515   10.0515   10.0515   
4   4   0   -0.524301   -0.5243   0.254697   0.254698   9.7453   9.7453   10.5243   10.5243   
5   5   0   -0.953663   -0.953662   0.353528   0.353529   9.64647   9.64647   10.9537   10.9537   

6   0   1   -0.953663   -0.953662   0.353528   0.353529   9.64647   9.64647   10.9537   10.9537   
7   1   1   -0.789465   -0.789464   0.361261   0.361262   9.63874   9.63874   10.7895   10.7895   
8   2   1   -0.383494   -0.383493   0.303853   0.303854   9.69615   9.69615   10.3835   10.3835   
9   3   1   0.0484425   0.0484444   0.0484465   0.0484466   9.95155   9.95155   9.95156   9.95156   
10   4   1   -0.383494   -0.383493   0.303853   0.303854   9.69615   9.69615   10.3835   10.3835   
11   5   1   -0.789465   -0.789464   0.361261   0.361262   9.63874   9.63874   10.7895   10.7895   

12   0   2   -0.524301   -0.5243   0.254697   0.254698   9.7453   9.7453   10.5243   10.5243   
13   1   2   -0.383494   -0.383493   0.303853   0.303854   9.69615   9.69615   10.3835   10.3835   
14   2   2   -0.0515247   -0.0515238   0.361261   0.361262   9.63874   9.63874   10.0515   10.0515   
15   3   2   0.254695   0.254697   0.254699   0.254699   9.7453   9.7453   9.7453   9.74531   
16   4   2   -0.0515247   -0.0515238   0.361261   0.361262   9.63874   9.63874   10.0515   10.0515   
17   5   2   -0.383494   -0.383493   0.303853   0.303854   9.69615   9.69615   10.3835   10.3835   

18   0   3   -0.0515266   -0.0515247   -0.0515228   -0.0515227   10.0515   10.0515   10.0515   10.0515   
19   1   3   0.0484426   0.0484445   0.0484464   0.0484465   9.95155   9.95156   9.95156   9.95156   
20   2   3   0.254695   0.254697   0.254699   0.254699   9.7453   9.7453   9.7453   9.74531   
21   3   3   0.361259   0.361261   0.361263   0.361263   9.63874   9.63874   9.63874   9.63874   
22   4   3   0.254695   0.254697   0.254699   0.254699   9.7453   9.7453   9.7453   9.74531   
23   5   3   0.0484426   0.0484445   0.0484464   0.0484465   9.95155   9.95156   9.95156   9.95156   

24   0   4   -0.524301   -0.5243   0.254697   0.254698   9.7453   9.7453   10.5243   10.5243   
25   1   4   -0.383494   -0.383493   0.303853   0.303854   9.69615   9.69615   10.3835   10.3835   
26   2   4   -0.0515247   -0.0515238   0.361261   0.361262   9.63874   9.63874   10.0515   10.0515   
27   3   4   0.254695   0.254697   0.254699   0.254699   9.7453   9.7453   9.7453   9.74531   
28   4   4   -0.0515247   -0.0515238   0.361261   0.361262   9.63874   9.63874   10.0515   10.0515   
29   5   4   -0.383494   -0.383493   0.303853   0.303854   9.69615   9.69615   10.3835   10.3835   

30   0   5   -0.953663   -0.953662   0.353528   0.353529   9.64647   9.64647   10.9537   10.9537   
31   1   5   -0.789465   -0.789464   0.361261   0.361262   9.63874   9.63874   10.7895   10.7895   
32   2   5   -0.383494   -0.383493   0.303853   0.303854   9.69615   9.69615   10.3835   10.3835   
33   3   5   0.0484425   0.0484444   0.0484465   0.0484466   9.95155   9.95155   9.95156   9.95156   
34   4   5   -0.383494   -0.383493   0.303853   0.303854   9.69615   9.69615   10.3835   10.3835   
35   5   5   -0.789465   -0.789464   0.361261   0.361262   9.63874   9.63874   10.7895   10.7895   

