0   0   0   162.666   162.667   166.666   166.666   166.667   166.667   170.666   170.667   
1   1   0   162.934   162.935   166.398   166.399   166.934   166.935   170.398   170.399   
2   2   0   163.666   163.667   165.666   165.667   167.666   167.667   169.666   169.667   
3   3   0   164.665   164.666   164.668   164.668   168.665   168.666   168.668   168.668   
4   4   0   163.666   163.667   165.666   165.667   167.666   167.667   169.666   169.667   
5   5   0   162.934   162.935   166.398   166.399   166.934   166.935   170.398   170.399   

6   0   1   162.934   162.935   166.398   166.399   166.934   166.935   170.398   170.399   
7   1   1   163.202   163.203   166.666   166.666   166.667   166.667   170.13   170.131   
8   2   1   163.934   163.935   165.934   165.935   167.398   167.399   169.398   169.399   
9   3   1   164.933   164.934   164.935   164.936   168.397   168.398   168.4   168.4   
10   4   1   163.934   163.935   165.934   165.935   167.398   167.399   169.398   169.399   
11   5   1   163.202   163.203   166.666   166.666   166.667   166.667   170.13   170.131   

12   0   2   163.666   163.667   165.666   165.667   167.666   167.667   169.666   169.667   
13   1   2   163.934   163.935   165.934   165.935   167.398   167.399   169.398   169.399   
14   2   2   164.666   164.667   166.666   166.666   166.667   166.667   168.666   168.667   
15   3   2   165.665   165.666   165.668   165.668   167.665   167.666   167.668   167.668   
16   4   2   164.666   164.667   166.666   166.666   166.667   166.667   168.666   168.667   
17   5   2   163.934   163.935   165.934   165.935   167.398   167.399   169.398   169.399   

18   0   3   164.665   164.666   164.667   164.668   168.665   168.666   168.667   168.668   
19   1   3   164.933   164.934   164.935   164.936   168.397   168.398   168.399   168.4   
20   2   3   165.665   165.666   165.667   165.668   167.665   167.666   167.667   167.668   
21   3   3   166.664   166.665   166.666   166.666   166.667   166.667   166.669   166.669   
22   4   3   165.665   165.666   165.667   165.668   167.665   167.666   167.667   167.668   
23   5   3   164.933   164.934   164.935   164.936   168.397   168.398   168.399   168.4   

24   0   4   163.666   163.667   165.666   165.667   167.666   167.667   169.666   169.667   
25   1   4   163.934   163.935   165.934   165.935   167.398   167.399   169.398   169.399   
26   2   4   164.666   164.667   166.666   166.666   166.667   166.667   168.666   168.667   
27   3   4   165.665   165.666   165.668   165.668   167.665   167.666   167.668   167.668   
28   4   4   164.666   164.667   166.666   166.666   166.667   166.667   168.666   168.667   
29   5   4   163.934   163.935   165.934   165.935   167.398   167.399   169.398   169.399   

30   0   5   162.934   162.935   166.398   166.399   166.934   166.935   170.398   170.399   
31   1   5   163.202   163.203   166.666   166.666   166.667   166.667   170.13   170.131   
32   2   5   163.934   163.935   165.934   165.935   167.398   167.399   169.398   169.399   
33   3   5   164.933   164.934   164.935   164.936   168.397   168.398   168.4   168.4   
34   4   5   163.934   163.935   165.934   165.935   167.398   167.399   169.398   169.399   
35   5   5   163.202   163.203   166.666   166.666   166.667   166.667   170.13   170.131   

