0   204.333   204.333   208.333   208.333   208.333   208.333   212.333   212.333   
1   205.601   205.601   207.601   207.601   209.065   209.065   211.065   211.065   
2   206.333   206.333   208.333   208.333   208.333   208.333   210.333   210.333   
3   208.333   208.333   208.333   208.333   208.333   208.333   208.333   208.333   
4   206.333   206.333   208.333   208.333   208.333   208.333   210.333   210.333   
5   205.601   205.601   207.601   207.601   209.065   209.065   211.065   211.065   
6   204.333   204.333   208.333   208.333   208.333   208.333   212.333   212.333   
7   204.869   204.869   208.333   208.333   208.333   208.333   211.797   211.797   
8   206.333   206.333   208.333   208.333   208.333   208.333   210.333   210.333   
9   208.333   208.333   208.333   208.333   208.333   208.333   208.333   208.333   
# Gamma(0)-->K(2)-->K_prime(4)-->Gamma(6)-->M(9)
