0   -2   7.70269e-09   8.81434e-09   2   414.667   416.667   416.667   418.667   
1   -2.73205   -0.732051   0.732051   2.73205   413.935   415.935   417.399   419.399   
2   -4   7.70269e-09   8.81434e-09   4   412.667   416.667   416.667   420.667   
3   -2.73205   -0.732051   0.732051   2.73205   413.935   415.935   417.399   419.399   
4   -2   7.70269e-09   8.81434e-09   2   414.667   416.667   416.667   418.667   
5   4.87664e-09   8.62833e-09   9.00035e-09   1.05287e-08   416.667   416.667   416.667   416.667   
6   -2   7.70269e-09   8.81434e-09   2   414.667   416.667   416.667   418.667   
7   -3   -1   1   3   413.667   415.667   417.667   419.667   
8   -3   -1   1   3   413.667   415.667   417.667   419.667   
9   -2   7.70269e-09   8.81434e-09   2   414.667   416.667   416.667   418.667   
