#kindex  E(k,1)  UP  DOWN  E(k,2)  UP DOWN  .....
0   -3.8739   1   0   0.126099   1   0   0.126099   1   0   4.1261   1   0   79.2073   0   1   83.2073   0   1   83.2073   0   1   87.2073   0   1   
1   -3.338   1   0   0.126099   1   0   0.126099   1   0   3.5902   1   0   79.7432   0   1   83.2073   0   1   83.2073   0   1   86.6714   0   1   
2   -1.8739   1   0   0.126099   1   0   0.126099   1   0   2.1261   1   0   81.2073   0   1   83.2073   0   1   83.2073   0   1   85.2073   0   1   
3   0.126099   1   0   0.126099   1   0   0.126099   1   0   0.126099   1   0   83.2073   0   1   83.2073   0   1   83.2073   0   1   83.2073   0   1   
4   -0.873901   1   0   -0.873901   1   0   1.1261   1   0   1.1261   1   0   82.2073   0   1   82.2073   0   1   84.2073   0   1   84.2073   0   1   
5   -1.60595   1   0   -1.60595   1   0   1.85815   1   0   1.85815   1   0   81.4752   0   1   81.4752   0   1   84.9393   0   1   84.9393   0   1   
6   -1.8739   1   0   -1.8739   1   0   2.1261   1   0   2.1261   1   0   81.2073   0   1   81.2073   0   1   85.2073   0   1   85.2073   0   1   
7   -2.8739   1   0   -0.873901   1   0   1.1261   1   0   3.1261   1   0   80.2073   0   1   82.2073   0   1   84.2073   0   1   86.2073   0   1   
8   -3.60595   1   0   -0.14185   1   0   0.394048   1   0   3.85815   1   0   79.4752   0   1   82.9393   0   1   83.4752   0   1   86.9393   0   1   
9   -3.8739   1   0   0.126099   1   0   0.126099   1   0   4.1261   1   0   79.2073   0   1   83.2073   0   1   83.2073   0   1   87.2073   0   1   
10   -3.60595   1   0   -0.14185   1   0   0.394048   1   0   3.85815   1   0   79.4752   0   1   82.9393   0   1   83.4752   0   1   86.9393   0   1   
11   -2.8739   1   0   -0.873901   1   0   1.1261   1   0   3.1261   1   0   80.2073   0   1   82.2073   0   1   84.2073   0   1   86.2073   0   1   
12   -1.8739   1   0   -1.8739   1   0   2.1261   1   0   2.1261   1   0   81.2073   0   1   81.2073   0   1   85.2073   0   1   85.2073   0   1   
13   -1.60595   1   0   -1.60595   1   0   1.85815   1   0   1.85815   1   0   81.4752   0   1   81.4752   0   1   84.9393   0   1   84.9393   0   1   
14   -0.873901   1   0   -0.873901   1   0   1.1261   1   0   1.1261   1   0   82.2073   0   1   82.2073   0   1   84.2073   0   1   84.2073   0   1   
15   0.126099   1   0   0.126099   1   0   0.126099   1   0   0.126099   1   0   83.2073   0   1   83.2073   0   1   83.2073   0   1   83.2073   0   1   
16   -1.8739   1   0   0.126099   1   0   0.126099   1   0   2.1261   1   0   81.2073   0   1   83.2073   0   1   83.2073   0   1   85.2073   0   1   
17   -3.338   1   0   0.126099   1   0   0.126099   1   0   3.5902   1   0   79.7432   0   1   83.2073   0   1   83.2073   0   1   86.6714   0   1   
18   -3.8739   1   0   0.126099   1   0   0.126099   1   0   4.1261   1   0   79.2073   0   1   83.2073   0   1   83.2073   0   1   87.2073   0   1   
19   -3.8739   1   0   0.126099   1   0   0.126099   1   0   4.1261   1   0   79.2073   0   1   83.2073   0   1   83.2073   0   1   87.2073   0   1   
