0   -4   -2.36283e-11   -2.0648e-11   4   412.666   416.666   416.666   420.666   
1   -2.73205   -0.732051   0.732051   2.73205   413.934   415.934   417.398   419.398   
2   -2   -2.36282e-11   -2.06487e-11   2   414.666   416.666   416.666   418.666   
3   -2.82241e-11   -2.4127e-11   -2.31297e-11   -1.30727e-11   416.666   416.666   416.666   416.666   
4   -2   -2.36282e-11   -2.06487e-11   2   414.666   416.666   416.666   418.666   
5   -2.73205   -0.732051   0.732051   2.73205   413.934   415.934   417.398   419.398   
6   -4   -2.36283e-11   -2.0648e-11   4   412.666   416.666   416.666   420.666   
7   -3.4641   -2.36283e-11   -2.06481e-11   3.4641   413.202   416.666   416.666   420.131   
8   -2   -2.36286e-11   -2.06489e-11   2   414.666   416.666   416.666   418.666   
9   -2.82241e-11   -2.4127e-11   -2.31297e-11   -1.30727e-11   416.666   416.666   416.666   416.666   
# Gamma(0)-->K(2)-->K_prime(4)-->Gamma(6)-->M(9)
