0   0   0   14.1176   18.1176   18.1176   22.1176   61.2157   65.2157   65.2157   69.2157   
1   1   0   14.3856   17.8497   18.3856   21.8497   61.4837   64.9478   65.4837   68.9478   
2   2   0   15.1176   17.1176   19.1176   21.1176   62.2157   64.2157   66.2157   68.2157   
3   3   0   16.1176   16.1176   20.1176   20.1176   63.2157   63.2157   67.2157   67.2157   
4   4   0   15.1176   17.1176   19.1176   21.1176   62.2157   64.2157   66.2157   68.2157   
5   5   0   14.3856   17.8497   18.3856   21.8497   61.4837   64.9478   65.4837   68.9478   

6   0   1   14.3856   17.8497   18.3856   21.8497   61.4837   64.9478   65.4837   68.9478   
7   1   1   14.6535   18.1176   18.1176   21.5817   61.7516   65.2157   65.2157   68.6798   
8   2   1   15.3856   17.3856   18.8497   20.8497   62.4837   64.4837   65.9478   67.9478   
9   3   1   16.3856   16.3856   19.8497   19.8497   63.4837   63.4837   66.9478   66.9478   
10   4   1   15.3856   17.3856   18.8497   20.8497   62.4837   64.4837   65.9478   67.9478   
11   5   1   14.6535   18.1176   18.1176   21.5817   61.7516   65.2157   65.2157   68.6798   

12   0   2   15.1176   17.1176   19.1176   21.1176   62.2157   64.2157   66.2157   68.2157   
13   1   2   15.3856   17.3856   18.8497   20.8497   62.4837   64.4837   65.9478   67.9478   
14   2   2   16.1176   18.1176   18.1176   20.1176   63.2157   65.2157   65.2157   67.2157   
15   3   2   17.1176   17.1176   19.1176   19.1176   64.2157   64.2157   66.2157   66.2157   
16   4   2   16.1176   18.1176   18.1176   20.1176   63.2157   65.2157   65.2157   67.2157   
17   5   2   15.3856   17.3856   18.8497   20.8497   62.4837   64.4837   65.9478   67.9478   

18   0   3   16.1176   16.1176   20.1176   20.1176   63.2157   63.2157   67.2157   67.2157   
19   1   3   16.3856   16.3856   19.8497   19.8497   63.4837   63.4837   66.9478   66.9478   
20   2   3   17.1176   17.1176   19.1176   19.1176   64.2157   64.2157   66.2157   66.2157   
21   3   3   18.1176   18.1176   18.1176   18.1176   65.2157   65.2157   65.2157   65.2158   
22   4   3   17.1176   17.1176   19.1176   19.1176   64.2157   64.2157   66.2157   66.2157   
23   5   3   16.3856   16.3856   19.8497   19.8497   63.4837   63.4837   66.9478   66.9478   

24   0   4   15.1176   17.1176   19.1176   21.1176   62.2157   64.2157   66.2157   68.2157   
25   1   4   15.3856   17.3856   18.8497   20.8497   62.4837   64.4837   65.9478   67.9478   
26   2   4   16.1176   18.1176   18.1176   20.1176   63.2157   65.2157   65.2157   67.2157   
27   3   4   17.1176   17.1176   19.1176   19.1176   64.2157   64.2157   66.2157   66.2157   
28   4   4   16.1176   18.1176   18.1176   20.1176   63.2157   65.2157   65.2157   67.2157   
29   5   4   15.3856   17.3856   18.8497   20.8497   62.4837   64.4837   65.9478   67.9478   

30   0   5   14.3856   17.8497   18.3856   21.8497   61.4837   64.9478   65.4837   68.9478   
31   1   5   14.6535   18.1176   18.1176   21.5817   61.7516   65.2157   65.2157   68.6798   
32   2   5   15.3856   17.3856   18.8497   20.8497   62.4837   64.4837   65.9478   67.9478   
33   3   5   16.3856   16.3856   19.8497   19.8497   63.4837   63.4837   66.9478   66.9478   
34   4   5   15.3856   17.3856   18.8497   20.8497   62.4837   64.4837   65.9478   67.9478   
35   5   5   14.6535   18.1176   18.1176   21.5817   61.7516   65.2157   65.2157   68.6798   

