0   0   0   19.6805   23.6805   23.6806   27.6805   55.6528   59.6528   59.6529   63.6528   
1   1   0   19.9485   23.4126   23.9485   27.4126   55.9208   59.3849   59.9208   63.3849   
2   2   0   20.6805   22.6805   24.6805   26.6805   56.6528   58.6528   60.6528   62.6528   
3   3   0   21.6805   21.6805   25.6805   25.6805   57.6528   57.6528   61.6528   61.6528   
4   4   0   20.6805   22.6805   24.6805   26.6805   56.6528   58.6528   60.6528   62.6528   
5   5   0   19.9485   23.4126   23.9485   27.4126   55.9208   59.3849   59.9208   63.3849   

6   0   1   19.9485   23.4126   23.9485   27.4126   55.9208   59.3849   59.9208   63.3849   
7   1   1   20.2164   23.6805   23.6806   27.1446   56.1887   59.6528   59.6529   63.1169   
8   2   1   20.9485   22.9485   24.4126   26.4126   56.9208   58.9208   60.3849   62.3849   
9   3   1   21.9485   21.9485   25.4126   25.4126   57.9208   57.9208   61.3849   61.3849   
10   4   1   20.9485   22.9485   24.4126   26.4126   56.9208   58.9208   60.3849   62.3849   
11   5   1   20.2164   23.6805   23.6806   27.1446   56.1887   59.6528   59.6529   63.1169   

12   0   2   20.6805   22.6805   24.6805   26.6805   56.6528   58.6528   60.6528   62.6528   
13   1   2   20.9485   22.9485   24.4126   26.4126   56.9208   58.9208   60.3849   62.3849   
14   2   2   21.6805   23.6805   23.6806   25.6805   57.6528   59.6528   59.6529   61.6528   
15   3   2   22.6805   22.6805   24.6805   24.6805   58.6528   58.6528   60.6528   60.6528   
16   4   2   21.6805   23.6805   23.6806   25.6805   57.6528   59.6528   59.6529   61.6528   
17   5   2   20.9485   22.9485   24.4126   26.4126   56.9208   58.9208   60.3849   62.3849   

18   0   3   21.6805   21.6805   25.6805   25.6805   57.6528   57.6528   61.6528   61.6528   
19   1   3   21.9485   21.9485   25.4126   25.4126   57.9208   57.9208   61.3849   61.3849   
20   2   3   22.6805   22.6805   24.6805   24.6805   58.6528   58.6528   60.6528   60.6528   
21   3   3   23.6805   23.6805   23.6805   23.6806   59.6528   59.6528   59.6529   59.6529   
22   4   3   22.6805   22.6805   24.6805   24.6805   58.6528   58.6528   60.6528   60.6528   
23   5   3   21.9485   21.9485   25.4126   25.4126   57.9208   57.9208   61.3849   61.3849   

24   0   4   20.6805   22.6805   24.6805   26.6805   56.6528   58.6528   60.6528   62.6528   
25   1   4   20.9485   22.9485   24.4126   26.4126   56.9208   58.9208   60.3849   62.3849   
26   2   4   21.6805   23.6805   23.6806   25.6805   57.6528   59.6528   59.6529   61.6528   
27   3   4   22.6805   22.6805   24.6805   24.6805   58.6528   58.6528   60.6528   60.6528   
28   4   4   21.6805   23.6805   23.6806   25.6805   57.6528   59.6528   59.6529   61.6528   
29   5   4   20.9485   22.9485   24.4126   26.4126   56.9208   58.9208   60.3849   62.3849   

30   0   5   19.9485   23.4126   23.9485   27.4126   55.9208   59.3849   59.9208   63.3849   
31   1   5   20.2164   23.6805   23.6806   27.1446   56.1887   59.6528   59.6529   63.1169   
32   2   5   20.9485   22.9485   24.4126   26.4126   56.9208   58.9208   60.3849   62.3849   
33   3   5   21.9485   21.9485   25.4126   25.4126   57.9208   57.9208   61.3849   61.3849   
34   4   5   20.9485   22.9485   24.4126   26.4126   56.9208   58.9208   60.3849   62.3849   
35   5   5   20.2164   23.6805   23.6806   27.1446   56.1887   59.6528   59.6529   63.1169   

