0   61.5978   65.5977   65.598   69.5978   97.0689   101.069   101.069   105.069   
1   62.8658   64.8658   66.3299   68.3299   98.3368   100.337   101.801   103.801   
2   63.5978   65.5977   65.598   67.5978   99.0689   101.069   101.069   103.069   
3   65.5976   65.5977   65.5978   65.5984   101.068   101.069   101.069   101.069   
4   63.5978   65.5977   65.598   67.5978   99.0689   101.069   101.069   103.069   
5   62.8658   64.8658   66.3299   68.3299   98.3368   100.337   101.801   103.801   
6   61.5978   65.5977   65.598   69.5978   97.0689   101.069   101.069   105.069   
7   62.1337   65.5977   65.598   69.062   97.6048   101.069   101.069   104.533   
8   63.5978   65.5977   65.598   67.5978   99.0689   101.069   101.069   103.069   
9   65.5976   65.5977   65.5978   65.5984   101.068   101.069   101.069   101.069   
# Gamma(0)-->K(2)-->K_prime(4)-->Gamma(6)-->M(9)
