0   0   0   147.565   151.564   151.567   155.565   177.768   181.766   181.77   185.768   
1   1   0   147.833   151.297   151.833   155.297   178.036   181.5   182.036   185.5   
2   2   0   148.565   150.565   152.565   154.565   178.768   180.768   182.768   184.768   
3   3   0   149.563   149.567   153.563   153.567   179.766   179.77   183.766   183.77   
4   4   0   148.565   150.565   152.565   154.565   178.768   180.768   182.768   184.768   
5   5   0   147.833   151.297   151.833   155.297   178.036   181.5   182.036   185.5   

6   0   1   147.833   151.297   151.833   155.297   178.036   181.5   182.036   185.5   
7   1   1   148.101   151.564   151.567   155.029   178.304   181.766   181.77   185.232   
8   2   1   148.833   150.833   152.297   154.297   179.036   181.036   182.5   184.5   
9   3   1   149.831   149.835   153.295   153.3   180.034   180.038   183.498   183.502   
10   4   1   148.833   150.833   152.297   154.297   179.036   181.036   182.5   184.5   
11   5   1   148.101   151.564   151.567   155.029   178.304   181.766   181.77   185.232   

12   0   2   148.565   150.565   152.565   154.565   178.768   180.768   182.768   184.768   
13   1   2   148.833   150.833   152.297   154.297   179.036   181.036   182.5   184.5   
14   2   2   149.565   151.564   151.567   153.565   179.768   181.766   181.77   183.768   
15   3   2   150.563   150.567   152.563   152.567   180.766   180.77   182.766   182.77   
16   4   2   149.565   151.564   151.567   153.565   179.768   181.766   181.77   183.768   
17   5   2   148.833   150.833   152.297   154.297   179.036   181.036   182.5   184.5   

18   0   3   149.563   149.567   153.563   153.567   179.766   179.77   183.766   183.77   
19   1   3   149.831   149.835   153.295   153.299   180.034   180.038   183.498   183.502   
20   2   3   150.563   150.567   152.563   152.567   180.766   180.77   182.766   182.77   
21   3   3   151.563   151.563   151.564   151.571   181.762   181.77   181.77   181.771   
22   4   3   150.563   150.567   152.563   152.567   180.766   180.77   182.766   182.77   
23   5   3   149.831   149.835   153.295   153.299   180.034   180.038   183.498   183.502   

24   0   4   148.565   150.565   152.565   154.565   178.768   180.768   182.768   184.768   
25   1   4   148.833   150.833   152.297   154.297   179.036   181.036   182.5   184.5   
26   2   4   149.565   151.564   151.567   153.565   179.768   181.766   181.77   183.768   
27   3   4   150.563   150.567   152.563   152.567   180.766   180.77   182.766   182.77   
28   4   4   149.565   151.564   151.567   153.565   179.768   181.766   181.77   183.768   
29   5   4   148.833   150.833   152.297   154.297   179.036   181.036   182.5   184.5   

30   0   5   147.833   151.297   151.833   155.297   178.036   181.5   182.036   185.5   
31   1   5   148.101   151.564   151.567   155.029   178.304   181.766   181.77   185.232   
32   2   5   148.833   150.833   152.297   154.297   179.036   181.036   182.5   184.5   
33   3   5   149.831   149.835   153.295   153.3   180.034   180.038   183.498   183.502   
34   4   5   148.833   150.833   152.297   154.297   179.036   181.036   182.5   184.5   
35   5   5   148.101   151.564   151.567   155.029   178.304   181.766   181.77   185.232   

