0   0   0   -3.8739   0.126099   0.126099   4.1261   79.2073   83.2073   83.2073   87.2073   
1   1   0   -3.60595   -0.14185   0.394048   3.85815   79.4752   82.9393   83.4752   86.9393   
2   2   0   -2.8739   -0.873901   1.1261   3.1261   80.2073   82.2073   84.2073   86.2073   
3   3   0   -1.8739   -1.8739   2.1261   2.1261   81.2073   81.2073   85.2073   85.2073   
4   4   0   -2.8739   -0.873901   1.1261   3.1261   80.2073   82.2073   84.2073   86.2073   
5   5   0   -3.60595   -0.14185   0.394048   3.85815   79.4752   82.9393   83.4752   86.9393   

6   0   1   -3.60595   -0.14185   0.394048   3.85815   79.4752   82.9393   83.4752   86.9393   
7   1   1   -3.338   0.126099   0.126099   3.5902   79.7432   83.2073   83.2073   86.6714   
8   2   1   -2.60595   -0.605952   0.85815   2.85815   80.4752   82.4752   83.9393   85.9393   
9   3   1   -1.60595   -1.60595   1.85815   1.85815   81.4752   81.4752   84.9393   84.9393   
10   4   1   -2.60595   -0.605952   0.85815   2.85815   80.4752   82.4752   83.9393   85.9393   
11   5   1   -3.338   0.126099   0.126099   3.5902   79.7432   83.2073   83.2073   86.6714   

12   0   2   -2.8739   -0.873901   1.1261   3.1261   80.2073   82.2073   84.2073   86.2073   
13   1   2   -2.60595   -0.605952   0.85815   2.85815   80.4752   82.4752   83.9393   85.9393   
14   2   2   -1.8739   0.126099   0.126099   2.1261   81.2073   83.2073   83.2073   85.2073   
15   3   2   -0.873901   -0.873901   1.1261   1.1261   82.2073   82.2073   84.2073   84.2073   
16   4   2   -1.8739   0.126099   0.126099   2.1261   81.2073   83.2073   83.2073   85.2073   
17   5   2   -2.60595   -0.605952   0.85815   2.85815   80.4752   82.4752   83.9393   85.9393   

18   0   3   -1.8739   -1.8739   2.1261   2.1261   81.2073   81.2073   85.2073   85.2073   
19   1   3   -1.60595   -1.60595   1.85815   1.85815   81.4752   81.4752   84.9393   84.9393   
20   2   3   -0.873901   -0.873901   1.1261   1.1261   82.2073   82.2073   84.2073   84.2073   
21   3   3   0.126099   0.126099   0.126099   0.126099   83.2073   83.2073   83.2073   83.2073   
22   4   3   -0.873901   -0.873901   1.1261   1.1261   82.2073   82.2073   84.2073   84.2073   
23   5   3   -1.60595   -1.60595   1.85815   1.85815   81.4752   81.4752   84.9393   84.9393   

24   0   4   -2.8739   -0.873901   1.1261   3.1261   80.2073   82.2073   84.2073   86.2073   
25   1   4   -2.60595   -0.605952   0.85815   2.85815   80.4752   82.4752   83.9393   85.9393   
26   2   4   -1.8739   0.126099   0.126099   2.1261   81.2073   83.2073   83.2073   85.2073   
27   3   4   -0.873901   -0.873901   1.1261   1.1261   82.2073   82.2073   84.2073   84.2073   
28   4   4   -1.8739   0.126099   0.126099   2.1261   81.2073   83.2073   83.2073   85.2073   
29   5   4   -2.60595   -0.605952   0.85815   2.85815   80.4752   82.4752   83.9393   85.9393   

30   0   5   -3.60595   -0.14185   0.394048   3.85815   79.4752   82.9393   83.4752   86.9393   
31   1   5   -3.338   0.126099   0.126099   3.5902   79.7432   83.2073   83.2073   86.6714   
32   2   5   -2.60595   -0.605952   0.85815   2.85815   80.4752   82.4752   83.9393   85.9393   
33   3   5   -1.60595   -1.60595   1.85815   1.85815   81.4752   81.4752   84.9393   84.9393   
34   4   5   -2.60595   -0.605952   0.85815   2.85815   80.4752   82.4752   83.9393   85.9393   
35   5   5   -3.338   0.126099   0.126099   3.5902   79.7432   83.2073   83.2073   86.6714   

