0   21.6805   23.6805   23.6806   25.6805   57.6528   59.6528   59.6529   61.6528   
1   20.9485   22.9485   24.4126   26.4126   56.9208   58.9208   60.3849   62.3849   
2   19.6805   23.6805   23.6806   27.6805   55.6528   59.6528   59.6529   63.6528   
3   20.9485   22.9485   24.4126   26.4126   56.9208   58.9208   60.3849   62.3849   
4   21.6805   23.6805   23.6806   25.6805   57.6528   59.6528   59.6529   61.6528   
5   23.6805   23.6805   23.6805   23.6806   59.6528   59.6528   59.6529   59.6529   
6   21.6805   23.6805   23.6806   25.6805   57.6528   59.6528   59.6529   61.6528   
7   20.6805   22.6805   24.6805   26.6805   56.6528   58.6528   60.6528   62.6528   
8   20.6805   22.6805   24.6805   26.6805   56.6528   58.6528   60.6528   62.6528   
9   21.6805   23.6805   23.6806   25.6805   57.6528   59.6528   59.6529   61.6528   
