0   -0.0515247   -0.0515238   0.361261   0.361262   9.63874   9.63874   10.0515   10.0515   
1   -0.383494   -0.383493   0.303853   0.303854   9.69615   9.69615   10.3835   10.3835   
2   -1.12519   -1.12518   0.361261   0.361262   9.63874   9.63874   11.1252   11.1252   
3   -0.383494   -0.383493   0.303853   0.303854   9.69615   9.69615   10.3835   10.3835   
4   -0.0515247   -0.0515238   0.361261   0.361262   9.63874   9.63874   10.0515   10.0515   
5   0.361259   0.361261   0.361263   0.361263   9.63874   9.63874   9.63874   9.63874   
6   -0.0515247   -0.0515238   0.361261   0.361262   9.63874   9.63874   10.0515   10.0515   
7   -0.524301   -0.5243   0.254697   0.254698   9.7453   9.7453   10.5243   10.5243   
8   -0.524301   -0.5243   0.254697   0.254698   9.7453   9.7453   10.5243   10.5243   
9   -0.0515247   -0.0515238   0.361261   0.361262   9.63874   9.63874   10.0515   10.0515   
