#kindex  E(k,1)  UP  DOWN  E(k,2)  UP DOWN  .....
0   -4   1   0   7.70269e-09   1   0   8.81434e-09   1   0   4   1   0   412.667   0   1   416.667   0   1   416.667   0   1   420.667   0   1   
1   -3.4641   1   0   7.70269e-09   1   0   8.81434e-09   1   0   3.4641   1   0   413.203   0   1   416.667   0   1   416.667   0   1   420.131   0   1   
2   -2   1   0   7.70269e-09   1   0   8.81434e-09   1   0   2   1   0   414.667   0   1   416.667   0   1   416.667   0   1   418.667   0   1   
3   4.87664e-09   1   0   8.62833e-09   1   0   9.00035e-09   1   0   1.05287e-08   1   0   416.667   0   1   416.667   0   1   416.667   0   1   416.667   0   1   
4   -1   1   0   -1   1   0   1   1   0   1   1   0   415.667   0   1   415.667   0   1   417.667   0   1   417.667   0   1   
5   -1.73205   1   0   -1.73205   1   0   1.73205   1   0   1.73205   1   0   414.935   0   1   414.935   0   1   418.399   0   1   418.399   0   1   
6   -2   1   0   -2   1   0   2   1   0   2   1   0   414.667   0   1   414.667   0   1   418.667   0   1   418.667   0   1   
7   -3   1   0   -1   1   0   1   1   0   3   1   0   413.667   0   1   415.667   0   1   417.667   0   1   419.667   0   1   
8   -3.73205   1   0   -0.267949   1   0   0.267949   1   0   3.73205   1   0   412.935   0   1   416.399   0   1   416.935   0   1   420.399   0   1   
9   -4   1   0   7.70269e-09   1   0   8.81434e-09   1   0   4   1   0   412.667   0   1   416.667   0   1   416.667   0   1   420.667   0   1   
10   -3.73205   1   0   -0.267949   1   0   0.267949   1   0   3.73205   1   0   412.935   0   1   416.399   0   1   416.935   0   1   420.399   0   1   
11   -3   1   0   -1   1   0   1   1   0   3   1   0   413.667   0   1   415.667   0   1   417.667   0   1   419.667   0   1   
12   -2   1   0   -2   1   0   2   1   0   2   1   0   414.667   0   1   414.667   0   1   418.667   0   1   418.667   0   1   
13   -1.73205   1   0   -1.73205   1   0   1.73205   1   0   1.73205   1   0   414.935   0   1   414.935   0   1   418.399   0   1   418.399   0   1   
14   -1   1   0   -1   1   0   1   1   0   1   1   0   415.667   0   1   415.667   0   1   417.667   0   1   417.667   0   1   
15   4.87664e-09   1   0   8.62833e-09   1   0   9.00035e-09   1   0   1.05287e-08   1   0   416.667   0   1   416.667   0   1   416.667   0   1   416.667   0   1   
16   -2   1   0   7.70269e-09   1   0   8.81434e-09   1   0   2   1   0   414.667   0   1   416.667   0   1   416.667   0   1   418.667   0   1   
17   -3.4641   1   0   7.70269e-09   1   0   8.81434e-09   1   0   3.4641   1   0   413.203   0   1   416.667   0   1   416.667   0   1   420.131   0   1   
18   -4   1   0   7.70269e-09   1   0   8.81434e-09   1   0   4   1   0   412.667   0   1   416.667   0   1   416.667   0   1   420.667   0   1   
19   -4   1   0   7.70269e-09   1   0   8.81434e-09   1   0   4   1   0   412.667   0   1   416.667   0   1   416.667   0   1   420.667   0   1   
