0   0   0   6.83532   10.8353   10.8353   14.8353   68.498   72.498   72.498   76.498   
1   1   0   7.10327   10.5674   11.1033   14.5674   68.7659   72.23   72.7659   76.23   
2   2   0   7.83532   9.83532   11.8353   13.8353   69.498   71.498   73.498   75.498   
3   3   0   8.83532   8.83533   12.8353   12.8353   70.498   70.498   74.498   74.498   
4   4   0   7.83532   9.83532   11.8353   13.8353   69.498   71.498   73.498   75.498   
5   5   0   7.10327   10.5674   11.1033   14.5674   68.7659   72.23   72.7659   76.23   

6   0   1   7.10327   10.5674   11.1033   14.5674   68.7659   72.23   72.7659   76.23   
7   1   1   7.37122   10.8353   10.8353   14.2994   69.0339   72.498   72.498   75.9621   
8   2   1   8.10327   10.1033   11.5674   13.5674   69.7659   71.7659   73.23   75.23   
9   3   1   9.10327   9.10328   12.5674   12.5674   70.7659   70.7659   74.23   74.23   
10   4   1   8.10327   10.1033   11.5674   13.5674   69.7659   71.7659   73.23   75.23   
11   5   1   7.37122   10.8353   10.8353   14.2994   69.0339   72.498   72.498   75.9621   

12   0   2   7.83532   9.83532   11.8353   13.8353   69.498   71.498   73.498   75.498   
13   1   2   8.10327   10.1033   11.5674   13.5674   69.7659   71.7659   73.23   75.23   
14   2   2   8.83532   10.8353   10.8353   12.8353   70.498   72.498   72.498   74.498   
15   3   2   9.83532   9.83533   11.8353   11.8353   71.498   71.498   73.498   73.498   
16   4   2   8.83532   10.8353   10.8353   12.8353   70.498   72.498   72.498   74.498   
17   5   2   8.10327   10.1033   11.5674   13.5674   69.7659   71.7659   73.23   75.23   

18   0   3   8.83532   8.83533   12.8353   12.8353   70.498   70.498   74.498   74.498   
19   1   3   9.10327   9.10327   12.5674   12.5674   70.7659   70.7659   74.23   74.23   
20   2   3   9.83532   9.83533   11.8353   11.8353   71.498   71.498   73.498   73.498   
21   3   3   10.8353   10.8353   10.8353   10.8353   72.498   72.498   72.498   72.498   
22   4   3   9.83532   9.83533   11.8353   11.8353   71.498   71.498   73.498   73.498   
23   5   3   9.10327   9.10327   12.5674   12.5674   70.7659   70.7659   74.23   74.23   

24   0   4   7.83532   9.83532   11.8353   13.8353   69.498   71.498   73.498   75.498   
25   1   4   8.10327   10.1033   11.5674   13.5674   69.7659   71.7659   73.23   75.23   
26   2   4   8.83532   10.8353   10.8353   12.8353   70.498   72.498   72.498   74.498   
27   3   4   9.83532   9.83533   11.8353   11.8353   71.498   71.498   73.498   73.498   
28   4   4   8.83532   10.8353   10.8353   12.8353   70.498   72.498   72.498   74.498   
29   5   4   8.10327   10.1033   11.5674   13.5674   69.7659   71.7659   73.23   75.23   

30   0   5   7.10327   10.5674   11.1033   14.5674   68.7659   72.23   72.7659   76.23   
31   1   5   7.37122   10.8353   10.8353   14.2994   69.0339   72.498   72.498   75.9621   
32   2   5   8.10327   10.1033   11.5674   13.5674   69.7659   71.7659   73.23   75.23   
33   3   5   9.10327   9.10328   12.5674   12.5674   70.7659   70.7659   74.23   74.23   
34   4   5   8.10327   10.1033   11.5674   13.5674   69.7659   71.7659   73.23   75.23   
35   5   5   7.37122   10.8353   10.8353   14.2994   69.0339   72.498   72.498   75.9621   

