0   63.5978   65.5977   65.598   67.5978   99.0689   101.069   101.069   103.069   
1   62.8658   64.8658   66.3299   68.3299   98.3368   100.337   101.801   103.801   
2   61.5978   65.5977   65.598   69.5978   97.0689   101.069   101.069   105.069   
3   62.8658   64.8658   66.3299   68.3299   98.3368   100.337   101.801   103.801   
4   63.5978   65.5977   65.598   67.5978   99.0689   101.069   101.069   103.069   
5   65.5976   65.5977   65.5978   65.5984   101.068   101.069   101.069   101.069   
6   63.5978   65.5977   65.598   67.5978   99.0689   101.069   101.069   103.069   
7   62.5978   64.5978   66.5978   68.5978   98.0689   100.069   102.069   104.069   
8   62.5978   64.5978   66.5978   68.5978   98.0689   100.069   102.069   104.069   
9   63.5978   65.5977   65.598   67.5978   99.0689   101.069   101.069   103.069   
