0   -1.8739   0.126099   0.126099   2.1261   81.2073   83.2073   83.2073   85.2073   
1   -2.60595   -0.605952   0.85815   2.85815   80.4752   82.4752   83.9393   85.9393   
2   -3.8739   0.126099   0.126099   4.1261   79.2073   83.2073   83.2073   87.2073   
3   -2.60595   -0.605952   0.85815   2.85815   80.4752   82.4752   83.9393   85.9393   
4   -1.8739   0.126099   0.126099   2.1261   81.2073   83.2073   83.2073   85.2073   
5   0.126099   0.126099   0.126099   0.126099   83.2073   83.2073   83.2073   83.2073   
6   -1.8739   0.126099   0.126099   2.1261   81.2073   83.2073   83.2073   85.2073   
7   -2.8739   -0.873901   1.1261   3.1261   80.2073   82.2073   84.2073   86.2073   
8   -2.8739   -0.873901   1.1261   3.1261   80.2073   82.2073   84.2073   86.2073   
9   -1.8739   0.126099   0.126099   2.1261   81.2073   83.2073   83.2073   85.2073   
