0   162.666   162.667   166.666   166.666   166.667   166.667   170.666   170.667   
1   163.934   163.935   165.934   165.935   167.398   167.399   169.398   169.399   
2   164.666   164.667   166.666   166.666   166.667   166.667   168.666   168.667   
3   166.664   166.665   166.666   166.666   166.667   166.667   166.669   166.669   
4   164.666   164.667   166.666   166.666   166.667   166.667   168.666   168.667   
5   163.934   163.935   165.934   165.935   167.398   167.399   169.398   169.399   
6   162.666   162.667   166.666   166.666   166.667   166.667   170.666   170.667   
7   163.202   163.203   166.666   166.666   166.667   166.667   170.13   170.131   
8   164.666   164.667   166.666   166.666   166.667   166.667   168.666   168.667   
9   166.664   166.665   166.666   166.666   166.667   166.667   166.669   166.669   
# Gamma(0)-->K(2)-->K_prime(4)-->Gamma(6)-->M(9)
