#kindex  E(k,1)  UP  DOWN  E(k,2)  UP DOWN  .....
0   -1.12519   1   0   -1.12518   0   1   0.361261   1   0   0.361262   0   1   9.63874   1   0   9.63874   0   1   11.1252   1   0   11.1252   0   1   
1   -0.789465   1   0   -0.789464   0   1   0.361261   1   0   0.361262   0   1   9.63874   1   0   9.63874   0   1   10.7895   1   0   10.7895   0   1   
2   -0.0515247   1   0   -0.0515238   0   1   0.361261   1   0   0.361262   0   1   9.63874   1   0   9.63874   0   1   10.0515   1   0   10.0515   0   1   
3   0.361259   1   0   0.361261   0   1   0.361263   0   1   0.361263   1   0   9.63874   1   0   9.63874   0   1   9.63874   1   0   9.63874   0   1   
4   0.254695   1   0   0.254697   0   1   0.254699   0   1   0.254699   1   0   9.7453   1   0   9.7453   0   1   9.7453   1   0   9.74531   0   1   
5   0.0484425   1   0   0.0484444   0   1   0.0484465   0   1   0.0484466   1   0   9.95155   1   0   9.95155   0   1   9.95156   1   0   9.95156   0   1   
6   -0.0515267   1   0   -0.0515248   0   1   -0.0515227   0   1   -0.0515226   1   0   10.0515   1   0   10.0515   0   1   10.0515   1   0   10.0515   0   1   
7   -0.524301   1   0   -0.5243   0   1   0.254697   1   0   0.254698   0   1   9.7453   1   0   9.7453   0   1   10.5243   1   0   10.5243   0   1   
8   -0.953663   1   0   -0.953662   0   1   0.353528   1   0   0.353529   0   1   9.64647   1   0   9.64647   0   1   10.9537   1   0   10.9537   0   1   
9   -1.12519   1   0   -1.12518   0   1   0.361261   1   0   0.361262   0   1   9.63874   1   0   9.63874   0   1   11.1252   1   0   11.1252   0   1   
10   -0.953663   1   0   -0.953662   0   1   0.353528   1   0   0.353529   0   1   9.64647   1   0   9.64647   0   1   10.9537   1   0   10.9537   0   1   
11   -0.524301   1   0   -0.5243   0   1   0.254697   1   0   0.254698   0   1   9.7453   1   0   9.7453   0   1   10.5243   1   0   10.5243   0   1   
12   -0.0515266   1   0   -0.0515247   0   1   -0.0515228   0   1   -0.0515227   1   0   10.0515   1   0   10.0515   0   1   10.0515   1   0   10.0515   0   1   
13   0.0484426   1   0   0.0484445   0   1   0.0484464   0   1   0.0484465   1   0   9.95155   1   0   9.95156   0   1   9.95156   1   0   9.95156   0   1   
14   0.254695   1   0   0.254697   0   1   0.254699   0   1   0.254699   1   0   9.7453   1   0   9.7453   0   1   9.7453   1   0   9.74531   0   1   
15   0.361259   1   0   0.361261   0   1   0.361263   0   1   0.361263   1   0   9.63874   1   0   9.63874   0   1   9.63874   1   0   9.63874   0   1   
16   -0.0515247   1   0   -0.0515238   0   1   0.361261   1   0   0.361262   0   1   9.63874   1   0   9.63874   0   1   10.0515   1   0   10.0515   0   1   
17   -0.789465   1   0   -0.789464   0   1   0.361261   1   0   0.361262   0   1   9.63874   1   0   9.63874   0   1   10.7895   1   0   10.7895   0   1   
18   -1.12519   1   0   -1.12518   0   1   0.361261   1   0   0.361262   0   1   9.63874   1   0   9.63874   0   1   11.1252   1   0   11.1252   0   1   
19   -1.12519   1   0   -1.12518   0   1   0.361261   1   0   0.361262   0   1   9.63874   1   0   9.63874   0   1   11.1252   1   0   11.1252   0   1   
