0   147.565   151.564   151.567   155.565   177.768   181.766   181.77   185.768   
1   148.833   150.833   152.297   154.297   179.036   181.036   182.5   184.5   
2   149.565   151.564   151.567   153.565   179.768   181.766   181.77   183.768   
3   151.563   151.563   151.564   151.571   181.762   181.77   181.77   181.771   
4   149.565   151.564   151.567   153.565   179.768   181.766   181.77   183.768   
5   148.833   150.833   152.297   154.297   179.036   181.036   182.5   184.5   
6   147.565   151.564   151.567   155.565   177.768   181.766   181.77   185.768   
7   148.101   151.564   151.567   155.029   178.304   181.766   181.77   185.232   
8   149.565   151.564   151.567   153.565   179.768   181.766   181.77   183.768   
9   151.563   151.563   151.564   151.571   181.762   181.77   181.77   181.771   
# Gamma(0)-->K(2)-->K_prime(4)-->Gamma(6)-->M(9)
