0   19.6805   23.6805   23.6806   27.6805   55.6528   59.6528   59.6529   63.6528   
1   20.9485   22.9485   24.4126   26.4126   56.9208   58.9208   60.3849   62.3849   
2   21.6805   23.6805   23.6806   25.6805   57.6528   59.6528   59.6529   61.6528   
3   23.6805   23.6805   23.6805   23.6806   59.6528   59.6528   59.6529   59.6529   
4   21.6805   23.6805   23.6806   25.6805   57.6528   59.6528   59.6529   61.6528   
5   20.9485   22.9485   24.4126   26.4126   56.9208   58.9208   60.3849   62.3849   
6   19.6805   23.6805   23.6806   27.6805   55.6528   59.6528   59.6529   63.6528   
7   20.2164   23.6805   23.6806   27.1446   56.1887   59.6528   59.6529   63.1169   
8   21.6805   23.6805   23.6806   25.6805   57.6528   59.6528   59.6529   61.6528   
9   23.6805   23.6805   23.6805   23.6806   59.6528   59.6528   59.6529   59.6529   
# Gamma(0)-->K(2)-->K_prime(4)-->Gamma(6)-->M(9)
