0   8.83532   10.8353   10.8353   12.8353   70.498   72.498   72.498   74.498   
1   8.10327   10.1033   11.5674   13.5674   69.7659   71.7659   73.23   75.23   
2   6.83532   10.8353   10.8353   14.8353   68.498   72.498   72.498   76.498   
3   8.10327   10.1033   11.5674   13.5674   69.7659   71.7659   73.23   75.23   
4   8.83532   10.8353   10.8353   12.8353   70.498   72.498   72.498   74.498   
5   10.8353   10.8353   10.8353   10.8353   72.498   72.498   72.498   72.498   
6   8.83532   10.8353   10.8353   12.8353   70.498   72.498   72.498   74.498   
7   7.83532   9.83532   11.8353   13.8353   69.498   71.498   73.498   75.498   
8   7.83532   9.83532   11.8353   13.8353   69.498   71.498   73.498   75.498   
9   8.83532   10.8353   10.8353   12.8353   70.498   72.498   72.498   74.498   
