0   -2   1.45175e-08   1.66127e-08   2   414.667   416.667   416.667   418.667   
1   -2.73205   -0.732051   0.732051   2.73205   413.935   415.935   417.399   419.399   
2   -4   1.45175e-08   1.66127e-08   4   412.667   416.667   416.667   420.667   
3   -2.73205   -0.732051   0.732051   2.73205   413.935   415.935   417.399   419.399   
4   -2   1.45175e-08   1.66127e-08   2   414.667   416.667   416.667   418.667   
5   9.19114e-09   1.62621e-08   1.69632e-08   1.98438e-08   416.667   416.667   416.667   416.667   
6   -2   1.45175e-08   1.66127e-08   2   414.667   416.667   416.667   418.667   
7   -3   -1   1   3   413.667   415.667   417.667   419.667   
8   -3   -1   1   3   413.667   415.667   417.667   419.667   
9   -2   1.45175e-08   1.66127e-08   2   414.667   416.667   416.667   418.667   
