0   0   0   -2.98762   1.01238   1.01238   5.01238   161.654   165.654   165.654   169.654   
1   1   0   -2.71967   0.74443   1.28033   4.74443   161.922   165.386   165.922   169.386   
2   2   0   -1.98762   0.0123789   2.01238   4.01238   162.654   164.654   166.654   168.654   
3   3   0   -0.987621   -0.987621   3.01238   3.01238   163.654   163.654   167.654   167.654   
4   4   0   -1.98762   0.0123789   2.01238   4.01238   162.654   164.654   166.654   168.654   
5   5   0   -2.71967   0.74443   1.28033   4.74443   161.922   165.386   165.922   169.386   

6   0   1   -2.71967   0.74443   1.28033   4.74443   161.922   165.386   165.922   169.386   
7   1   1   -2.45172   1.01238   1.01238   4.47648   162.19   165.654   165.654   169.118   
8   2   1   -1.71967   0.280328   1.74443   3.74443   162.922   164.922   166.386   168.386   
9   3   1   -0.719672   -0.719672   2.74443   2.74443   163.922   163.922   167.386   167.386   
10   4   1   -1.71967   0.280328   1.74443   3.74443   162.922   164.922   166.386   168.386   
11   5   1   -2.45172   1.01238   1.01238   4.47648   162.19   165.654   165.654   169.118   

12   0   2   -1.98762   0.0123789   2.01238   4.01238   162.654   164.654   166.654   168.654   
13   1   2   -1.71967   0.280328   1.74443   3.74443   162.922   164.922   166.386   168.386   
14   2   2   -0.987621   1.01238   1.01238   3.01238   163.654   165.654   165.654   167.654   
15   3   2   0.0123787   0.0123791   2.01238   2.01238   164.654   164.654   166.654   166.654   
16   4   2   -0.987621   1.01238   1.01238   3.01238   163.654   165.654   165.654   167.654   
17   5   2   -1.71967   0.280328   1.74443   3.74443   162.922   164.922   166.386   168.386   

18   0   3   -0.987621   -0.987621   3.01238   3.01238   163.654   163.654   167.654   167.654   
19   1   3   -0.719672   -0.719672   2.74443   2.74443   163.922   163.922   167.386   167.386   
20   2   3   0.0123787   0.0123791   2.01238   2.01238   164.654   164.654   166.654   166.654   
21   3   3   1.01238   1.01238   1.01238   1.01238   165.654   165.654   165.654   165.654   
22   4   3   0.0123787   0.0123791   2.01238   2.01238   164.654   164.654   166.654   166.654   
23   5   3   -0.719672   -0.719672   2.74443   2.74443   163.922   163.922   167.386   167.386   

24   0   4   -1.98762   0.0123789   2.01238   4.01238   162.654   164.654   166.654   168.654   
25   1   4   -1.71967   0.280328   1.74443   3.74443   162.922   164.922   166.386   168.386   
26   2   4   -0.987621   1.01238   1.01238   3.01238   163.654   165.654   165.654   167.654   
27   3   4   0.0123787   0.0123791   2.01238   2.01238   164.654   164.654   166.654   166.654   
28   4   4   -0.987621   1.01238   1.01238   3.01238   163.654   165.654   165.654   167.654   
29   5   4   -1.71967   0.280328   1.74443   3.74443   162.922   164.922   166.386   168.386   

30   0   5   -2.71967   0.74443   1.28033   4.74443   161.922   165.386   165.922   169.386   
31   1   5   -2.45172   1.01238   1.01238   4.47648   162.19   165.654   165.654   169.118   
32   2   5   -1.71967   0.280328   1.74443   3.74443   162.922   164.922   166.386   168.386   
33   3   5   -0.719672   -0.719672   2.74443   2.74443   163.922   163.922   167.386   167.386   
34   4   5   -1.71967   0.280328   1.74443   3.74443   162.922   164.922   166.386   168.386   
35   5   5   -2.45172   1.01238   1.01238   4.47648   162.19   165.654   165.654   169.118   

