0   0   0   -2.0455   -2.0455   -1.40908   -1.40908   -1.40743   -1.40743   -2.57458e-15   5.32939e-15   0.127116   0.127116   1.42028   1.42028   1.42221   1.42221   1.94438   1.94438   17.5242   17.5242   17.6382   17.6382   17.6385   17.6385   17.7525   17.7525   
1   1   0   -2.02025   -2.02018   -1.56806   -1.5667   -1.2268   -1.22501   -0.216807   -0.21619   0.324759   0.325395   1.21275   1.21481   1.60484   1.60647   1.93776   1.93785   17.5281   17.5281   17.6089   17.6092   17.6673   17.6676   17.7484   17.7484   
2   2   0   -1.9487   -1.9484   -1.71205   -1.71105   -1.01258   -1.01081   -0.494061   -0.492896   0.555767   0.557004   0.996072   0.998056   1.7521   1.75331   1.91199   1.91235   17.5395   17.5396   17.5815   17.5817   17.6945   17.6947   17.7366   17.7366   
3   3   0   -1.8417   -1.8417   -1.84108   -1.84108   -0.765261   -0.765261   -0.763701   -0.763701   0.777532   0.777532   0.779234   0.779234   1.85381   1.85381   1.85458   1.85458   17.5577   17.5577   17.5579   17.5579   17.7181   17.7181   17.7182   17.7182   
4   4   0   -1.9487   -1.9484   -1.71205   -1.71105   -1.01258   -1.01081   -0.494061   -0.492896   0.555767   0.557004   0.996072   0.998056   1.7521   1.75331   1.91199   1.91235   17.5395   17.5396   17.5815   17.5817   17.6945   17.6947   17.7366   17.7366   
5   5   0   -2.02025   -2.02018   -1.56806   -1.5667   -1.2268   -1.22501   -0.216807   -0.21619   0.324759   0.325395   1.21275   1.21481   1.60484   1.60647   1.93776   1.93785   17.5281   17.5281   17.6089   17.6092   17.6673   17.6676   17.7484   17.7484   

6   0   1   -2.02025   -2.02018   -1.56806   -1.5667   -1.2268   -1.22501   -0.216807   -0.21619   0.324759   0.325395   1.21275   1.21481   1.60484   1.60647   1.93776   1.93785   17.5281   17.5281   17.6089   17.6092   17.6673   17.6676   17.7484   17.7484   
7   1   1   -1.99625   -1.99625   -1.61902   -1.61781   -1.15496   -1.15318   -0.32332   -0.32332   0.412842   0.412842   1.12639   1.12843   1.67068   1.67215   1.93308   1.93308   17.5316   17.5316   17.5982   17.5985   17.6779   17.6781   17.7447   17.7447   
8   2   1   -1.92923   -1.92901   -1.72157   -1.72068   -0.989852   -0.988186   -0.541064   -0.540271   0.58317   0.584015   0.955796   0.957656   1.77957   1.78067   1.91277   1.91304   17.5418   17.5418   17.5778   17.578   17.698   17.6982   17.7341   17.7342   
9   3   1   -1.83192   -1.83192   -1.83138   -1.83138   -0.776342   -0.776342   -0.774995   -0.774995   0.768939   0.768939   0.770408   0.770408   1.8642   1.8642   1.86486   1.86486   17.5578   17.5578   17.5579   17.5579   17.7179   17.7179   17.718   17.718   
10   4   1   -1.92923   -1.92901   -1.72157   -1.72068   -0.989852   -0.988186   -0.541064   -0.540271   0.58317   0.584015   0.955796   0.957656   1.77957   1.78067   1.91277   1.91304   17.5418   17.5418   17.5778   17.578   17.698   17.6982   17.7341   17.7342   
11   5   1   -1.99625   -1.99625   -1.61902   -1.61781   -1.15496   -1.15318   -0.32332   -0.32332   0.412842   0.412842   1.12639   1.12843   1.67068   1.67215   1.93308   1.93308   17.5316   17.5316   17.5982   17.5985   17.6779   17.6781   17.7447   17.7447   

12   0   2   -1.9487   -1.9484   -1.71205   -1.71105   -1.01258   -1.01081   -0.494061   -0.492896   0.555767   0.557004   0.996072   0.998056   1.7521   1.75331   1.91199   1.91235   17.5395   17.5396   17.5815   17.5817   17.6945   17.6947   17.7366   17.7366   
13   1   2   -1.92923   -1.92901   -1.72157   -1.72068   -0.989852   -0.988186   -0.541064   -0.540271   0.58317   0.584015   0.955796   0.957656   1.77957   1.78067   1.91277   1.91304   17.5418   17.5418   17.5778   17.578   17.698   17.6982   17.7341   17.7342   
14   2   2   -1.87742   -1.87742   -1.75457   -1.75393   -0.917882   -0.916543   -0.658637   -0.658637   0.654908   0.654908   0.861015   0.862495   1.83638   1.83717   1.90821   1.90821   17.5483   17.5483   17.5688   17.5689   17.7067   17.7069   17.7273   17.7273   
15   3   2   -1.81164   -1.81164   -1.81133   -1.81133   -0.799192   -0.799192   -0.798419   -0.798419   0.752487   0.752487   0.753331   0.753331   1.88444   1.88444   1.88482   1.88482   17.5579   17.5579   17.558   17.558   17.7175   17.7175   17.7176   17.7176   
16   4   2   -1.87742   -1.87742   -1.75457   -1.75393   -0.917882   -0.916543   -0.658637   -0.658637   0.654908   0.654908   0.861015   0.862495   1.83638   1.83717   1.90821   1.90821   17.5483   17.5483   17.5688   17.5689   17.7067   17.7069   17.7273   17.7273   
17   5   2   -1.92923   -1.92901   -1.72157   -1.72068   -0.989852   -0.988186   -0.541064   -0.540271   0.58317   0.584015   0.955796   0.957656   1.77957   1.78067   1.91277   1.91304   17.5418   17.5418   17.5778   17.578   17.698   17.6982   17.7341   17.7342   

18   0   3   -1.8417   -1.8417   -1.84108   -1.84108   -0.765261   -0.765261   -0.763702   -0.763702   0.777532   0.777532   0.779233   0.779233   1.85381   1.85381   1.85458   1.85458   17.5577   17.5577   17.5579   17.5579   17.7181   17.7181   17.7182   17.7182   
19   1   3   -1.83192   -1.83192   -1.83138   -1.83138   -0.776341   -0.776341   -0.774996   -0.774996   0.768939   0.768939   0.770408   0.770408   1.8642   1.8642   1.86486   1.86486   17.5578   17.5578   17.5579   17.5579   17.7179   17.7179   17.718   17.718   
20   2   3   -1.81164   -1.81164   -1.81133   -1.81133   -0.799192   -0.799192   -0.79842   -0.79842   0.752488   0.752488   0.75333   0.75333   1.88444   1.88444   1.88482   1.88482   17.5579   17.5579   17.558   17.558   17.7175   17.7175   17.7176   17.7176   
21   3   3   -1.80103   -1.80103   -1.80103   -1.80103   -0.810785   -0.810785   -0.810785   -0.810785   0.744833   0.744833   0.744833   0.744833   1.89441   1.89441   1.89441   1.89441   17.558   17.558   17.558   17.558   17.7173   17.7173   17.7173   17.7173   
22   4   3   -1.81164   -1.81164   -1.81133   -1.81133   -0.799192   -0.799192   -0.79842   -0.79842   0.752488   0.752488   0.75333   0.75333   1.88444   1.88444   1.88482   1.88482   17.5579   17.5579   17.558   17.558   17.7175   17.7175   17.7176   17.7176   
23   5   3   -1.83192   -1.83192   -1.83138   -1.83138   -0.776341   -0.776341   -0.774996   -0.774996   0.768939   0.768939   0.770408   0.770408   1.8642   1.8642   1.86486   1.86486   17.5578   17.5578   17.5579   17.5579   17.7179   17.7179   17.718   17.718   

24   0   4   -1.9487   -1.9484   -1.71205   -1.71105   -1.01258   -1.01081   -0.494061   -0.492896   0.555767   0.557004   0.996072   0.998056   1.7521   1.75331   1.91199   1.91235   17.5395   17.5396   17.5815   17.5817   17.6945   17.6947   17.7366   17.7366   
25   1   4   -1.92923   -1.92901   -1.72157   -1.72068   -0.989852   -0.988186   -0.541064   -0.540271   0.58317   0.584015   0.955796   0.957656   1.77957   1.78067   1.91277   1.91304   17.5418   17.5418   17.5778   17.578   17.698   17.6982   17.7341   17.7342   
26   2   4   -1.87742   -1.87742   -1.75457   -1.75393   -0.917882   -0.916543   -0.658637   -0.658637   0.654908   0.654908   0.861015   0.862495   1.83638   1.83717   1.90821   1.90821   17.5483   17.5483   17.5688   17.5689   17.7067   17.7069   17.7273   17.7273   
27   3   4   -1.81164   -1.81164   -1.81133   -1.81133   -0.799192   -0.799192   -0.798419   -0.798419   0.752487   0.752487   0.753331   0.753331   1.88444   1.88444   1.88482   1.88482   17.5579   17.5579   17.558   17.558   17.7175   17.7175   17.7176   17.7176   
28   4   4   -1.87742   -1.87742   -1.75457   -1.75393   -0.917882   -0.916543   -0.658637   -0.658637   0.654908   0.654908   0.861015   0.862495   1.83638   1.83717   1.90821   1.90821   17.5483   17.5483   17.5688   17.5689   17.7067   17.7069   17.7273   17.7273   
29   5   4   -1.92923   -1.92901   -1.72157   -1.72068   -0.989852   -0.988186   -0.541064   -0.540271   0.58317   0.584015   0.955796   0.957656   1.77957   1.78067   1.91277   1.91304   17.5418   17.5418   17.5778   17.578   17.698   17.6982   17.7341   17.7342   

30   0   5   -2.02025   -2.02018   -1.56806   -1.5667   -1.2268   -1.22501   -0.216807   -0.21619   0.324759   0.325395   1.21275   1.21481   1.60484   1.60647   1.93776   1.93785   17.5281   17.5281   17.6089   17.6092   17.6673   17.6676   17.7484   17.7484   
31   1   5   -1.99625   -1.99625   -1.61902   -1.61781   -1.15496   -1.15318   -0.32332   -0.32332   0.412842   0.412842   1.12639   1.12843   1.67068   1.67215   1.93308   1.93308   17.5316   17.5316   17.5982   17.5985   17.6779   17.6781   17.7447   17.7447   
32   2   5   -1.92923   -1.92901   -1.72157   -1.72068   -0.989852   -0.988186   -0.541064   -0.540271   0.58317   0.584015   0.955796   0.957656   1.77957   1.78067   1.91277   1.91304   17.5418   17.5418   17.5778   17.578   17.698   17.6982   17.7341   17.7342   
33   3   5   -1.83192   -1.83192   -1.83138   -1.83138   -0.776342   -0.776342   -0.774995   -0.774995   0.768939   0.768939   0.770408   0.770408   1.8642   1.8642   1.86486   1.86486   17.5578   17.5578   17.5579   17.5579   17.7179   17.7179   17.718   17.718   
34   4   5   -1.92923   -1.92901   -1.72157   -1.72068   -0.989852   -0.988186   -0.541064   -0.540271   0.58317   0.584015   0.955796   0.957656   1.77957   1.78067   1.91277   1.91304   17.5418   17.5418   17.5778   17.578   17.698   17.6982   17.7341   17.7342   
35   5   5   -1.99625   -1.99625   -1.61902   -1.61781   -1.15496   -1.15318   -0.32332   -0.32332   0.412842   0.412842   1.12639   1.12843   1.67068   1.67215   1.93308   1.93308   17.5316   17.5316   17.5982   17.5985   17.6779   17.6781   17.7447   17.7447   

