0   -3.8739   0.126099   0.126099   4.1261   79.2073   83.2073   83.2073   87.2073   
1   -2.60595   -0.605952   0.85815   2.85815   80.4752   82.4752   83.9393   85.9393   
2   -1.8739   0.126099   0.126099   2.1261   81.2073   83.2073   83.2073   85.2073   
3   0.126099   0.126099   0.126099   0.126099   83.2073   83.2073   83.2073   83.2073   
4   -1.8739   0.126099   0.126099   2.1261   81.2073   83.2073   83.2073   85.2073   
5   -2.60595   -0.605952   0.85815   2.85815   80.4752   82.4752   83.9393   85.9393   
6   -3.8739   0.126099   0.126099   4.1261   79.2073   83.2073   83.2073   87.2073   
7   -3.338   0.126099   0.126099   3.5902   79.7432   83.2073   83.2073   86.6714   
8   -1.8739   0.126099   0.126099   2.1261   81.2073   83.2073   83.2073   85.2073   
9   0.126099   0.126099   0.126099   0.126099   83.2073   83.2073   83.2073   83.2073   
# Gamma(0)-->K(2)-->K_prime(4)-->Gamma(6)-->M(9)
