0   54.2261   56.2261   56.2261   58.2261   358.44   360.44   360.44   362.44   
1   53.494   55.494   56.9581   58.9581   357.708   359.708   361.172   363.172   
2   52.2261   56.2261   56.2261   60.2261   356.44   360.44   360.44   364.44   
3   53.494   55.494   56.9581   58.9581   357.708   359.708   361.172   363.172   
4   54.2261   56.2261   56.2261   58.2261   358.44   360.44   360.44   362.44   
5   56.2261   56.2261   56.2261   56.2261   360.44   360.44   360.44   360.44   
6   54.2261   56.2261   56.2261   58.2261   358.44   360.44   360.44   362.44   
7   53.2261   55.2261   57.2261   59.2261   357.44   359.44   361.44   363.44   
8   53.2261   55.2261   57.2261   59.2261   357.44   359.44   361.44   363.44   
9   54.2261   56.2261   56.2261   58.2261   358.44   360.44   360.44   362.44   
