#kindex  E(k,1)  UP  DOWN  E(k,2)  UP DOWN  .....
0   61.5978   1   0   65.5977   1   0   65.598   1   0   69.5978   1   0   97.0689   0   1   101.069   0   1   101.069   0   1   105.069   0   1   
1   62.1337   1   0   65.5977   1   0   65.598   1   0   69.062   1   0   97.6048   0   1   101.069   0   1   101.069   0   1   104.533   0   1   
2   63.5978   1   0   65.5977   1   0   65.598   1   0   67.5978   1   0   99.0689   0   1   101.069   0   1   101.069   0   1   103.069   0   1   
3   65.5976   1   0   65.5977   1   0   65.5978   1   0   65.5984   1   0   101.068   0   1   101.069   0   1   101.069   0   1   101.069   0   1   
4   64.5976   1   0   64.5981   1   0   66.5976   1   0   66.5981   1   0   100.069   0   1   100.069   0   1   102.069   0   1   102.069   0   1   
5   63.8656   1   0   63.866   1   0   67.3297   1   0   67.3301   1   0   99.3366   0   1   99.337   0   1   102.801   0   1   102.801   0   1   
6   63.5976   1   0   63.5981   1   0   67.5976   1   0   67.5981   1   0   99.0686   0   1   99.0691   0   1   103.069   0   1   103.069   0   1   
7   62.5978   1   0   64.5978   1   0   66.5978   1   0   68.5978   1   0   98.0689   0   1   100.069   0   1   102.069   0   1   104.069   0   1   
8   61.8658   1   0   65.3299   1   0   65.8658   1   0   69.3299   1   0   97.3368   0   1   100.801   0   1   101.337   0   1   104.801   0   1   
9   61.5978   1   0   65.5977   1   0   65.598   1   0   69.5978   1   0   97.0689   0   1   101.069   0   1   101.069   0   1   105.069   0   1   
10   61.8658   1   0   65.3299   1   0   65.8658   1   0   69.3299   1   0   97.3368   0   1   100.801   0   1   101.337   0   1   104.801   0   1   
11   62.5978   1   0   64.5978   1   0   66.5978   1   0   68.5978   1   0   98.0689   0   1   100.069   0   1   102.069   0   1   104.069   0   1   
12   63.5977   1   0   63.598   1   0   67.5977   1   0   67.598   1   0   99.0687   0   1   99.0691   0   1   103.069   0   1   103.069   0   1   
13   63.8656   1   0   63.866   1   0   67.3297   1   0   67.3301   1   0   99.3366   0   1   99.337   0   1   102.801   0   1   102.801   0   1   
14   64.5977   1   0   64.598   1   0   66.5977   1   0   66.598   1   0   100.069   0   1   100.069   0   1   102.069   0   1   102.069   0   1   
15   65.5976   1   0   65.5977   1   0   65.5978   1   0   65.5984   1   0   101.068   0   1   101.069   0   1   101.069   0   1   101.069   0   1   
16   63.5978   1   0   65.5977   1   0   65.598   1   0   67.5978   1   0   99.0689   0   1   101.069   0   1   101.069   0   1   103.069   0   1   
17   62.1337   1   0   65.5977   1   0   65.598   1   0   69.062   1   0   97.6048   0   1   101.069   0   1   101.069   0   1   104.533   0   1   
18   61.5978   1   0   65.5977   1   0   65.598   1   0   69.5978   1   0   97.0689   0   1   101.069   0   1   101.069   0   1   105.069   0   1   
19   61.5978   1   0   65.5977   1   0   65.598   1   0   69.5978   1   0   97.0689   0   1   101.069   0   1   101.069   0   1   105.069   0   1   
