0   0   0   -4   -2.36283e-11   -2.0648e-11   4   412.666   416.666   416.666   420.666   
1   1   0   -3.73205   -0.267949   0.267949   3.73205   412.934   416.398   416.934   420.398   
2   2   0   -3   -1   1   3   413.666   415.666   417.666   419.666   
3   3   0   -2   -2   2   2   414.666   414.666   418.666   418.666   
4   4   0   -3   -1   1   3   413.666   415.666   417.666   419.666   
5   5   0   -3.73205   -0.267949   0.267949   3.73205   412.934   416.398   416.934   420.398   

6   0   1   -3.73205   -0.267949   0.267949   3.73205   412.934   416.398   416.934   420.398   
7   1   1   -3.4641   -2.36283e-11   -2.06481e-11   3.4641   413.202   416.666   416.666   420.131   
8   2   1   -2.73205   -0.732051   0.732051   2.73205   413.934   415.934   417.398   419.398   
9   3   1   -1.73205   -1.73205   1.73205   1.73205   414.934   414.934   418.398   418.398   
10   4   1   -2.73205   -0.732051   0.732051   2.73205   413.934   415.934   417.398   419.398   
11   5   1   -3.4641   -2.36295e-11   -2.06481e-11   3.4641   413.202   416.666   416.666   420.131   

12   0   2   -3   -1   1   3   413.666   415.666   417.666   419.666   
13   1   2   -2.73205   -0.732051   0.732051   2.73205   413.934   415.934   417.398   419.398   
14   2   2   -2   -2.36286e-11   -2.06489e-11   2   414.666   416.666   416.666   418.666   
15   3   2   -1   -1   1   1   415.666   415.666   417.666   417.666   
16   4   2   -2   -2.36282e-11   -2.06487e-11   2   414.666   416.666   416.666   418.666   
17   5   2   -2.73205   -0.732051   0.732051   2.73205   413.934   415.934   417.398   419.398   

18   0   3   -2   -2   2   2   414.666   414.666   418.666   418.666   
19   1   3   -1.73205   -1.73205   1.73205   1.73205   414.934   414.934   418.398   418.398   
20   2   3   -1   -1   1   1   415.666   415.666   417.666   417.666   
21   3   3   -2.82241e-11   -2.4127e-11   -2.31297e-11   -1.30727e-11   416.666   416.666   416.666   416.666   
22   4   3   -1   -1   1   1   415.666   415.666   417.666   417.666   
23   5   3   -1.73205   -1.73205   1.73205   1.73205   414.934   414.934   418.398   418.398   

24   0   4   -3   -1   1   3   413.666   415.666   417.666   419.666   
25   1   4   -2.73205   -0.732051   0.732051   2.73205   413.934   415.934   417.398   419.398   
26   2   4   -2   -2.36282e-11   -2.06487e-11   2   414.666   416.666   416.666   418.666   
27   3   4   -1   -1   1   1   415.666   415.666   417.666   417.666   
28   4   4   -2   -2.36284e-11   -2.06485e-11   2   414.666   416.666   416.666   418.666   
29   5   4   -2.73205   -0.732051   0.732051   2.73205   413.934   415.934   417.398   419.398   

30   0   5   -3.73205   -0.267949   0.267949   3.73205   412.934   416.398   416.934   420.398   
31   1   5   -3.4641   -2.36295e-11   -2.06481e-11   3.4641   413.202   416.666   416.666   420.131   
32   2   5   -2.73205   -0.732051   0.732051   2.73205   413.934   415.934   417.398   419.398   
33   3   5   -1.73205   -1.73205   1.73205   1.73205   414.934   414.934   418.398   418.398   
34   4   5   -2.73205   -0.732051   0.732051   2.73205   413.934   415.934   417.398   419.398   
35   5   5   -3.4641   -2.36283e-11   -2.06481e-11   3.4641   413.202   416.666   416.666   420.131   

