0   37.6667   37.6667   41.6667   41.6667   41.6667   41.6667   45.6667   45.6667   
1   38.9346   38.9347   40.9346   40.9347   42.3987   42.3988   44.3987   44.3988   
2   39.6667   39.6667   41.6667   41.6667   41.6667   41.6667   43.6667   43.6667   
3   41.6665   41.6665   41.6667   41.6667   41.6667   41.6667   41.6669   41.6669   
4   39.6667   39.6667   41.6667   41.6667   41.6667   41.6667   43.6667   43.6667   
5   38.9346   38.9347   40.9346   40.9347   42.3987   42.3988   44.3987   44.3988   
6   37.6667   37.6667   41.6667   41.6667   41.6667   41.6667   45.6667   45.6667   
7   38.2026   38.2026   41.6667   41.6667   41.6667   41.6667   45.1308   45.1308   
8   39.6667   39.6667   41.6667   41.6667   41.6667   41.6667   43.6667   43.6667   
9   41.6665   41.6665   41.6667   41.6667   41.6667   41.6667   41.6669   41.6669   
# Gamma(0)-->K(2)-->K_prime(4)-->Gamma(6)-->M(9)
