#kindex  E(k,1)  UP  DOWN  E(k,2)  UP DOWN  .....
0   50.5308   1   0   54.5307   1   0   54.5309   1   0   58.5308   1   0   108.136   0   1   112.136   0   1   112.136   0   1   116.136   0   1   
1   51.0667   1   0   54.5307   1   0   54.5309   1   0   57.9949   1   0   108.672   0   1   112.136   0   1   112.136   0   1   115.6   0   1   
2   52.5308   1   0   54.5307   1   0   54.5309   1   0   56.5308   1   0   110.136   0   1   112.136   0   1   112.136   0   1   114.136   0   1   
3   54.5307   1   0   54.5307   1   0   54.5309   1   0   54.5309   1   0   112.136   0   1   112.136   0   1   112.136   0   1   112.136   0   1   
4   53.5308   1   0   53.5308   1   0   55.5308   1   0   55.5308   1   0   111.136   0   1   111.136   0   1   113.136   0   1   113.136   0   1   
5   52.7987   1   0   52.7988   1   0   56.2628   1   0   56.2629   1   0   110.404   0   1   110.404   0   1   113.868   0   1   113.868   0   1   
6   52.5308   1   0   52.5308   1   0   56.5308   1   0   56.5308   1   0   110.136   0   1   110.136   0   1   114.136   0   1   114.136   0   1   
7   51.5308   1   0   53.5308   1   0   55.5308   1   0   57.5308   1   0   109.136   0   1   111.136   0   1   113.136   0   1   115.136   0   1   
8   50.7987   1   0   54.2628   1   0   54.7987   1   0   58.2628   1   0   108.404   0   1   111.868   0   1   112.404   0   1   115.868   0   1   
9   50.5308   1   0   54.5307   1   0   54.5309   1   0   58.5308   1   0   108.136   0   1   112.136   0   1   112.136   0   1   116.136   0   1   
10   50.7987   1   0   54.2628   1   0   54.7987   1   0   58.2628   1   0   108.404   0   1   111.868   0   1   112.404   0   1   115.868   0   1   
11   51.5308   1   0   53.5308   1   0   55.5308   1   0   57.5308   1   0   109.136   0   1   111.136   0   1   113.136   0   1   115.136   0   1   
12   52.5308   1   0   52.5308   1   0   56.5308   1   0   56.5308   1   0   110.136   0   1   110.136   0   1   114.136   0   1   114.136   0   1   
13   52.7987   1   0   52.7987   1   0   56.2628   1   0   56.2629   1   0   110.404   0   1   110.404   0   1   113.868   0   1   113.868   0   1   
14   53.5308   1   0   53.5308   1   0   55.5308   1   0   55.5308   1   0   111.136   0   1   111.136   0   1   113.136   0   1   113.136   0   1   
15   54.5307   1   0   54.5307   1   0   54.5309   1   0   54.5309   1   0   112.136   0   1   112.136   0   1   112.136   0   1   112.136   0   1   
16   52.5308   1   0   54.5307   1   0   54.5309   1   0   56.5308   1   0   110.136   0   1   112.136   0   1   112.136   0   1   114.136   0   1   
17   51.0667   1   0   54.5307   1   0   54.5309   1   0   57.9949   1   0   108.672   0   1   112.136   0   1   112.136   0   1   115.6   0   1   
18   50.5308   1   0   54.5307   1   0   54.5309   1   0   58.5308   1   0   108.136   0   1   112.136   0   1   112.136   0   1   116.136   0   1   
19   50.5308   1   0   54.5307   1   0   54.5309   1   0   58.5308   1   0   108.136   0   1   112.136   0   1   112.136   0   1   116.136   0   1   
