0   0   0   -1.31228   2.68772   2.68772   6.68772   326.646   330.646   330.646   334.646   
1   1   0   -1.04433   2.41977   2.95567   6.41977   326.914   330.378   330.914   334.378   
2   2   0   -0.312279   1.68772   3.68772   5.68772   327.646   329.646   331.646   333.646   
3   3   0   0.68772   0.687723   4.68772   4.68772   328.646   328.646   332.646   332.646   
4   4   0   -0.312279   1.68772   3.68772   5.68772   327.646   329.646   331.646   333.646   
5   5   0   -1.04433   2.41977   2.95567   6.41977   326.914   330.378   330.914   334.378   

6   0   1   -1.04433   2.41977   2.95567   6.41977   326.914   330.378   330.914   334.378   
7   1   1   -0.77638   2.68772   2.68772   6.15182   327.182   330.646   330.646   334.11   
8   2   1   -0.0443295   1.95567   3.41977   5.41977   327.914   329.914   331.378   333.378   
9   3   1   0.955669   0.955672   4.41977   4.41977   328.914   328.914   332.378   332.378   
10   4   1   -0.0443295   1.95567   3.41977   5.41977   327.914   329.914   331.378   333.378   
11   5   1   -0.77638   2.68772   2.68772   6.15182   327.182   330.646   330.646   334.11   

12   0   2   -0.312279   1.68772   3.68772   5.68772   327.646   329.646   331.646   333.646   
13   1   2   -0.0443295   1.95567   3.41977   5.41977   327.914   329.914   331.378   333.378   
14   2   2   0.687721   2.68772   2.68772   4.68772   328.646   330.646   330.646   332.646   
15   3   2   1.68772   1.68772   3.68772   3.68772   329.646   329.646   331.646   331.646   
16   4   2   0.687721   2.68772   2.68772   4.68772   328.646   330.646   330.646   332.646   
17   5   2   -0.0443295   1.95567   3.41977   5.41977   327.914   329.914   331.378   333.378   

18   0   3   0.68772   0.687723   4.68772   4.68772   328.646   328.646   332.646   332.646   
19   1   3   0.955669   0.955672   4.41977   4.41977   328.914   328.914   332.378   332.378   
20   2   3   1.68772   1.68772   3.68772   3.68772   329.646   329.646   331.646   331.646   
21   3   3   2.68772   2.68772   2.68772   2.68772   330.646   330.646   330.646   330.646   
22   4   3   1.68772   1.68772   3.68772   3.68772   329.646   329.646   331.646   331.646   
23   5   3   0.955669   0.955672   4.41977   4.41977   328.914   328.914   332.378   332.378   

24   0   4   -0.312279   1.68772   3.68772   5.68772   327.646   329.646   331.646   333.646   
25   1   4   -0.0443295   1.95567   3.41977   5.41977   327.914   329.914   331.378   333.378   
26   2   4   0.687721   2.68772   2.68772   4.68772   328.646   330.646   330.646   332.646   
27   3   4   1.68772   1.68772   3.68772   3.68772   329.646   329.646   331.646   331.646   
28   4   4   0.687721   2.68772   2.68772   4.68772   328.646   330.646   330.646   332.646   
29   5   4   -0.0443295   1.95567   3.41977   5.41977   327.914   329.914   331.378   333.378   

30   0   5   -1.04433   2.41977   2.95567   6.41977   326.914   330.378   330.914   334.378   
31   1   5   -0.77638   2.68772   2.68772   6.15182   327.182   330.646   330.646   334.11   
32   2   5   -0.0443295   1.95567   3.41977   5.41977   327.914   329.914   331.378   333.378   
33   3   5   0.955669   0.955672   4.41977   4.41977   328.914   328.914   332.378   332.378   
34   4   5   -0.0443295   1.95567   3.41977   5.41977   327.914   329.914   331.378   333.378   
35   5   5   -0.77638   2.68772   2.68772   6.15182   327.182   330.646   330.646   334.11   

