0   206.333   206.333   208.333   208.333   208.333   208.333   210.333   210.333   
1   205.601   205.601   207.601   207.601   209.065   209.065   211.065   211.065   
2   204.333   204.333   208.333   208.333   208.333   208.333   212.333   212.333   
3   205.601   205.601   207.601   207.601   209.065   209.065   211.065   211.065   
4   206.333   206.333   208.333   208.333   208.333   208.333   210.333   210.333   
5   208.333   208.333   208.333   208.333   208.333   208.333   208.333   208.333   
6   206.333   206.333   208.333   208.333   208.333   208.333   210.333   210.333   
7   205.333   205.333   207.333   207.333   209.333   209.333   211.333   211.333   
8   205.333   205.333   207.333   207.333   209.333   209.333   211.333   211.333   
9   206.333   206.333   208.333   208.333   208.333   208.333   210.333   210.333   
