0   -2   -2.38699e-10   -5.75379e-11   2   81.3334   83.3334   83.3334   85.3334   
1   -2.73205   -0.732051   0.732051   2.73205   80.6013   82.6013   84.0654   86.0654   
2   -4   -2.38699e-10   -5.75379e-11   4   79.3334   83.3334   83.3334   87.3334   
3   -2.73205   -0.732051   0.732051   2.73205   80.6013   82.6013   84.0654   86.0654   
4   -2   -2.38699e-10   -5.75379e-11   2   81.3334   83.3334   83.3334   85.3334   
5   -4.39987e-10   -6.04093e-11   -5.46665e-11   -3.74106e-11   83.3334   83.3334   83.3334   83.3334   
6   -2   -2.38699e-10   -5.75379e-11   2   81.3334   83.3334   83.3334   85.3334   
7   -3   -1   1   3   80.3334   82.3334   84.3334   86.3334   
8   -3   -1   1   3   80.3334   82.3334   84.3334   86.3334   
9   -2   -2.38699e-10   -5.75379e-11   2   81.3334   83.3334   83.3334   85.3334   
