0   77.7745   81.7745   81.7746   85.7745   247.559   251.559   251.559   255.559   
1   79.0425   81.0425   82.5066   84.5066   248.827   250.827   252.291   254.291   
2   79.7745   81.7745   81.7746   83.7745   249.559   251.559   251.559   253.559   
3   81.7744   81.7745   81.7745   81.7746   251.559   251.559   251.559   251.559   
4   79.7745   81.7745   81.7746   83.7745   249.559   251.559   251.559   253.559   
5   79.0425   81.0425   82.5066   84.5066   248.827   250.827   252.291   254.291   
6   77.7745   81.7745   81.7746   85.7745   247.559   251.559   251.559   255.559   
7   78.3104   81.7745   81.7746   85.2386   248.095   251.559   251.559   255.023   
8   79.7745   81.7745   81.7746   83.7745   249.559   251.559   251.559   253.559   
9   81.7744   81.7745   81.7745   81.7746   251.559   251.559   251.559   251.559   
# Gamma(0)-->K(2)-->K_prime(4)-->Gamma(6)-->M(9)
