0   0.687721   2.68772   2.68772   4.68772   328.646   330.646   330.646   332.646   
1   -0.0443295   1.95567   3.41977   5.41977   327.914   329.914   331.378   333.378   
2   -1.31228   2.68772   2.68772   6.68772   326.646   330.646   330.646   334.646   
3   -0.0443295   1.95567   3.41977   5.41977   327.914   329.914   331.378   333.378   
4   0.687721   2.68772   2.68772   4.68772   328.646   330.646   330.646   332.646   
5   2.68772   2.68772   2.68772   2.68772   330.646   330.646   330.646   330.646   
6   0.687721   2.68772   2.68772   4.68772   328.646   330.646   330.646   332.646   
7   -0.312279   1.68772   3.68772   5.68772   327.646   329.646   331.646   333.646   
8   -0.312279   1.68772   3.68772   5.68772   327.646   329.646   331.646   333.646   
9   0.687721   2.68772   2.68772   4.68772   328.646   330.646   330.646   332.646   
