0   0   0   61.5978   65.5977   65.598   69.5978   97.0689   101.069   101.069   105.069   
1   1   0   61.8658   65.3299   65.8658   69.3299   97.3368   100.801   101.337   104.801   
2   2   0   62.5978   64.5978   66.5978   68.5978   98.0689   100.069   102.069   104.069   
3   3   0   63.5976   63.5981   67.5976   67.5981   99.0686   99.0691   103.069   103.069   
4   4   0   62.5978   64.5978   66.5978   68.5978   98.0689   100.069   102.069   104.069   
5   5   0   61.8658   65.3299   65.8658   69.3299   97.3368   100.801   101.337   104.801   

6   0   1   61.8658   65.3299   65.8658   69.3299   97.3368   100.801   101.337   104.801   
7   1   1   62.1337   65.5977   65.598   69.062   97.6048   101.069   101.069   104.533   
8   2   1   62.8658   64.8658   66.3299   68.3299   98.3368   100.337   101.801   103.801   
9   3   1   63.8656   63.866   67.3297   67.3301   99.3366   99.337   102.801   102.801   
10   4   1   62.8658   64.8658   66.3299   68.3299   98.3368   100.337   101.801   103.801   
11   5   1   62.1337   65.5977   65.598   69.062   97.6048   101.069   101.069   104.533   

12   0   2   62.5978   64.5978   66.5978   68.5978   98.0689   100.069   102.069   104.069   
13   1   2   62.8658   64.8658   66.3299   68.3299   98.3368   100.337   101.801   103.801   
14   2   2   63.5978   65.5977   65.598   67.5978   99.0689   101.069   101.069   103.069   
15   3   2   64.5976   64.5981   66.5976   66.5981   100.069   100.069   102.069   102.069   
16   4   2   63.5978   65.5977   65.598   67.5978   99.0689   101.069   101.069   103.069   
17   5   2   62.8658   64.8658   66.3299   68.3299   98.3368   100.337   101.801   103.801   

18   0   3   63.5977   63.598   67.5977   67.598   99.0687   99.0691   103.069   103.069   
19   1   3   63.8656   63.866   67.3297   67.3301   99.3366   99.337   102.801   102.801   
20   2   3   64.5977   64.598   66.5977   66.598   100.069   100.069   102.069   102.069   
21   3   3   65.5976   65.5977   65.5978   65.5984   101.068   101.069   101.069   101.069   
22   4   3   64.5977   64.598   66.5977   66.598   100.069   100.069   102.069   102.069   
23   5   3   63.8656   63.866   67.3297   67.3301   99.3366   99.337   102.801   102.801   

24   0   4   62.5978   64.5978   66.5978   68.5978   98.0689   100.069   102.069   104.069   
25   1   4   62.8658   64.8658   66.3299   68.3299   98.3368   100.337   101.801   103.801   
26   2   4   63.5978   65.5977   65.598   67.5978   99.0689   101.069   101.069   103.069   
27   3   4   64.5976   64.5981   66.5976   66.5981   100.069   100.069   102.069   102.069   
28   4   4   63.5978   65.5977   65.598   67.5978   99.0689   101.069   101.069   103.069   
29   5   4   62.8658   64.8658   66.3299   68.3299   98.3368   100.337   101.801   103.801   

30   0   5   61.8658   65.3299   65.8658   69.3299   97.3368   100.801   101.337   104.801   
31   1   5   62.1337   65.5977   65.598   69.062   97.6048   101.069   101.069   104.533   
32   2   5   62.8658   64.8658   66.3299   68.3299   98.3368   100.337   101.801   103.801   
33   3   5   63.8656   63.866   67.3297   67.3301   99.3366   99.337   102.801   102.801   
34   4   5   62.8658   64.8658   66.3299   68.3299   98.3368   100.337   101.801   103.801   
35   5   5   62.1337   65.5977   65.598   69.062   97.6048   101.069   101.069   104.533   

