0   17.4999   21.4999   21.5   25.4999   141.167   145.167   145.167   149.167   
1   18.7679   20.7679   22.232   24.232   142.435   144.435   145.899   147.899   
2   19.4999   21.4999   21.5   23.4999   143.167   145.167   145.167   147.167   
3   21.4999   21.4999   21.4999   21.5   145.167   145.167   145.167   145.167   
4   19.4999   21.4999   21.5   23.4999   143.167   145.167   145.167   147.167   
5   18.7679   20.7679   22.232   24.232   142.435   144.435   145.899   147.899   
6   17.4999   21.4999   21.5   25.4999   141.167   145.167   145.167   149.167   
7   18.0358   21.4999   21.5   24.964   141.703   145.167   145.167   148.631   
8   19.4999   21.4999   21.5   23.4999   143.167   145.167   145.167   147.167   
9   21.4999   21.4999   21.4999   21.5   145.167   145.167   145.167   145.167   
# Gamma(0)-->K(2)-->K_prime(4)-->Gamma(6)-->M(9)
