#kindex  E(k,1)  UP  DOWN  E(k,2)  UP DOWN  .....
0   162.666   1   0   162.667   0   1   166.666   1   0   166.666   1   0   166.667   0   1   166.667   0   1   170.666   1   0   170.667   0   1   
1   163.202   1   0   163.203   0   1   166.666   1   0   166.666   1   0   166.667   0   1   166.667   0   1   170.13   1   0   170.131   0   1   
2   164.666   1   0   164.667   0   1   166.666   1   0   166.666   1   0   166.667   0   1   166.667   0   1   168.666   1   0   168.667   0   1   
3   166.664   1   0   166.665   0   1   166.666   1   0   166.666   1   0   166.667   0   1   166.667   0   1   166.669   1   0   166.669   0   1   
4   165.665   1   0   165.666   0   1   165.668   1   0   165.668   0   1   167.665   1   0   167.666   0   1   167.668   1   0   167.668   0   1   
5   164.933   1   0   164.934   0   1   164.935   1   0   164.936   0   1   168.397   1   0   168.398   0   1   168.4   1   0   168.4   0   1   
6   164.665   1   0   164.666   0   1   164.668   1   0   164.668   0   1   168.665   1   0   168.666   0   1   168.668   1   0   168.668   0   1   
7   163.666   1   0   163.667   0   1   165.666   1   0   165.667   0   1   167.666   1   0   167.667   0   1   169.666   1   0   169.667   0   1   
8   162.934   1   0   162.935   0   1   166.398   1   0   166.399   0   1   166.934   1   0   166.935   0   1   170.398   1   0   170.399   0   1   
9   162.666   1   0   162.667   0   1   166.666   1   0   166.666   1   0   166.667   0   1   166.667   0   1   170.666   1   0   170.667   0   1   
10   162.934   1   0   162.935   0   1   166.398   1   0   166.399   0   1   166.934   1   0   166.935   0   1   170.398   1   0   170.399   0   1   
11   163.666   1   0   163.667   0   1   165.666   1   0   165.667   0   1   167.666   1   0   167.667   0   1   169.666   1   0   169.667   0   1   
12   164.665   1   0   164.666   0   1   164.667   1   0   164.668   0   1   168.665   1   0   168.666   0   1   168.667   1   0   168.668   0   1   
13   164.933   1   0   164.934   0   1   164.935   1   0   164.936   0   1   168.397   1   0   168.398   0   1   168.399   1   0   168.4   0   1   
14   165.665   1   0   165.666   0   1   165.667   1   0   165.668   0   1   167.665   1   0   167.666   0   1   167.667   1   0   167.668   0   1   
15   166.664   1   0   166.665   0   1   166.666   1   0   166.666   1   0   166.667   0   1   166.667   0   1   166.669   1   0   166.669   0   1   
16   164.666   1   0   164.667   0   1   166.666   1   0   166.666   1   0   166.667   0   1   166.667   0   1   168.666   1   0   168.667   0   1   
17   163.202   1   0   163.203   0   1   166.666   1   0   166.666   1   0   166.667   0   1   166.667   0   1   170.13   1   0   170.131   0   1   
18   162.666   1   0   162.667   0   1   166.666   1   0   166.666   1   0   166.667   0   1   166.667   0   1   170.666   1   0   170.667   0   1   
19   162.666   1   0   162.667   0   1   166.666   1   0   166.666   1   0   166.667   0   1   166.667   0   1   170.666   1   0   170.667   0   1   
