#kindex  E(k,1)  UP  DOWN  E(k,2)  UP DOWN  .....
0   6.5555   1   0   10.5555   1   0   10.5555   1   0   14.5555   1   0   152.111   0   1   156.111   0   1   156.111   0   1   160.111   0   1   
1   7.09139   1   0   10.5555   1   0   10.5555   1   0   14.0196   1   0   152.647   0   1   156.111   0   1   156.111   0   1   159.575   0   1   
2   8.5555   1   0   10.5555   1   0   10.5555   1   0   12.5555   1   0   154.111   0   1   156.111   0   1   156.111   0   1   158.111   0   1   
3   10.5555   1   0   10.5555   1   0   10.5555   1   0   10.5555   1   0   156.111   0   1   156.111   0   1   156.111   0   1   156.111   0   1   
4   9.55549   1   0   9.5555   1   0   11.5555   1   0   11.5555   1   0   155.111   0   1   155.111   0   1   157.111   0   1   157.111   0   1   
5   8.82344   1   0   8.82345   1   0   12.2875   1   0   12.2876   1   0   154.379   0   1   154.379   0   1   157.843   0   1   157.843   0   1   
6   8.55549   1   0   8.5555   1   0   12.5555   1   0   12.5555   1   0   154.111   0   1   154.111   0   1   158.111   0   1   158.111   0   1   
7   7.5555   1   0   9.5555   1   0   11.5555   1   0   13.5555   1   0   153.111   0   1   155.111   0   1   157.111   0   1   159.111   0   1   
8   6.82344   1   0   10.2875   1   0   10.8234   1   0   14.2875   1   0   152.379   0   1   155.843   0   1   156.379   0   1   159.843   0   1   
9   6.5555   1   0   10.5555   1   0   10.5555   1   0   14.5555   1   0   152.111   0   1   156.111   0   1   156.111   0   1   160.111   0   1   
10   6.82344   1   0   10.2875   1   0   10.8234   1   0   14.2875   1   0   152.379   0   1   155.843   0   1   156.379   0   1   159.843   0   1   
11   7.5555   1   0   9.5555   1   0   11.5555   1   0   13.5555   1   0   153.111   0   1   155.111   0   1   157.111   0   1   159.111   0   1   
12   8.5555   1   0   8.5555   1   0   12.5555   1   0   12.5555   1   0   154.111   0   1   154.111   0   1   158.111   0   1   158.111   0   1   
13   8.82344   1   0   8.82344   1   0   12.2875   1   0   12.2875   1   0   154.379   0   1   154.379   0   1   157.843   0   1   157.843   0   1   
14   9.5555   1   0   9.5555   1   0   11.5555   1   0   11.5555   1   0   155.111   0   1   155.111   0   1   157.111   0   1   157.111   0   1   
15   10.5555   1   0   10.5555   1   0   10.5555   1   0   10.5555   1   0   156.111   0   1   156.111   0   1   156.111   0   1   156.111   0   1   
16   8.5555   1   0   10.5555   1   0   10.5555   1   0   12.5555   1   0   154.111   0   1   156.111   0   1   156.111   0   1   158.111   0   1   
17   7.09139   1   0   10.5555   1   0   10.5555   1   0   14.0196   1   0   152.647   0   1   156.111   0   1   156.111   0   1   159.575   0   1   
18   6.5555   1   0   10.5555   1   0   10.5555   1   0   14.5555   1   0   152.111   0   1   156.111   0   1   156.111   0   1   160.111   0   1   
19   6.5555   1   0   10.5555   1   0   10.5555   1   0   14.5555   1   0   152.111   0   1   156.111   0   1   156.111   0   1   160.111   0   1   
