0   -4   -3.68711e-08   -8.89364e-09   4   79.3333   83.3333   83.3333   87.3333   
1   -2.73205   -0.732051   0.732051   2.73205   80.6013   82.6013   84.0654   86.0654   
2   -2   -3.68711e-08   -8.89364e-09   2   81.3333   83.3333   83.3333   85.3333   
3   -6.79634e-08   -9.33135e-09   -8.45593e-09   -5.77873e-09   83.3333   83.3333   83.3333   83.3333   
4   -2   -3.68711e-08   -8.89364e-09   2   81.3333   83.3333   83.3333   85.3333   
5   -2.73205   -0.732051   0.732051   2.73205   80.6013   82.6013   84.0654   86.0654   
6   -4   -3.68711e-08   -8.89364e-09   4   79.3333   83.3333   83.3333   87.3333   
7   -3.4641   -3.68711e-08   -8.89364e-09   3.4641   79.8692   83.3333   83.3333   86.7974   
8   -2   -3.68711e-08   -8.89364e-09   2   81.3333   83.3333   83.3333   85.3333   
9   -6.79634e-08   -9.33135e-09   -8.45593e-09   -5.77873e-09   83.3333   83.3333   83.3333   83.3333   
# Gamma(0)-->K(2)-->K_prime(4)-->Gamma(6)-->M(9)
