0   6.83532   10.8353   10.8353   14.8353   68.498   72.498   72.498   76.498   
1   8.10327   10.1033   11.5674   13.5674   69.7659   71.7659   73.23   75.23   
2   8.83532   10.8353   10.8353   12.8353   70.498   72.498   72.498   74.498   
3   10.8353   10.8353   10.8353   10.8353   72.498   72.498   72.498   72.498   
4   8.83532   10.8353   10.8353   12.8353   70.498   72.498   72.498   74.498   
5   8.10327   10.1033   11.5674   13.5674   69.7659   71.7659   73.23   75.23   
6   6.83532   10.8353   10.8353   14.8353   68.498   72.498   72.498   76.498   
7   7.37122   10.8353   10.8353   14.2994   69.0339   72.498   72.498   75.9621   
8   8.83532   10.8353   10.8353   12.8353   70.498   72.498   72.498   74.498   
9   10.8353   10.8353   10.8353   10.8353   72.498   72.498   72.498   72.498   
# Gamma(0)-->K(2)-->K_prime(4)-->Gamma(6)-->M(9)
