0   0   0   204.333   204.333   208.333   208.333   208.333   208.333   212.333   212.333   
1   1   0   204.601   204.601   208.065   208.065   208.601   208.601   212.065   212.065   
2   2   0   205.333   205.333   207.333   207.333   209.333   209.333   211.333   211.333   
3   3   0   206.333   206.333   206.333   206.333   210.333   210.333   210.333   210.333   
4   4   0   205.333   205.333   207.333   207.333   209.333   209.333   211.333   211.333   
5   5   0   204.601   204.601   208.065   208.065   208.601   208.601   212.065   212.065   

6   0   1   204.601   204.601   208.065   208.065   208.601   208.601   212.065   212.065   
7   1   1   204.869   204.869   208.333   208.333   208.333   208.333   211.797   211.797   
8   2   1   205.601   205.601   207.601   207.601   209.065   209.065   211.065   211.065   
9   3   1   206.601   206.601   206.601   206.601   210.065   210.065   210.065   210.065   
10   4   1   205.601   205.601   207.601   207.601   209.065   209.065   211.065   211.065   
11   5   1   204.869   204.869   208.333   208.333   208.333   208.333   211.797   211.797   

12   0   2   205.333   205.333   207.333   207.333   209.333   209.333   211.333   211.333   
13   1   2   205.601   205.601   207.601   207.601   209.065   209.065   211.065   211.065   
14   2   2   206.333   206.333   208.333   208.333   208.333   208.333   210.333   210.333   
15   3   2   207.333   207.333   207.333   207.333   209.333   209.333   209.333   209.333   
16   4   2   206.333   206.333   208.333   208.333   208.333   208.333   210.333   210.333   
17   5   2   205.601   205.601   207.601   207.601   209.065   209.065   211.065   211.065   

18   0   3   206.333   206.333   206.333   206.333   210.333   210.333   210.333   210.333   
19   1   3   206.601   206.601   206.601   206.601   210.065   210.065   210.065   210.065   
20   2   3   207.333   207.333   207.333   207.333   209.333   209.333   209.333   209.333   
21   3   3   208.333   208.333   208.333   208.333   208.333   208.333   208.333   208.333   
22   4   3   207.333   207.333   207.333   207.333   209.333   209.333   209.333   209.333   
23   5   3   206.601   206.601   206.601   206.601   210.065   210.065   210.065   210.065   

24   0   4   205.333   205.333   207.333   207.333   209.333   209.333   211.333   211.333   
25   1   4   205.601   205.601   207.601   207.601   209.065   209.065   211.065   211.065   
26   2   4   206.333   206.333   208.333   208.333   208.333   208.333   210.333   210.333   
27   3   4   207.333   207.333   207.333   207.333   209.333   209.333   209.333   209.333   
28   4   4   206.333   206.333   208.333   208.333   208.333   208.333   210.333   210.333   
29   5   4   205.601   205.601   207.601   207.601   209.065   209.065   211.065   211.065   

30   0   5   204.601   204.601   208.065   208.065   208.601   208.601   212.065   212.065   
31   1   5   204.869   204.869   208.333   208.333   208.333   208.333   211.797   211.797   
32   2   5   205.601   205.601   207.601   207.601   209.065   209.065   211.065   211.065   
33   3   5   206.601   206.601   206.601   206.601   210.065   210.065   210.065   210.065   
34   4   5   205.601   205.601   207.601   207.601   209.065   209.065   211.065   211.065   
35   5   5   204.869   204.869   208.333   208.333   208.333   208.333   211.797   211.797   

