0   14.1176   18.1176   18.1176   22.1176   61.2157   65.2157   65.2157   69.2157   
1   15.3856   17.3856   18.8497   20.8497   62.4837   64.4837   65.9478   67.9478   
2   16.1176   18.1176   18.1176   20.1176   63.2157   65.2157   65.2157   67.2157   
3   18.1176   18.1176   18.1176   18.1176   65.2157   65.2157   65.2157   65.2158   
4   16.1176   18.1176   18.1176   20.1176   63.2157   65.2157   65.2157   67.2157   
5   15.3856   17.3856   18.8497   20.8497   62.4837   64.4837   65.9478   67.9478   
6   14.1176   18.1176   18.1176   22.1176   61.2157   65.2157   65.2157   69.2157   
7   14.6535   18.1176   18.1176   21.5817   61.7516   65.2157   65.2157   68.6798   
8   16.1176   18.1176   18.1176   20.1176   63.2157   65.2157   65.2157   67.2157   
9   18.1176   18.1176   18.1176   18.1176   65.2157   65.2157   65.2157   65.2158   
# Gamma(0)-->K(2)-->K_prime(4)-->Gamma(6)-->M(9)
