0   52.2261   56.2261   56.2261   60.2261   356.44   360.44   360.44   364.44   
1   53.494   55.494   56.9581   58.9581   357.708   359.708   361.172   363.172   
2   54.2261   56.2261   56.2261   58.2261   358.44   360.44   360.44   362.44   
3   56.2261   56.2261   56.2261   56.2261   360.44   360.44   360.44   360.44   
4   54.2261   56.2261   56.2261   58.2261   358.44   360.44   360.44   362.44   
5   53.494   55.494   56.9581   58.9581   357.708   359.708   361.172   363.172   
6   52.2261   56.2261   56.2261   60.2261   356.44   360.44   360.44   364.44   
7   52.762   56.2261   56.2261   59.6902   356.976   360.44   360.44   363.904   
8   54.2261   56.2261   56.2261   58.2261   358.44   360.44   360.44   362.44   
9   56.2261   56.2261   56.2261   56.2261   360.44   360.44   360.44   360.44   
# Gamma(0)-->K(2)-->K_prime(4)-->Gamma(6)-->M(9)
