0   -1.90702   -1.90698   1.55029   1.55045   10.5673   10.5675   
1   -1.90626   -1.89093   1.53844   1.55964   10.5574   10.5633   
2   -1.90412   -1.84309   1.50274   1.58696   10.5279   10.5511   
3   -1.90076   -1.7646   1.44355   1.63087   10.4807   10.5318   
4   -1.89647   -1.6573   1.36139   1.68893   10.4183   10.5067   
5   -1.89159   -1.52375   1.25711   1.75778   10.3446   10.4774   
6   -1.88649   -1.36726   1.13201   1.83322   10.2641   10.446   
7   -1.88154   -1.19198   0.988089   1.91033   10.182   10.4147   
8   -1.87704   -1.00311   0.828424   1.98377   10.104   10.3855   
9   -1.87327   -0.807789   0.65816   2.04812   10.0359   10.3604   
10   -1.87043   -0.61768   0.487266   2.09833   9.98287   10.3412   
11   -1.86866   -0.457949   0.339608   2.13028   9.94916   10.3291   
12   -1.86807   -0.387409   0.273185   2.14125   9.93759   10.325   
13   -1.851   -0.381044   0.273185   2.12418   9.93759   10.3186   
14   -1.80008   -0.362337   0.273185   2.07327   9.93759   10.2999   
15   -1.71621   -0.332444   0.273185   1.98939   9.93759   10.27   
16   -1.60084   -0.293231   0.273185   1.87402   9.93759   10.2308   
17   -1.45598   -0.247196   0.273185   1.72917   9.93759   10.1848   
18   -1.2842   -0.197337   0.273185   1.55739   9.93759   10.1349   
19   -1.08857   -0.146993   0.273185   1.36175   9.93759   10.0846   
20   -0.872693   -0.0996292   0.273185   1.14588   9.93759   10.0372   
21   -0.640867   -0.0586009   0.273185   0.914052   9.93759   9.99619   
22   -0.398764   -0.0268904   0.273185   0.671949   9.93759   9.96448   
23   -0.158036   -0.00685291   0.273185   0.431221   9.93759   9.94445   
24   -5.64089e-32   1.44319e-15   0.273185   0.273185   9.93759   9.93759   
25   -0.162539   -0.162529   0.428783   0.428795   9.94452   9.94452   
26   -0.411531   -0.411512   0.656614   0.656643   9.96567   9.96568   
27   -0.662584   -0.662559   0.871488   0.871535   10.0018   10.0018   
28   -0.902286   -0.902255   1.05947   1.05954   10.0535   10.0536   
29   -1.12405   -1.12401   1.21466   1.21475   10.1201   10.1201   
30   -1.32335   -1.32332   1.33523   1.33533   10.1988   10.1989   
31   -1.49686   -1.49682   1.42276   1.42289   10.2847   10.2848   
32   -1.64201   -1.64197   1.48164   1.48178   10.371   10.3711   
33   -1.75686   -1.75682   1.51791   1.51806   10.4496   10.4497   
34   -1.83993   -1.83989   1.53801   1.53818   10.5125   10.5127   
35   -1.89019   -1.89016   1.54755   1.54772   10.5533   10.5534   
36   -1.90702   -1.90698   1.55029   1.55045   10.5673   10.5675   
37   -1.90702   -1.90698   1.55029   1.55045   10.5673   10.5675   
