0   0   0   6.5555   10.5555   10.5555   14.5555   152.111   156.111   156.111   160.111   
1   1   0   6.82344   10.2875   10.8234   14.2875   152.379   155.843   156.379   159.843   
2   2   0   7.5555   9.5555   11.5555   13.5555   153.111   155.111   157.111   159.111   
3   3   0   8.55549   8.5555   12.5555   12.5555   154.111   154.111   158.111   158.111   
4   4   0   7.5555   9.5555   11.5555   13.5555   153.111   155.111   157.111   159.111   
5   5   0   6.82344   10.2875   10.8234   14.2875   152.379   155.843   156.379   159.843   

6   0   1   6.82344   10.2875   10.8234   14.2875   152.379   155.843   156.379   159.843   
7   1   1   7.09139   10.5555   10.5555   14.0196   152.647   156.111   156.111   159.575   
8   2   1   7.82344   9.82344   11.2875   13.2875   153.379   155.379   156.843   158.843   
9   3   1   8.82344   8.82345   12.2875   12.2876   154.379   154.379   157.843   157.843   
10   4   1   7.82344   9.82344   11.2875   13.2875   153.379   155.379   156.843   158.843   
11   5   1   7.09139   10.5555   10.5555   14.0196   152.647   156.111   156.111   159.575   

12   0   2   7.5555   9.5555   11.5555   13.5555   153.111   155.111   157.111   159.111   
13   1   2   7.82344   9.82344   11.2875   13.2875   153.379   155.379   156.843   158.843   
14   2   2   8.5555   10.5555   10.5555   12.5555   154.111   156.111   156.111   158.111   
15   3   2   9.55549   9.5555   11.5555   11.5555   155.111   155.111   157.111   157.111   
16   4   2   8.5555   10.5555   10.5555   12.5555   154.111   156.111   156.111   158.111   
17   5   2   7.82344   9.82344   11.2875   13.2875   153.379   155.379   156.843   158.843   

18   0   3   8.5555   8.5555   12.5555   12.5555   154.111   154.111   158.111   158.111   
19   1   3   8.82344   8.82344   12.2875   12.2875   154.379   154.379   157.843   157.843   
20   2   3   9.5555   9.5555   11.5555   11.5555   155.111   155.111   157.111   157.111   
21   3   3   10.5555   10.5555   10.5555   10.5555   156.111   156.111   156.111   156.111   
22   4   3   9.5555   9.5555   11.5555   11.5555   155.111   155.111   157.111   157.111   
23   5   3   8.82344   8.82344   12.2875   12.2875   154.379   154.379   157.843   157.843   

24   0   4   7.5555   9.5555   11.5555   13.5555   153.111   155.111   157.111   159.111   
25   1   4   7.82344   9.82344   11.2875   13.2875   153.379   155.379   156.843   158.843   
26   2   4   8.5555   10.5555   10.5555   12.5555   154.111   156.111   156.111   158.111   
27   3   4   9.55549   9.5555   11.5555   11.5555   155.111   155.111   157.111   157.111   
28   4   4   8.5555   10.5555   10.5555   12.5555   154.111   156.111   156.111   158.111   
29   5   4   7.82344   9.82344   11.2875   13.2875   153.379   155.379   156.843   158.843   

30   0   5   6.82344   10.2875   10.8234   14.2875   152.379   155.843   156.379   159.843   
31   1   5   7.09139   10.5555   10.5555   14.0196   152.647   156.111   156.111   159.575   
32   2   5   7.82344   9.82344   11.2875   13.2875   153.379   155.379   156.843   158.843   
33   3   5   8.82344   8.82345   12.2875   12.2876   154.379   154.379   157.843   157.843   
34   4   5   7.82344   9.82344   11.2875   13.2875   153.379   155.379   156.843   158.843   
35   5   5   7.09139   10.5555   10.5555   14.0196   152.647   156.111   156.111   159.575   

