0   0   0   52.2261   56.2261   56.2261   60.2261   356.44   360.44   360.44   364.44   
1   1   0   52.494   55.9581   56.494   59.9581   356.708   360.172   360.708   364.172   
2   2   0   53.2261   55.2261   57.2261   59.2261   357.44   359.44   361.44   363.44   
3   3   0   54.2261   54.2261   58.2261   58.2261   358.44   358.44   362.44   362.44   
4   4   0   53.2261   55.2261   57.2261   59.2261   357.44   359.44   361.44   363.44   
5   5   0   52.494   55.9581   56.494   59.9581   356.708   360.172   360.708   364.172   

6   0   1   52.494   55.9581   56.494   59.9581   356.708   360.172   360.708   364.172   
7   1   1   52.762   56.2261   56.2261   59.6902   356.976   360.44   360.44   363.904   
8   2   1   53.494   55.494   56.9581   58.9581   357.708   359.708   361.172   363.172   
9   3   1   54.494   54.4941   57.9581   57.9582   358.708   358.708   362.172   362.172   
10   4   1   53.494   55.494   56.9581   58.9581   357.708   359.708   361.172   363.172   
11   5   1   52.762   56.2261   56.2261   59.6902   356.976   360.44   360.44   363.904   

12   0   2   53.2261   55.2261   57.2261   59.2261   357.44   359.44   361.44   363.44   
13   1   2   53.494   55.494   56.9581   58.9581   357.708   359.708   361.172   363.172   
14   2   2   54.2261   56.2261   56.2261   58.2261   358.44   360.44   360.44   362.44   
15   3   2   55.2261   55.2261   57.2261   57.2261   359.44   359.44   361.44   361.44   
16   4   2   54.2261   56.2261   56.2261   58.2261   358.44   360.44   360.44   362.44   
17   5   2   53.494   55.494   56.9581   58.9581   357.708   359.708   361.172   363.172   

18   0   3   54.2261   54.2261   58.2261   58.2261   358.44   358.44   362.44   362.44   
19   1   3   54.494   54.4941   57.9581   57.9582   358.708   358.708   362.172   362.172   
20   2   3   55.2261   55.2261   57.2261   57.2261   359.44   359.44   361.44   361.44   
21   3   3   56.2261   56.2261   56.2261   56.2261   360.44   360.44   360.44   360.44   
22   4   3   55.2261   55.2261   57.2261   57.2261   359.44   359.44   361.44   361.44   
23   5   3   54.494   54.4941   57.9581   57.9582   358.708   358.708   362.172   362.172   

24   0   4   53.2261   55.2261   57.2261   59.2261   357.44   359.44   361.44   363.44   
25   1   4   53.494   55.494   56.9581   58.9581   357.708   359.708   361.172   363.172   
26   2   4   54.2261   56.2261   56.2261   58.2261   358.44   360.44   360.44   362.44   
27   3   4   55.2261   55.2261   57.2261   57.2261   359.44   359.44   361.44   361.44   
28   4   4   54.2261   56.2261   56.2261   58.2261   358.44   360.44   360.44   362.44   
29   5   4   53.494   55.494   56.9581   58.9581   357.708   359.708   361.172   363.172   

30   0   5   52.494   55.9581   56.494   59.9581   356.708   360.172   360.708   364.172   
31   1   5   52.762   56.2261   56.2261   59.6902   356.976   360.44   360.44   363.904   
32   2   5   53.494   55.494   56.9581   58.9581   357.708   359.708   361.172   363.172   
33   3   5   54.494   54.4941   57.9581   57.9582   358.708   358.708   362.172   362.172   
34   4   5   53.494   55.494   56.9581   58.9581   357.708   359.708   361.172   363.172   
35   5   5   52.762   56.2261   56.2261   59.6902   356.976   360.44   360.44   363.904   

