0   0   0   -4   -2.38699e-10   -5.75379e-11   4   79.3334   83.3334   83.3334   87.3334   
1   1   0   -3.73205   -0.267949   0.267949   3.73205   79.6013   83.0654   83.6013   87.0654   
2   2   0   -3   -1   1   3   80.3334   82.3334   84.3334   86.3334   
3   3   0   -2   -2   2   2   81.3334   81.3334   85.3334   85.3334   
4   4   0   -3   -1   1   3   80.3334   82.3334   84.3334   86.3334   
5   5   0   -3.73205   -0.267949   0.267949   3.73205   79.6013   83.0654   83.6013   87.0654   

6   0   1   -3.73205   -0.267949   0.267949   3.73205   79.6013   83.0654   83.6013   87.0654   
7   1   1   -3.4641   -2.38699e-10   -5.75379e-11   3.4641   79.8693   83.3334   83.3334   86.7975   
8   2   1   -2.73205   -0.732051   0.732051   2.73205   80.6013   82.6013   84.0654   86.0654   
9   3   1   -1.73205   -1.73205   1.73205   1.73205   81.6013   81.6013   85.0654   85.0654   
10   4   1   -2.73205   -0.732051   0.732051   2.73205   80.6013   82.6013   84.0654   86.0654   
11   5   1   -3.4641   -2.38699e-10   -5.75379e-11   3.4641   79.8693   83.3334   83.3334   86.7975   

12   0   2   -3   -1   1   3   80.3334   82.3334   84.3334   86.3334   
13   1   2   -2.73205   -0.732051   0.732051   2.73205   80.6013   82.6013   84.0654   86.0654   
14   2   2   -2   -2.38699e-10   -5.75379e-11   2   81.3334   83.3334   83.3334   85.3334   
15   3   2   -1   -1   1   1   82.3334   82.3334   84.3334   84.3334   
16   4   2   -2   -2.38699e-10   -5.75379e-11   2   81.3334   83.3334   83.3334   85.3334   
17   5   2   -2.73205   -0.732051   0.732051   2.73205   80.6013   82.6013   84.0654   86.0654   

18   0   3   -2   -2   2   2   81.3334   81.3334   85.3334   85.3334   
19   1   3   -1.73205   -1.73205   1.73205   1.73205   81.6013   81.6013   85.0654   85.0654   
20   2   3   -1   -1   1   1   82.3334   82.3334   84.3334   84.3334   
21   3   3   -4.39987e-10   -6.04093e-11   -5.46665e-11   -3.74106e-11   83.3334   83.3334   83.3334   83.3334   
22   4   3   -1   -1   1   1   82.3334   82.3334   84.3334   84.3334   
23   5   3   -1.73205   -1.73205   1.73205   1.73205   81.6013   81.6013   85.0654   85.0654   

24   0   4   -3   -1   1   3   80.3334   82.3334   84.3334   86.3334   
25   1   4   -2.73205   -0.732051   0.732051   2.73205   80.6013   82.6013   84.0654   86.0654   
26   2   4   -2   -2.38699e-10   -5.75379e-11   2   81.3334   83.3334   83.3334   85.3334   
27   3   4   -1   -1   1   1   82.3334   82.3334   84.3334   84.3334   
28   4   4   -2   -2.38699e-10   -5.75379e-11   2   81.3334   83.3334   83.3334   85.3334   
29   5   4   -2.73205   -0.732051   0.732051   2.73205   80.6013   82.6013   84.0654   86.0654   

30   0   5   -3.73205   -0.267949   0.267949   3.73205   79.6013   83.0654   83.6013   87.0654   
31   1   5   -3.4641   -2.38699e-10   -5.75379e-11   3.4641   79.8693   83.3334   83.3334   86.7975   
32   2   5   -2.73205   -0.732051   0.732051   2.73205   80.6013   82.6013   84.0654   86.0654   
33   3   5   -1.73205   -1.73205   1.73205   1.73205   81.6013   81.6013   85.0654   85.0654   
34   4   5   -2.73205   -0.732051   0.732051   2.73205   80.6013   82.6013   84.0654   86.0654   
35   5   5   -3.4641   -2.38699e-10   -5.75379e-11   3.4641   79.8693   83.3334   83.3334   86.7975   

