0   0   0   37.6667   37.6667   41.6667   41.6667   41.6667   41.6667   45.6667   45.6667   
1   1   0   37.9346   37.9346   41.3987   41.3987   41.9346   41.9346   45.3987   45.3987   
2   2   0   38.6667   38.6667   40.6667   40.6667   42.6667   42.6667   44.6667   44.6667   
3   3   0   39.6667   39.6667   39.6667   39.6667   43.6667   43.6667   43.6667   43.6667   
4   4   0   38.6667   38.6667   40.6667   40.6667   42.6667   42.6667   44.6667   44.6667   
5   5   0   37.9346   37.9346   41.3987   41.3987   41.9346   41.9346   45.3987   45.3987   

6   0   1   37.9346   37.9346   41.3987   41.3987   41.9346   41.9346   45.3987   45.3987   
7   1   1   38.2026   38.2026   41.6667   41.6667   41.6667   41.6667   45.1308   45.1308   
8   2   1   38.9346   38.9346   40.9346   40.9346   42.3987   42.3987   44.3987   44.3987   
9   3   1   39.9346   39.9346   39.9346   39.9346   43.3987   43.3987   43.3987   43.3987   
10   4   1   38.9346   38.9346   40.9346   40.9346   42.3987   42.3987   44.3987   44.3987   
11   5   1   38.2026   38.2026   41.6667   41.6667   41.6667   41.6667   45.1308   45.1308   

12   0   2   38.6667   38.6667   40.6667   40.6667   42.6667   42.6667   44.6667   44.6667   
13   1   2   38.9346   38.9346   40.9346   40.9346   42.3987   42.3987   44.3987   44.3987   
14   2   2   39.6667   39.6667   41.6667   41.6667   41.6667   41.6667   43.6667   43.6667   
15   3   2   40.6667   40.6667   40.6667   40.6667   42.6667   42.6667   42.6667   42.6667   
16   4   2   39.6667   39.6667   41.6667   41.6667   41.6667   41.6667   43.6667   43.6667   
17   5   2   38.9346   38.9346   40.9346   40.9346   42.3987   42.3987   44.3987   44.3987   

18   0   3   39.6667   39.6667   39.6667   39.6667   43.6667   43.6667   43.6667   43.6667   
19   1   3   39.9346   39.9346   39.9346   39.9346   43.3987   43.3987   43.3987   43.3987   
20   2   3   40.6667   40.6667   40.6667   40.6667   42.6667   42.6667   42.6667   42.6667   
21   3   3   41.6666   41.6667   41.6667   41.6667   41.6667   41.6667   41.6667   41.6667   
22   4   3   40.6667   40.6667   40.6667   40.6667   42.6667   42.6667   42.6667   42.6667   
23   5   3   39.9346   39.9346   39.9346   39.9346   43.3987   43.3987   43.3987   43.3987   

24   0   4   38.6667   38.6667   40.6667   40.6667   42.6667   42.6667   44.6667   44.6667   
25   1   4   38.9346   38.9346   40.9346   40.9346   42.3987   42.3987   44.3987   44.3987   
26   2   4   39.6667   39.6667   41.6667   41.6667   41.6667   41.6667   43.6667   43.6667   
27   3   4   40.6667   40.6667   40.6667   40.6667   42.6667   42.6667   42.6667   42.6667   
28   4   4   39.6667   39.6667   41.6667   41.6667   41.6667   41.6667   43.6667   43.6667   
29   5   4   38.9346   38.9346   40.9346   40.9346   42.3987   42.3987   44.3987   44.3987   

30   0   5   37.9346   37.9346   41.3987   41.3987   41.9346   41.9346   45.3987   45.3987   
31   1   5   38.2026   38.2026   41.6667   41.6667   41.6667   41.6667   45.1308   45.1308   
32   2   5   38.9346   38.9346   40.9346   40.9346   42.3987   42.3987   44.3987   44.3987   
33   3   5   39.9346   39.9346   39.9346   39.9346   43.3987   43.3987   43.3987   43.3987   
34   4   5   38.9346   38.9346   40.9346   40.9346   42.3987   42.3987   44.3987   44.3987   
35   5   5   38.2026   38.2026   41.6667   41.6667   41.6667   41.6667   45.1308   45.1308   

