0   0   0   -4   -3.68711e-08   -8.89364e-09   4   79.3333   83.3333   83.3333   87.3333   
1   1   0   -3.73205   -0.267949   0.267949   3.73205   79.6013   83.0654   83.6013   87.0654   
2   2   0   -3   -1   1   3   80.3333   82.3333   84.3333   86.3333   
3   3   0   -2   -2   2   2   81.3333   81.3333   85.3333   85.3333   
4   4   0   -3   -1   1   3   80.3333   82.3333   84.3333   86.3333   
5   5   0   -3.73205   -0.267949   0.267949   3.73205   79.6013   83.0654   83.6013   87.0654   

6   0   1   -3.73205   -0.267949   0.267949   3.73205   79.6013   83.0654   83.6013   87.0654   
7   1   1   -3.4641   -3.68711e-08   -8.89364e-09   3.4641   79.8692   83.3333   83.3333   86.7974   
8   2   1   -2.73205   -0.732051   0.732051   2.73205   80.6013   82.6013   84.0654   86.0654   
9   3   1   -1.73205   -1.73205   1.73205   1.73205   81.6013   81.6013   85.0654   85.0654   
10   4   1   -2.73205   -0.732051   0.732051   2.73205   80.6013   82.6013   84.0654   86.0654   
11   5   1   -3.4641   -3.68711e-08   -8.89364e-09   3.4641   79.8692   83.3333   83.3333   86.7974   

12   0   2   -3   -1   1   3   80.3333   82.3333   84.3333   86.3333   
13   1   2   -2.73205   -0.732051   0.732051   2.73205   80.6013   82.6013   84.0654   86.0654   
14   2   2   -2   -3.68711e-08   -8.89364e-09   2   81.3333   83.3333   83.3333   85.3333   
15   3   2   -1   -1   1   1   82.3333   82.3333   84.3333   84.3333   
16   4   2   -2   -3.68711e-08   -8.89364e-09   2   81.3333   83.3333   83.3333   85.3333   
17   5   2   -2.73205   -0.732051   0.732051   2.73205   80.6013   82.6013   84.0654   86.0654   

18   0   3   -2   -2   2   2   81.3333   81.3333   85.3333   85.3333   
19   1   3   -1.73205   -1.73205   1.73205   1.73205   81.6013   81.6013   85.0654   85.0654   
20   2   3   -1   -1   1   1   82.3333   82.3333   84.3333   84.3333   
21   3   3   -6.79634e-08   -9.33135e-09   -8.45593e-09   -5.77873e-09   83.3333   83.3333   83.3333   83.3333   
22   4   3   -1   -1   1   1   82.3333   82.3333   84.3333   84.3333   
23   5   3   -1.73205   -1.73205   1.73205   1.73205   81.6013   81.6013   85.0654   85.0654   

24   0   4   -3   -1   1   3   80.3333   82.3333   84.3333   86.3333   
25   1   4   -2.73205   -0.732051   0.732051   2.73205   80.6013   82.6013   84.0654   86.0654   
26   2   4   -2   -3.68711e-08   -8.89364e-09   2   81.3333   83.3333   83.3333   85.3333   
27   3   4   -1   -1   1   1   82.3333   82.3333   84.3333   84.3333   
28   4   4   -2   -3.68711e-08   -8.89364e-09   2   81.3333   83.3333   83.3333   85.3333   
29   5   4   -2.73205   -0.732051   0.732051   2.73205   80.6013   82.6013   84.0654   86.0654   

30   0   5   -3.73205   -0.267949   0.267949   3.73205   79.6013   83.0654   83.6013   87.0654   
31   1   5   -3.4641   -3.68711e-08   -8.89364e-09   3.4641   79.8692   83.3333   83.3333   86.7974   
32   2   5   -2.73205   -0.732051   0.732051   2.73205   80.6013   82.6013   84.0654   86.0654   
33   3   5   -1.73205   -1.73205   1.73205   1.73205   81.6013   81.6013   85.0654   85.0654   
34   4   5   -2.73205   -0.732051   0.732051   2.73205   80.6013   82.6013   84.0654   86.0654   
35   5   5   -3.4641   -3.68711e-08   -8.89364e-09   3.4641   79.8692   83.3333   83.3333   86.7974   

