0   39.6667   39.6667   41.6667   41.6667   41.6667   41.6667   43.6667   43.6667   
1   38.9346   38.9346   40.9346   40.9346   42.3987   42.3987   44.3987   44.3987   
2   37.6667   37.6667   41.6667   41.6667   41.6667   41.6667   45.6667   45.6667   
3   38.9346   38.9346   40.9346   40.9346   42.3987   42.3987   44.3987   44.3987   
4   39.6667   39.6667   41.6667   41.6667   41.6667   41.6667   43.6667   43.6667   
5   41.6666   41.6667   41.6667   41.6667   41.6667   41.6667   41.6667   41.6667   
6   39.6667   39.6667   41.6667   41.6667   41.6667   41.6667   43.6667   43.6667   
7   38.6667   38.6667   40.6667   40.6667   42.6667   42.6667   44.6667   44.6667   
8   38.6667   38.6667   40.6667   40.6667   42.6667   42.6667   44.6667   44.6667   
9   39.6667   39.6667   41.6667   41.6667   41.6667   41.6667   43.6667   43.6667   
