0   -4   7.70269e-09   8.81434e-09   4   412.667   416.667   416.667   420.667   
1   -2.73205   -0.732051   0.732051   2.73205   413.935   415.935   417.399   419.399   
2   -2   7.70269e-09   8.81434e-09   2   414.667   416.667   416.667   418.667   
3   4.87664e-09   8.62833e-09   9.00035e-09   1.05287e-08   416.667   416.667   416.667   416.667   
4   -2   7.70269e-09   8.81434e-09   2   414.667   416.667   416.667   418.667   
5   -2.73205   -0.732051   0.732051   2.73205   413.935   415.935   417.399   419.399   
6   -4   7.70269e-09   8.81434e-09   4   412.667   416.667   416.667   420.667   
7   -3.4641   7.70269e-09   8.81434e-09   3.4641   413.203   416.667   416.667   420.131   
8   -2   7.70269e-09   8.81434e-09   2   414.667   416.667   416.667   418.667   
9   4.87664e-09   8.62833e-09   9.00035e-09   1.05287e-08   416.667   416.667   416.667   416.667   
# Gamma(0)-->K(2)-->K_prime(4)-->Gamma(6)-->M(9)
