#kindex  E(k,1)  UP  DOWN  E(k,2)  UP DOWN  .....
0   19.6805   1   0   23.6805   1   0   23.6806   1   0   27.6805   1   0   55.6528   0   1   59.6528   0   1   59.6529   0   1   63.6528   0   1   
1   20.2164   1   0   23.6805   1   0   23.6806   1   0   27.1446   1   0   56.1887   0   1   59.6528   0   1   59.6529   0   1   63.1169   0   1   
2   21.6805   1   0   23.6805   1   0   23.6806   1   0   25.6805   1   0   57.6528   0   1   59.6528   0   1   59.6529   0   1   61.6528   0   1   
3   23.6805   1   0   23.6805   1   0   23.6805   1   0   23.6806   1   0   59.6528   0   1   59.6528   0   1   59.6529   0   1   59.6529   0   1   
4   22.6805   1   0   22.6805   1   0   24.6805   1   0   24.6805   1   0   58.6528   0   1   58.6528   0   1   60.6528   0   1   60.6528   0   1   
5   21.9485   1   0   21.9485   1   0   25.4126   1   0   25.4126   1   0   57.9208   0   1   57.9208   0   1   61.3849   0   1   61.3849   0   1   
6   21.6805   1   0   21.6805   1   0   25.6805   1   0   25.6805   1   0   57.6528   0   1   57.6528   0   1   61.6528   0   1   61.6528   0   1   
7   20.6805   1   0   22.6805   1   0   24.6805   1   0   26.6805   1   0   56.6528   0   1   58.6528   0   1   60.6528   0   1   62.6528   0   1   
8   19.9485   1   0   23.4126   1   0   23.9485   1   0   27.4126   1   0   55.9208   0   1   59.3849   0   1   59.9208   0   1   63.3849   0   1   
9   19.6805   1   0   23.6805   1   0   23.6806   1   0   27.6805   1   0   55.6528   0   1   59.6528   0   1   59.6529   0   1   63.6528   0   1   
10   19.9485   1   0   23.4126   1   0   23.9485   1   0   27.4126   1   0   55.9208   0   1   59.3849   0   1   59.9208   0   1   63.3849   0   1   
11   20.6805   1   0   22.6805   1   0   24.6805   1   0   26.6805   1   0   56.6528   0   1   58.6528   0   1   60.6528   0   1   62.6528   0   1   
12   21.6805   1   0   21.6805   1   0   25.6805   1   0   25.6805   1   0   57.6528   0   1   57.6528   0   1   61.6528   0   1   61.6528   0   1   
13   21.9485   1   0   21.9485   1   0   25.4126   1   0   25.4126   1   0   57.9208   0   1   57.9208   0   1   61.3849   0   1   61.3849   0   1   
14   22.6805   1   0   22.6805   1   0   24.6805   1   0   24.6805   1   0   58.6528   0   1   58.6528   0   1   60.6528   0   1   60.6528   0   1   
15   23.6805   1   0   23.6805   1   0   23.6805   1   0   23.6806   1   0   59.6528   0   1   59.6528   0   1   59.6529   0   1   59.6529   0   1   
16   21.6805   1   0   23.6805   1   0   23.6806   1   0   25.6805   1   0   57.6528   0   1   59.6528   0   1   59.6529   0   1   61.6528   0   1   
17   20.2164   1   0   23.6805   1   0   23.6806   1   0   27.1446   1   0   56.1887   0   1   59.6528   0   1   59.6529   0   1   63.1169   0   1   
18   19.6805   1   0   23.6805   1   0   23.6806   1   0   27.6805   1   0   55.6528   0   1   59.6528   0   1   59.6529   0   1   63.6528   0   1   
19   19.6805   1   0   23.6805   1   0   23.6806   1   0   27.6805   1   0   55.6528   0   1   59.6528   0   1   59.6529   0   1   63.6528   0   1   
