#kindex  E(k,1)  UP  DOWN  E(k,2)  UP DOWN  .....
0   17.4999   1   0   21.4999   1   0   21.5   1   0   25.4999   1   0   141.167   0   1   145.167   0   1   145.167   0   1   149.167   0   1   
1   18.0358   1   0   21.4999   1   0   21.5   1   0   24.964   1   0   141.703   0   1   145.167   0   1   145.167   0   1   148.631   0   1   
2   19.4999   1   0   21.4999   1   0   21.5   1   0   23.4999   1   0   143.167   0   1   145.167   0   1   145.167   0   1   147.167   0   1   
3   21.4999   1   0   21.4999   1   0   21.4999   1   0   21.5   1   0   145.167   0   1   145.167   0   1   145.167   0   1   145.167   0   1   
4   20.4999   1   0   20.5   1   0   22.4999   1   0   22.5   1   0   144.167   0   1   144.167   0   1   146.167   0   1   146.167   0   1   
5   19.7679   1   0   19.7679   1   0   23.232   1   0   23.232   1   0   143.435   0   1   143.435   0   1   146.899   0   1   146.899   0   1   
6   19.4999   1   0   19.5   1   0   23.4999   1   0   23.5   1   0   143.167   0   1   143.167   0   1   147.167   0   1   147.167   0   1   
7   18.4999   1   0   20.4999   1   0   22.4999   1   0   24.4999   1   0   142.167   0   1   144.167   0   1   146.167   0   1   148.167   0   1   
8   17.7679   1   0   21.232   1   0   21.7679   1   0   25.232   1   0   141.435   0   1   144.899   0   1   145.435   0   1   148.899   0   1   
9   17.4999   1   0   21.4999   1   0   21.5   1   0   25.4999   1   0   141.167   0   1   145.167   0   1   145.167   0   1   149.167   0   1   
10   17.7679   1   0   21.232   1   0   21.7679   1   0   25.232   1   0   141.435   0   1   144.899   0   1   145.435   0   1   148.899   0   1   
11   18.4999   1   0   20.4999   1   0   22.4999   1   0   24.4999   1   0   142.167   0   1   144.167   0   1   146.167   0   1   148.167   0   1   
12   19.4999   1   0   19.4999   1   0   23.4999   1   0   23.4999   1   0   143.167   0   1   143.167   0   1   147.167   0   1   147.167   0   1   
13   19.7679   1   0   19.7679   1   0   23.232   1   0   23.232   1   0   143.435   0   1   143.435   0   1   146.899   0   1   146.899   0   1   
14   20.4999   1   0   20.4999   1   0   22.4999   1   0   22.4999   1   0   144.167   0   1   144.167   0   1   146.167   0   1   146.167   0   1   
15   21.4999   1   0   21.4999   1   0   21.4999   1   0   21.5   1   0   145.167   0   1   145.167   0   1   145.167   0   1   145.167   0   1   
16   19.4999   1   0   21.4999   1   0   21.5   1   0   23.4999   1   0   143.167   0   1   145.167   0   1   145.167   0   1   147.167   0   1   
17   18.0358   1   0   21.4999   1   0   21.5   1   0   24.964   1   0   141.703   0   1   145.167   0   1   145.167   0   1   148.631   0   1   
18   17.4999   1   0   21.4999   1   0   21.5   1   0   25.4999   1   0   141.167   0   1   145.167   0   1   145.167   0   1   149.167   0   1   
19   17.4999   1   0   21.4999   1   0   21.5   1   0   25.4999   1   0   141.167   0   1   145.167   0   1   145.167   0   1   149.167   0   1   
