0   0   0   -4   3.47007e-08   3.97087e-08   4   412.667   416.667   416.667   420.667   
1   1   0   -3.73205   -0.267949   0.267949   3.73205   412.935   416.399   416.935   420.399   
2   2   0   -3   -1   1   3   413.667   415.667   417.667   419.667   
3   3   0   -2   -2   2   2   414.667   414.667   418.667   418.667   
4   4   0   -3   -1   1   3   413.667   415.667   417.667   419.667   
5   5   0   -3.73205   -0.267949   0.267949   3.73205   412.935   416.399   416.935   420.399   

6   0   1   -3.73205   -0.267949   0.267949   3.73205   412.935   416.399   416.935   420.399   
7   1   1   -3.4641   3.47007e-08   3.97087e-08   3.4641   413.203   416.667   416.667   420.131   
8   2   1   -2.73205   -0.732051   0.732051   2.73205   413.935   415.935   417.399   419.399   
9   3   1   -1.73205   -1.73205   1.73205   1.73205   414.935   414.935   418.399   418.399   
10   4   1   -2.73205   -0.732051   0.732051   2.73205   413.935   415.935   417.399   419.399   
11   5   1   -3.4641   3.47007e-08   3.97087e-08   3.4641   413.203   416.667   416.667   420.131   

12   0   2   -3   -1   1   3   413.667   415.667   417.667   419.667   
13   1   2   -2.73205   -0.732051   0.732051   2.73205   413.935   415.935   417.399   419.399   
14   2   2   -2   3.47007e-08   3.97087e-08   2   414.667   416.667   416.667   418.667   
15   3   2   -1   -1   1   1   415.667   415.667   417.667   417.667   
16   4   2   -2   3.47007e-08   3.97087e-08   2   414.667   416.667   416.667   418.667   
17   5   2   -2.73205   -0.732051   0.732051   2.73205   413.935   415.935   417.399   419.399   

18   0   3   -2   -2   2   2   414.667   414.667   418.667   418.667   
19   1   3   -1.73205   -1.73205   1.73205   1.73205   414.935   414.935   418.399   418.399   
20   2   3   -1   -1   1   1   415.667   415.667   417.667   417.667   
21   3   3   2.19693e-08   3.88707e-08   4.05467e-08   4.74321e-08   416.667   416.667   416.667   416.667   
22   4   3   -1   -1   1   1   415.667   415.667   417.667   417.667   
23   5   3   -1.73205   -1.73205   1.73205   1.73205   414.935   414.935   418.399   418.399   

24   0   4   -3   -1   1   3   413.667   415.667   417.667   419.667   
25   1   4   -2.73205   -0.732051   0.732051   2.73205   413.935   415.935   417.399   419.399   
26   2   4   -2   3.47007e-08   3.97087e-08   2   414.667   416.667   416.667   418.667   
27   3   4   -1   -1   1   1   415.667   415.667   417.667   417.667   
28   4   4   -2   3.47007e-08   3.97087e-08   2   414.667   416.667   416.667   418.667   
29   5   4   -2.73205   -0.732051   0.732051   2.73205   413.935   415.935   417.399   419.399   

30   0   5   -3.73205   -0.267949   0.267949   3.73205   412.935   416.399   416.935   420.399   
31   1   5   -3.4641   3.47007e-08   3.97087e-08   3.4641   413.203   416.667   416.667   420.131   
32   2   5   -2.73205   -0.732051   0.732051   2.73205   413.935   415.935   417.399   419.399   
33   3   5   -1.73205   -1.73205   1.73205   1.73205   414.935   414.935   418.399   418.399   
34   4   5   -2.73205   -0.732051   0.732051   2.73205   413.935   415.935   417.399   419.399   
35   5   5   -3.4641   3.47007e-08   3.97087e-08   3.4641   413.203   416.667   416.667   420.131   

