#kindex  E(k,1)  UP  DOWN  E(k,2)  UP DOWN  .....
0   77.7745   1   0   81.7745   1   0   81.7746   1   0   85.7745   1   0   247.559   0   1   251.559   0   1   251.559   0   1   255.559   0   1   
1   78.3104   1   0   81.7745   1   0   81.7746   1   0   85.2386   1   0   248.095   0   1   251.559   0   1   251.559   0   1   255.023   0   1   
2   79.7745   1   0   81.7745   1   0   81.7746   1   0   83.7745   1   0   249.559   0   1   251.559   0   1   251.559   0   1   253.559   0   1   
3   81.7744   1   0   81.7745   1   0   81.7745   1   0   81.7746   1   0   251.559   0   1   251.559   0   1   251.559   0   1   251.559   0   1   
4   80.7745   1   0   80.7745   1   0   82.7745   1   0   82.7745   1   0   250.559   0   1   250.559   0   1   252.559   0   1   252.559   0   1   
5   80.0425   1   0   80.0425   1   0   83.5066   1   0   83.5066   1   0   249.827   0   1   249.827   0   1   253.291   0   1   253.291   0   1   
6   79.7745   1   0   79.7745   1   0   83.7745   1   0   83.7745   1   0   249.559   0   1   249.559   0   1   253.559   0   1   253.559   0   1   
7   78.7745   1   0   80.7745   1   0   82.7745   1   0   84.7745   1   0   248.559   0   1   250.559   0   1   252.559   0   1   254.559   0   1   
8   78.0425   1   0   81.5066   1   0   82.0425   1   0   85.5066   1   0   247.827   0   1   251.291   0   1   251.827   0   1   255.291   0   1   
9   77.7745   1   0   81.7745   1   0   81.7746   1   0   85.7745   1   0   247.559   0   1   251.559   0   1   251.559   0   1   255.559   0   1   
10   78.0425   1   0   81.5066   1   0   82.0425   1   0   85.5066   1   0   247.827   0   1   251.291   0   1   251.827   0   1   255.291   0   1   
11   78.7745   1   0   80.7745   1   0   82.7745   1   0   84.7745   1   0   248.559   0   1   250.559   0   1   252.559   0   1   254.559   0   1   
12   79.7745   1   0   79.7746   1   0   83.7745   1   0   83.7746   1   0   249.559   0   1   249.559   0   1   253.559   0   1   253.559   0   1   
13   80.0424   1   0   80.0425   1   0   83.5065   1   0   83.5066   1   0   249.827   0   1   249.827   0   1   253.291   0   1   253.291   0   1   
14   80.7745   1   0   80.7746   1   0   82.7745   1   0   82.7746   1   0   250.559   0   1   250.559   0   1   252.559   0   1   252.559   0   1   
15   81.7744   1   0   81.7745   1   0   81.7745   1   0   81.7746   1   0   251.559   0   1   251.559   0   1   251.559   0   1   251.559   0   1   
16   79.7745   1   0   81.7745   1   0   81.7746   1   0   83.7745   1   0   249.559   0   1   251.559   0   1   251.559   0   1   253.559   0   1   
17   78.3104   1   0   81.7745   1   0   81.7746   1   0   85.2386   1   0   248.095   0   1   251.559   0   1   251.559   0   1   255.023   0   1   
18   77.7745   1   0   81.7745   1   0   81.7746   1   0   85.7745   1   0   247.559   0   1   251.559   0   1   251.559   0   1   255.559   0   1   
19   77.7745   1   0   81.7745   1   0   81.7746   1   0   85.7745   1   0   247.559   0   1   251.559   0   1   251.559   0   1   255.559   0   1   
