#kindex  E(k,1)  UP  DOWN  E(k,2)  UP DOWN  .....
0   147.565   1   0   151.564   1   0   151.567   1   0   155.565   1   0   177.768   0   1   181.766   0   1   181.77   0   1   185.768   0   1   
1   148.101   1   0   151.564   1   0   151.567   1   0   155.029   1   0   178.304   0   1   181.766   0   1   181.77   0   1   185.232   0   1   
2   149.565   1   0   151.564   1   0   151.567   1   0   153.565   1   0   179.768   0   1   181.766   0   1   181.77   0   1   183.768   0   1   
3   151.563   1   0   151.563   1   0   151.564   1   0   151.571   1   0   181.762   0   1   181.77   0   1   181.77   0   1   181.771   0   1   
4   150.563   1   0   150.567   1   0   152.563   1   0   152.567   1   0   180.766   0   1   180.77   0   1   182.766   0   1   182.77   0   1   
5   149.831   1   0   149.835   1   0   153.295   1   0   153.3   1   0   180.034   0   1   180.038   0   1   183.498   0   1   183.502   0   1   
6   149.563   1   0   149.567   1   0   153.563   1   0   153.567   1   0   179.766   0   1   179.77   0   1   183.766   0   1   183.77   0   1   
7   148.565   1   0   150.565   1   0   152.565   1   0   154.565   1   0   178.768   0   1   180.768   0   1   182.768   0   1   184.768   0   1   
8   147.833   1   0   151.297   1   0   151.833   1   0   155.297   1   0   178.036   0   1   181.5   0   1   182.036   0   1   185.5   0   1   
9   147.565   1   0   151.564   1   0   151.567   1   0   155.565   1   0   177.768   0   1   181.766   0   1   181.77   0   1   185.768   0   1   
10   147.833   1   0   151.297   1   0   151.833   1   0   155.297   1   0   178.036   0   1   181.5   0   1   182.036   0   1   185.5   0   1   
11   148.565   1   0   150.565   1   0   152.565   1   0   154.565   1   0   178.768   0   1   180.768   0   1   182.768   0   1   184.768   0   1   
12   149.563   1   0   149.567   1   0   153.563   1   0   153.567   1   0   179.766   0   1   179.77   0   1   183.766   0   1   183.77   0   1   
13   149.831   1   0   149.835   1   0   153.295   1   0   153.299   1   0   180.034   0   1   180.038   0   1   183.498   0   1   183.502   0   1   
14   150.563   1   0   150.567   1   0   152.563   1   0   152.567   1   0   180.766   0   1   180.77   0   1   182.766   0   1   182.77   0   1   
15   151.563   1   0   151.563   1   0   151.564   1   0   151.571   1   0   181.762   0   1   181.77   0   1   181.77   0   1   181.771   0   1   
16   149.565   1   0   151.564   1   0   151.567   1   0   153.565   1   0   179.768   0   1   181.766   0   1   181.77   0   1   183.768   0   1   
17   148.101   1   0   151.564   1   0   151.567   1   0   155.029   1   0   178.304   0   1   181.766   0   1   181.77   0   1   185.232   0   1   
18   147.565   1   0   151.564   1   0   151.567   1   0   155.565   1   0   177.768   0   1   181.766   0   1   181.77   0   1   185.768   0   1   
19   147.565   1   0   151.564   1   0   151.567   1   0   155.565   1   0   177.768   0   1   181.766   0   1   181.77   0   1   185.768   0   1   
