#kindex  E(k,1)  UP  DOWN  E(k,2)  UP DOWN  .....
0   14.1176   1   0   18.1176   1   0   18.1176   1   0   22.1176   1   0   61.2157   0   1   65.2157   0   1   65.2157   0   1   69.2157   0   1   
1   14.6535   1   0   18.1176   1   0   18.1176   1   0   21.5817   1   0   61.7516   0   1   65.2157   0   1   65.2157   0   1   68.6798   0   1   
2   16.1176   1   0   18.1176   1   0   18.1176   1   0   20.1176   1   0   63.2157   0   1   65.2157   0   1   65.2157   0   1   67.2157   0   1   
3   18.1176   1   0   18.1176   1   0   18.1176   1   0   18.1176   1   0   65.2157   0   1   65.2157   0   1   65.2157   0   1   65.2158   0   1   
4   17.1176   1   0   17.1176   1   0   19.1176   1   0   19.1176   1   0   64.2157   0   1   64.2157   0   1   66.2157   0   1   66.2157   0   1   
5   16.3856   1   0   16.3856   1   0   19.8497   1   0   19.8497   1   0   63.4837   0   1   63.4837   0   1   66.9478   0   1   66.9478   0   1   
6   16.1176   1   0   16.1176   1   0   20.1176   1   0   20.1176   1   0   63.2157   0   1   63.2157   0   1   67.2157   0   1   67.2157   0   1   
7   15.1176   1   0   17.1176   1   0   19.1176   1   0   21.1176   1   0   62.2157   0   1   64.2157   0   1   66.2157   0   1   68.2157   0   1   
8   14.3856   1   0   17.8497   1   0   18.3856   1   0   21.8497   1   0   61.4837   0   1   64.9478   0   1   65.4837   0   1   68.9478   0   1   
9   14.1176   1   0   18.1176   1   0   18.1176   1   0   22.1176   1   0   61.2157   0   1   65.2157   0   1   65.2157   0   1   69.2157   0   1   
10   14.3856   1   0   17.8497   1   0   18.3856   1   0   21.8497   1   0   61.4837   0   1   64.9478   0   1   65.4837   0   1   68.9478   0   1   
11   15.1176   1   0   17.1176   1   0   19.1176   1   0   21.1176   1   0   62.2157   0   1   64.2157   0   1   66.2157   0   1   68.2157   0   1   
12   16.1176   1   0   16.1176   1   0   20.1176   1   0   20.1176   1   0   63.2157   0   1   63.2157   0   1   67.2157   0   1   67.2157   0   1   
13   16.3856   1   0   16.3856   1   0   19.8497   1   0   19.8497   1   0   63.4837   0   1   63.4837   0   1   66.9478   0   1   66.9478   0   1   
14   17.1176   1   0   17.1176   1   0   19.1176   1   0   19.1176   1   0   64.2157   0   1   64.2157   0   1   66.2157   0   1   66.2157   0   1   
15   18.1176   1   0   18.1176   1   0   18.1176   1   0   18.1176   1   0   65.2157   0   1   65.2157   0   1   65.2157   0   1   65.2158   0   1   
16   16.1176   1   0   18.1176   1   0   18.1176   1   0   20.1176   1   0   63.2157   0   1   65.2157   0   1   65.2157   0   1   67.2157   0   1   
17   14.6535   1   0   18.1176   1   0   18.1176   1   0   21.5817   1   0   61.7516   0   1   65.2157   0   1   65.2157   0   1   68.6798   0   1   
18   14.1176   1   0   18.1176   1   0   18.1176   1   0   22.1176   1   0   61.2157   0   1   65.2157   0   1   65.2157   0   1   69.2157   0   1   
19   14.1176   1   0   18.1176   1   0   18.1176   1   0   22.1176   1   0   61.2157   0   1   65.2157   0   1   65.2157   0   1   69.2157   0   1   
