0   0   0   17.4999   21.4999   21.5   25.4999   141.167   145.167   145.167   149.167   
1   1   0   17.7679   21.232   21.7679   25.232   141.435   144.899   145.435   148.899   
2   2   0   18.4999   20.4999   22.4999   24.4999   142.167   144.167   146.167   148.167   
3   3   0   19.4999   19.5   23.4999   23.5   143.167   143.167   147.167   147.167   
4   4   0   18.4999   20.4999   22.4999   24.4999   142.167   144.167   146.167   148.167   
5   5   0   17.7679   21.232   21.7679   25.232   141.435   144.899   145.435   148.899   

6   0   1   17.7679   21.232   21.7679   25.232   141.435   144.899   145.435   148.899   
7   1   1   18.0358   21.4999   21.5   24.964   141.703   145.167   145.167   148.631   
8   2   1   18.7679   20.7679   22.232   24.232   142.435   144.435   145.899   147.899   
9   3   1   19.7679   19.7679   23.232   23.232   143.435   143.435   146.899   146.899   
10   4   1   18.7679   20.7679   22.232   24.232   142.435   144.435   145.899   147.899   
11   5   1   18.0358   21.4999   21.5   24.964   141.703   145.167   145.167   148.631   

12   0   2   18.4999   20.4999   22.4999   24.4999   142.167   144.167   146.167   148.167   
13   1   2   18.7679   20.7679   22.232   24.232   142.435   144.435   145.899   147.899   
14   2   2   19.4999   21.4999   21.5   23.4999   143.167   145.167   145.167   147.167   
15   3   2   20.4999   20.5   22.4999   22.5   144.167   144.167   146.167   146.167   
16   4   2   19.4999   21.4999   21.5   23.4999   143.167   145.167   145.167   147.167   
17   5   2   18.7679   20.7679   22.232   24.232   142.435   144.435   145.899   147.899   

18   0   3   19.4999   19.4999   23.4999   23.4999   143.167   143.167   147.167   147.167   
19   1   3   19.7679   19.7679   23.232   23.232   143.435   143.435   146.899   146.899   
20   2   3   20.4999   20.4999   22.4999   22.4999   144.167   144.167   146.167   146.167   
21   3   3   21.4999   21.4999   21.4999   21.5   145.167   145.167   145.167   145.167   
22   4   3   20.4999   20.4999   22.4999   22.4999   144.167   144.167   146.167   146.167   
23   5   3   19.7679   19.7679   23.232   23.232   143.435   143.435   146.899   146.899   

24   0   4   18.4999   20.4999   22.4999   24.4999   142.167   144.167   146.167   148.167   
25   1   4   18.7679   20.7679   22.232   24.232   142.435   144.435   145.899   147.899   
26   2   4   19.4999   21.4999   21.5   23.4999   143.167   145.167   145.167   147.167   
27   3   4   20.4999   20.5   22.4999   22.5   144.167   144.167   146.167   146.167   
28   4   4   19.4999   21.4999   21.5   23.4999   143.167   145.167   145.167   147.167   
29   5   4   18.7679   20.7679   22.232   24.232   142.435   144.435   145.899   147.899   

30   0   5   17.7679   21.232   21.7679   25.232   141.435   144.899   145.435   148.899   
31   1   5   18.0358   21.4999   21.5   24.964   141.703   145.167   145.167   148.631   
32   2   5   18.7679   20.7679   22.232   24.232   142.435   144.435   145.899   147.899   
33   3   5   19.7679   19.7679   23.232   23.232   143.435   143.435   146.899   146.899   
34   4   5   18.7679   20.7679   22.232   24.232   142.435   144.435   145.899   147.899   
35   5   5   18.0358   21.4999   21.5   24.964   141.703   145.167   145.167   148.631   

