0   0   0   77.7745   81.7745   81.7746   85.7745   247.559   251.559   251.559   255.559   
1   1   0   78.0425   81.5066   82.0425   85.5066   247.827   251.291   251.827   255.291   
2   2   0   78.7745   80.7745   82.7745   84.7745   248.559   250.559   252.559   254.559   
3   3   0   79.7745   79.7745   83.7745   83.7745   249.559   249.559   253.559   253.559   
4   4   0   78.7745   80.7745   82.7745   84.7745   248.559   250.559   252.559   254.559   
5   5   0   78.0425   81.5066   82.0425   85.5066   247.827   251.291   251.827   255.291   

6   0   1   78.0425   81.5066   82.0425   85.5066   247.827   251.291   251.827   255.291   
7   1   1   78.3104   81.7745   81.7746   85.2386   248.095   251.559   251.559   255.023   
8   2   1   79.0425   81.0425   82.5066   84.5066   248.827   250.827   252.291   254.291   
9   3   1   80.0425   80.0425   83.5066   83.5066   249.827   249.827   253.291   253.291   
10   4   1   79.0425   81.0425   82.5066   84.5066   248.827   250.827   252.291   254.291   
11   5   1   78.3104   81.7745   81.7746   85.2386   248.095   251.559   251.559   255.023   

12   0   2   78.7745   80.7745   82.7745   84.7745   248.559   250.559   252.559   254.559   
13   1   2   79.0425   81.0425   82.5066   84.5066   248.827   250.827   252.291   254.291   
14   2   2   79.7745   81.7745   81.7746   83.7745   249.559   251.559   251.559   253.559   
15   3   2   80.7745   80.7745   82.7745   82.7745   250.559   250.559   252.559   252.559   
16   4   2   79.7745   81.7745   81.7746   83.7745   249.559   251.559   251.559   253.559   
17   5   2   79.0425   81.0425   82.5066   84.5066   248.827   250.827   252.291   254.291   

18   0   3   79.7745   79.7746   83.7745   83.7746   249.559   249.559   253.559   253.559   
19   1   3   80.0424   80.0425   83.5065   83.5066   249.827   249.827   253.291   253.291   
20   2   3   80.7745   80.7746   82.7745   82.7746   250.559   250.559   252.559   252.559   
21   3   3   81.7744   81.7745   81.7745   81.7746   251.559   251.559   251.559   251.559   
22   4   3   80.7745   80.7746   82.7745   82.7746   250.559   250.559   252.559   252.559   
23   5   3   80.0424   80.0425   83.5065   83.5066   249.827   249.827   253.291   253.291   

24   0   4   78.7745   80.7745   82.7745   84.7745   248.559   250.559   252.559   254.559   
25   1   4   79.0425   81.0425   82.5066   84.5066   248.827   250.827   252.291   254.291   
26   2   4   79.7745   81.7745   81.7746   83.7745   249.559   251.559   251.559   253.559   
27   3   4   80.7745   80.7745   82.7745   82.7745   250.559   250.559   252.559   252.559   
28   4   4   79.7745   81.7745   81.7746   83.7745   249.559   251.559   251.559   253.559   
29   5   4   79.0425   81.0425   82.5066   84.5066   248.827   250.827   252.291   254.291   

30   0   5   78.0425   81.5066   82.0425   85.5066   247.827   251.291   251.827   255.291   
31   1   5   78.3104   81.7745   81.7746   85.2386   248.095   251.559   251.559   255.023   
32   2   5   79.0425   81.0425   82.5066   84.5066   248.827   250.827   252.291   254.291   
33   3   5   80.0425   80.0425   83.5066   83.5066   249.827   249.827   253.291   253.291   
34   4   5   79.0425   81.0425   82.5066   84.5066   248.827   250.827   252.291   254.291   
35   5   5   78.3104   81.7745   81.7746   85.2386   248.095   251.559   251.559   255.023   

