0   -4   -6.10737e-08   -5.33711e-08   4   412.667   416.667   416.667   420.667   
1   -2.73205   -0.732051   0.732051   2.73205   413.935   415.935   417.399   419.399   
2   -2   -6.10737e-08   -5.33711e-08   2   414.667   416.667   416.667   418.667   
3   -7.29526e-08   -6.23625e-08   -5.97849e-08   -3.37897e-08   416.667   416.667   416.667   416.667   
4   -2   -6.10737e-08   -5.33711e-08   2   414.667   416.667   416.667   418.667   
5   -2.73205   -0.732051   0.732051   2.73205   413.935   415.935   417.399   419.399   
6   -4   -6.10737e-08   -5.33711e-08   4   412.667   416.667   416.667   420.667   
7   -3.4641   -6.10737e-08   -5.33711e-08   3.4641   413.203   416.667   416.667   420.131   
8   -2   -6.10737e-08   -5.33711e-08   2   414.667   416.667   416.667   418.667   
9   -7.29526e-08   -6.23625e-08   -5.97849e-08   -3.37897e-08   416.667   416.667   416.667   416.667   
# Gamma(0)-->K(2)-->K_prime(4)-->Gamma(6)-->M(9)
