0   8.5555   10.5555   10.5555   12.5555   154.111   156.111   156.111   158.111   
1   7.82344   9.82344   11.2875   13.2875   153.379   155.379   156.843   158.843   
2   6.5555   10.5555   10.5555   14.5555   152.111   156.111   156.111   160.111   
3   7.82344   9.82344   11.2875   13.2875   153.379   155.379   156.843   158.843   
4   8.5555   10.5555   10.5555   12.5555   154.111   156.111   156.111   158.111   
5   10.5555   10.5555   10.5555   10.5555   156.111   156.111   156.111   156.111   
6   8.5555   10.5555   10.5555   12.5555   154.111   156.111   156.111   158.111   
7   7.5555   9.5555   11.5555   13.5555   153.111   155.111   157.111   159.111   
8   7.5555   9.5555   11.5555   13.5555   153.111   155.111   157.111   159.111   
9   8.5555   10.5555   10.5555   12.5555   154.111   156.111   156.111   158.111   
