0   -1.31228   2.68772   2.68772   6.68772   326.646   330.646   330.646   334.646   
1   -0.0443295   1.95567   3.41977   5.41977   327.914   329.914   331.378   333.378   
2   0.687721   2.68772   2.68772   4.68772   328.646   330.646   330.646   332.646   
3   2.68772   2.68772   2.68772   2.68772   330.646   330.646   330.646   330.646   
4   0.687721   2.68772   2.68772   4.68772   328.646   330.646   330.646   332.646   
5   -0.0443295   1.95567   3.41977   5.41977   327.914   329.914   331.378   333.378   
6   -1.31228   2.68772   2.68772   6.68772   326.646   330.646   330.646   334.646   
7   -0.77638   2.68772   2.68772   6.15182   327.182   330.646   330.646   334.11   
8   0.687721   2.68772   2.68772   4.68772   328.646   330.646   330.646   332.646   
9   2.68772   2.68772   2.68772   2.68772   330.646   330.646   330.646   330.646   
# Gamma(0)-->K(2)-->K_prime(4)-->Gamma(6)-->M(9)
