#site (in real lattice) site_1 site_2  rx  ry   Sz   Sx  Sy  |S|  <n>
0    0    0    0subltc_0_orb_0   0     0     0.463874    0   0    0.463874   1     
12    0    1    12subltc_0_orb_0   0     2     -0.463874    0   0    0.463874   1     
24    0    2    24subltc_0_orb_0   0     4     0.463874    0   0    0.463874   1     
36    0    3    36subltc_0_orb_0   0     6     -0.463874    0   0    0.463874   1     
48    0    4    48subltc_0_orb_0   0     8     0.463874    0   0    0.463874   1     
60    0    5    60subltc_0_orb_0   0     10     -0.463874    0   0    0.463874   1     
72    0    6    72subltc_0_orb_0   0     12     0.463874    0   0    0.463874   1     
84    0    7    84subltc_0_orb_0   0     14     -0.463874    0   0    0.463874   1     
96    0    8    96subltc_0_orb_0   0     16     0.463874    0   0    0.463874   1     
108    0    9    108subltc_0_orb_0   0     18     -0.463874    0   0    0.463874   1     
120    0    10    120subltc_0_orb_0   0     20     0.463874    0   0    0.463874   1     
132    0    11    132subltc_0_orb_0   0     22     -0.463874    0   0    0.463874   1     

1    1    0    1subltc_0_orb_0   2     0     -0.463874    0   0    0.463874   1     
13    1    1    13subltc_0_orb_0   2     2     0.463874    0   0    0.463874   1     
25    1    2    25subltc_0_orb_0   2     4     -0.463874    0   0    0.463874   1     
37    1    3    37subltc_0_orb_0   2     6     0.463874    0   0    0.463874   1     
49    1    4    49subltc_0_orb_0   2     8     -0.463874    0   0    0.463874   1     
61    1    5    61subltc_0_orb_0   2     10     0.463874    0   0    0.463874   1     
73    1    6    73subltc_0_orb_0   2     12     -0.463874    0   0    0.463874   1     
85    1    7    85subltc_0_orb_0   2     14     0.463874    0   0    0.463874   1     
97    1    8    97subltc_0_orb_0   2     16     -0.463874    0   0    0.463874   1     
109    1    9    109subltc_0_orb_0   2     18     0.463874    0   0    0.463874   1     
121    1    10    121subltc_0_orb_0   2     20     -0.463874    0   0    0.463874   1     
133    1    11    133subltc_0_orb_0   2     22     0.463874    0   0    0.463874   1     

2    2    0    2subltc_0_orb_0   4     0     0.463874    0   0    0.463874   1     
14    2    1    14subltc_0_orb_0   4     2     -0.463874    0   0    0.463874   1     
26    2    2    26subltc_0_orb_0   4     4     0.463874    0   0    0.463874   1     
38    2    3    38subltc_0_orb_0   4     6     -0.463874    0   0    0.463874   1     
50    2    4    50subltc_0_orb_0   4     8     0.463874    0   0    0.463874   1     
62    2    5    62subltc_0_orb_0   4     10     -0.463874    0   0    0.463874   1     
74    2    6    74subltc_0_orb_0   4     12     0.463874    0   0    0.463874   1     
86    2    7    86subltc_0_orb_0   4     14     -0.463874    0   0    0.463874   1     
98    2    8    98subltc_0_orb_0   4     16     0.463874    0   0    0.463874   1     
110    2    9    110subltc_0_orb_0   4     18     -0.463874    0   0    0.463874   1     
122    2    10    122subltc_0_orb_0   4     20     0.463874    0   0    0.463874   1     
134    2    11    134subltc_0_orb_0   4     22     -0.463874    0   0    0.463874   1     

3    3    0    3subltc_0_orb_0   6     0     -0.463874    0   0    0.463874   1     
15    3    1    15subltc_0_orb_0   6     2     0.463874    0   0    0.463874   1     
27    3    2    27subltc_0_orb_0   6     4     -0.463874    0   0    0.463874   1     
39    3    3    39subltc_0_orb_0   6     6     0.463874    0   0    0.463874   1     
51    3    4    51subltc_0_orb_0   6     8     -0.463874    0   0    0.463874   1     
63    3    5    63subltc_0_orb_0   6     10     0.463874    0   0    0.463874   1     
75    3    6    75subltc_0_orb_0   6     12     -0.463874    0   0    0.463874   1     
87    3    7    87subltc_0_orb_0   6     14     0.463874    0   0    0.463874   1     
99    3    8    99subltc_0_orb_0   6     16     -0.463874    0   0    0.463874   1     
111    3    9    111subltc_0_orb_0   6     18     0.463874    0   0    0.463874   1     
123    3    10    123subltc_0_orb_0   6     20     -0.463874    0   0    0.463874   1     
135    3    11    135subltc_0_orb_0   6     22     0.463874    0   0    0.463874   1     

4    4    0    4subltc_0_orb_0   8     0     0.463874    0   0    0.463874   1     
16    4    1    16subltc_0_orb_0   8     2     -0.463874    0   0    0.463874   1     
28    4    2    28subltc_0_orb_0   8     4     0.463874    0   0    0.463874   1     
40    4    3    40subltc_0_orb_0   8     6     -0.463874    0   0    0.463874   1     
52    4    4    52subltc_0_orb_0   8     8     0.463874    0   0    0.463874   1     
64    4    5    64subltc_0_orb_0   8     10     -0.463874    0   0    0.463874   1     
76    4    6    76subltc_0_orb_0   8     12     0.463874    0   0    0.463874   1     
88    4    7    88subltc_0_orb_0   8     14     -0.463874    0   0    0.463874   1     
100    4    8    100subltc_0_orb_0   8     16     0.463874    0   0    0.463874   1     
112    4    9    112subltc_0_orb_0   8     18     -0.463874    0   0    0.463874   1     
124    4    10    124subltc_0_orb_0   8     20     0.463874    0   0    0.463874   1     
136    4    11    136subltc_0_orb_0   8     22     -0.463874    0   0    0.463874   1     

5    5    0    5subltc_0_orb_0   10     0     -0.463874    0   0    0.463874   1     
17    5    1    17subltc_0_orb_0   10     2     0.463874    0   0    0.463874   1     
29    5    2    29subltc_0_orb_0   10     4     -0.463874    0   0    0.463874   1     
41    5    3    41subltc_0_orb_0   10     6     0.463874    0   0    0.463874   1     
53    5    4    53subltc_0_orb_0   10     8     -0.463874    0   0    0.463874   1     
65    5    5    65subltc_0_orb_0   10     10     0.463874    0   0    0.463874   1     
77    5    6    77subltc_0_orb_0   10     12     -0.463874    0   0    0.463874   1     
89    5    7    89subltc_0_orb_0   10     14     0.463874    0   0    0.463874   1     
101    5    8    101subltc_0_orb_0   10     16     -0.463874    0   0    0.463874   1     
113    5    9    113subltc_0_orb_0   10     18     0.463874    0   0    0.463874   1     
125    5    10    125subltc_0_orb_0   10     20     -0.463874    0   0    0.463874   1     
137    5    11    137subltc_0_orb_0   10     22     0.463874    0   0    0.463874   1     

6    6    0    6subltc_0_orb_0   12     0     0.463874    0   0    0.463874   1     
18    6    1    18subltc_0_orb_0   12     2     -0.463874    0   0    0.463874   1     
30    6    2    30subltc_0_orb_0   12     4     0.463874    0   0    0.463874   1     
42    6    3    42subltc_0_orb_0   12     6     -0.463874    0   0    0.463874   1     
54    6    4    54subltc_0_orb_0   12     8     0.463874    0   0    0.463874   1     
66    6    5    66subltc_0_orb_0   12     10     -0.463874    0   0    0.463874   1     
78    6    6    78subltc_0_orb_0   12     12     0.463874    0   0    0.463874   1     
90    6    7    90subltc_0_orb_0   12     14     -0.463874    0   0    0.463874   1     
102    6    8    102subltc_0_orb_0   12     16     0.463874    0   0    0.463874   1     
114    6    9    114subltc_0_orb_0   12     18     -0.463874    0   0    0.463874   1     
126    6    10    126subltc_0_orb_0   12     20     0.463874    0   0    0.463874   1     
138    6    11    138subltc_0_orb_0   12     22     -0.463874    0   0    0.463874   1     

7    7    0    7subltc_0_orb_0   14     0     -0.463874    0   0    0.463874   1     
19    7    1    19subltc_0_orb_0   14     2     0.463874    0   0    0.463874   1     
31    7    2    31subltc_0_orb_0   14     4     -0.463874    0   0    0.463874   1     
43    7    3    43subltc_0_orb_0   14     6     0.463874    0   0    0.463874   1     
55    7    4    55subltc_0_orb_0   14     8     -0.463874    0   0    0.463874   1     
67    7    5    67subltc_0_orb_0   14     10     0.463874    0   0    0.463874   1     
79    7    6    79subltc_0_orb_0   14     12     -0.463874    0   0    0.463874   1     
91    7    7    91subltc_0_orb_0   14     14     0.463874    0   0    0.463874   1     
103    7    8    103subltc_0_orb_0   14     16     -0.463874    0   0    0.463874   1     
115    7    9    115subltc_0_orb_0   14     18     0.463874    0   0    0.463874   1     
127    7    10    127subltc_0_orb_0   14     20     -0.463874    0   0    0.463874   1     
139    7    11    139subltc_0_orb_0   14     22     0.463874    0   0    0.463874   1     

8    8    0    8subltc_0_orb_0   16     0     0.463874    0   0    0.463874   1     
20    8    1    20subltc_0_orb_0   16     2     -0.463874    0   0    0.463874   1     
32    8    2    32subltc_0_orb_0   16     4     0.463874    0   0    0.463874   1     
44    8    3    44subltc_0_orb_0   16     6     -0.463874    0   0    0.463874   1     
56    8    4    56subltc_0_orb_0   16     8     0.463874    0   0    0.463874   1     
68    8    5    68subltc_0_orb_0   16     10     -0.463874    0   0    0.463874   1     
80    8    6    80subltc_0_orb_0   16     12     0.463874    0   0    0.463874   1     
92    8    7    92subltc_0_orb_0   16     14     -0.463874    0   0    0.463874   1     
104    8    8    104subltc_0_orb_0   16     16     0.463874    0   0    0.463874   1     
116    8    9    116subltc_0_orb_0   16     18     -0.463874    0   0    0.463874   1     
128    8    10    128subltc_0_orb_0   16     20     0.463874    0   0    0.463874   1     
140    8    11    140subltc_0_orb_0   16     22     -0.463874    0   0    0.463874   1     

9    9    0    9subltc_0_orb_0   18     0     -0.463874    0   0    0.463874   1     
21    9    1    21subltc_0_orb_0   18     2     0.463874    0   0    0.463874   1     
33    9    2    33subltc_0_orb_0   18     4     -0.463874    0   0    0.463874   1     
45    9    3    45subltc_0_orb_0   18     6     0.463874    0   0    0.463874   1     
57    9    4    57subltc_0_orb_0   18     8     -0.463874    0   0    0.463874   1     
69    9    5    69subltc_0_orb_0   18     10     0.463874    0   0    0.463874   1     
81    9    6    81subltc_0_orb_0   18     12     -0.463874    0   0    0.463874   1     
93    9    7    93subltc_0_orb_0   18     14     0.463874    0   0    0.463874   1     
105    9    8    105subltc_0_orb_0   18     16     -0.463874    0   0    0.463874   1     
117    9    9    117subltc_0_orb_0   18     18     0.463874    0   0    0.463874   1     
129    9    10    129subltc_0_orb_0   18     20     -0.463874    0   0    0.463874   1     
141    9    11    141subltc_0_orb_0   18     22     0.463874    0   0    0.463874   1     

10    10    0    10subltc_0_orb_0   20     0     0.463874    0   0    0.463874   1     
22    10    1    22subltc_0_orb_0   20     2     -0.463874    0   0    0.463874   1     
34    10    2    34subltc_0_orb_0   20     4     0.463874    0   0    0.463874   1     
46    10    3    46subltc_0_orb_0   20     6     -0.463874    0   0    0.463874   1     
58    10    4    58subltc_0_orb_0   20     8     0.463874    0   0    0.463874   1     
70    10    5    70subltc_0_orb_0   20     10     -0.463874    0   0    0.463874   1     
82    10    6    82subltc_0_orb_0   20     12     0.463874    0   0    0.463874   1     
94    10    7    94subltc_0_orb_0   20     14     -0.463874    0   0    0.463874   1     
106    10    8    106subltc_0_orb_0   20     16     0.463874    0   0    0.463874   1     
118    10    9    118subltc_0_orb_0   20     18     -0.463874    0   0    0.463874   1     
130    10    10    130subltc_0_orb_0   20     20     0.463874    0   0    0.463874   1     
142    10    11    142subltc_0_orb_0   20     22     -0.463874    0   0    0.463874   1     

11    11    0    11subltc_0_orb_0   22     0     -0.463874    0   0    0.463874   1     
23    11    1    23subltc_0_orb_0   22     2     0.463874    0   0    0.463874   1     
35    11    2    35subltc_0_orb_0   22     4     -0.463874    0   0    0.463874   1     
47    11    3    47subltc_0_orb_0   22     6     0.463874    0   0    0.463874   1     
59    11    4    59subltc_0_orb_0   22     8     -0.463874    0   0    0.463874   1     
71    11    5    71subltc_0_orb_0   22     10     0.463874    0   0    0.463874   1     
83    11    6    83subltc_0_orb_0   22     12     -0.463874    0   0    0.463874   1     
95    11    7    95subltc_0_orb_0   22     14     0.463874    0   0    0.463874   1     
107    11    8    107subltc_0_orb_0   22     16     -0.463874    0   0    0.463874   1     
119    11    9    119subltc_0_orb_0   22     18     0.463874    0   0    0.463874   1     
131    11    10    131subltc_0_orb_0   22     20     -0.463874    0   0    0.463874   1     
143    11    11    143subltc_0_orb_0   22     22     0.463874    0   0    0.463874   1     

