#site (in real lattice) site_1 site_2  rx  ry   Sz   Sx  Sy  |S|  <n>
0    0    0    0subltc_0_orb_0   0     0     2.19109e-07    0   0    2.19109e-07   0.833333     
12    0    1    12subltc_0_orb_0   0     2     -3.99309e-08    0   0    3.99309e-08   0.833333     
24    0    2    24subltc_0_orb_0   0     4     2.19109e-07    0   0    2.19109e-07   0.833333     
36    0    3    36subltc_0_orb_0   0     6     -3.99309e-08    0   0    3.99309e-08   0.833333     
48    0    4    48subltc_0_orb_0   0     8     2.19109e-07    0   0    2.19109e-07   0.833333     
60    0    5    60subltc_0_orb_0   0     10     -3.99309e-08    0   0    3.99309e-08   0.833333     
72    0    6    72subltc_0_orb_0   0     12     2.19109e-07    0   0    2.19109e-07   0.833333     
84    0    7    84subltc_0_orb_0   0     14     -3.99309e-08    0   0    3.99309e-08   0.833333     
96    0    8    96subltc_0_orb_0   0     16     2.19109e-07    0   0    2.19109e-07   0.833333     
108    0    9    108subltc_0_orb_0   0     18     -3.99309e-08    0   0    3.99309e-08   0.833333     
120    0    10    120subltc_0_orb_0   0     20     2.19109e-07    0   0    2.19109e-07   0.833333     
132    0    11    132subltc_0_orb_0   0     22     -3.99309e-08    0   0    3.99309e-08   0.833333     

1    1    0    1subltc_0_orb_0   2     0     -9.64471e-08    0   0    9.64471e-08   0.833333     
13    1    1    13subltc_0_orb_0   2     2     -3.4881e-09    0   0    3.4881e-09   0.833333     
25    1    2    25subltc_0_orb_0   2     4     -9.64471e-08    0   0    9.64471e-08   0.833333     
37    1    3    37subltc_0_orb_0   2     6     -3.4881e-09    0   0    3.4881e-09   0.833333     
49    1    4    49subltc_0_orb_0   2     8     -9.64471e-08    0   0    9.64471e-08   0.833333     
61    1    5    61subltc_0_orb_0   2     10     -3.4881e-09    0   0    3.4881e-09   0.833333     
73    1    6    73subltc_0_orb_0   2     12     -9.64471e-08    0   0    9.64471e-08   0.833333     
85    1    7    85subltc_0_orb_0   2     14     -3.4881e-09    0   0    3.4881e-09   0.833333     
97    1    8    97subltc_0_orb_0   2     16     -9.64471e-08    0   0    9.64471e-08   0.833333     
109    1    9    109subltc_0_orb_0   2     18     -3.4881e-09    0   0    3.4881e-09   0.833333     
121    1    10    121subltc_0_orb_0   2     20     -9.64471e-08    0   0    9.64471e-08   0.833333     
133    1    11    133subltc_0_orb_0   2     22     -3.4881e-09    0   0    3.4881e-09   0.833333     

2    2    0    2subltc_0_orb_0   4     0     2.19109e-07    0   0    2.19109e-07   0.833333     
14    2    1    14subltc_0_orb_0   4     2     -3.99309e-08    0   0    3.99309e-08   0.833333     
26    2    2    26subltc_0_orb_0   4     4     2.19109e-07    0   0    2.19109e-07   0.833333     
38    2    3    38subltc_0_orb_0   4     6     -3.99309e-08    0   0    3.99309e-08   0.833333     
50    2    4    50subltc_0_orb_0   4     8     2.19109e-07    0   0    2.19109e-07   0.833333     
62    2    5    62subltc_0_orb_0   4     10     -3.99309e-08    0   0    3.99309e-08   0.833333     
74    2    6    74subltc_0_orb_0   4     12     2.19109e-07    0   0    2.19109e-07   0.833333     
86    2    7    86subltc_0_orb_0   4     14     -3.99309e-08    0   0    3.99309e-08   0.833333     
98    2    8    98subltc_0_orb_0   4     16     2.19109e-07    0   0    2.19109e-07   0.833333     
110    2    9    110subltc_0_orb_0   4     18     -3.99309e-08    0   0    3.99309e-08   0.833333     
122    2    10    122subltc_0_orb_0   4     20     2.19109e-07    0   0    2.19109e-07   0.833333     
134    2    11    134subltc_0_orb_0   4     22     -3.99309e-08    0   0    3.99309e-08   0.833333     

3    3    0    3subltc_0_orb_0   6     0     -9.64471e-08    0   0    9.64471e-08   0.833333     
15    3    1    15subltc_0_orb_0   6     2     -3.4881e-09    0   0    3.4881e-09   0.833333     
27    3    2    27subltc_0_orb_0   6     4     -9.64471e-08    0   0    9.64471e-08   0.833333     
39    3    3    39subltc_0_orb_0   6     6     -3.4881e-09    0   0    3.4881e-09   0.833333     
51    3    4    51subltc_0_orb_0   6     8     -9.64471e-08    0   0    9.64471e-08   0.833333     
63    3    5    63subltc_0_orb_0   6     10     -3.4881e-09    0   0    3.4881e-09   0.833333     
75    3    6    75subltc_0_orb_0   6     12     -9.64471e-08    0   0    9.64471e-08   0.833333     
87    3    7    87subltc_0_orb_0   6     14     -3.4881e-09    0   0    3.4881e-09   0.833333     
99    3    8    99subltc_0_orb_0   6     16     -9.64471e-08    0   0    9.64471e-08   0.833333     
111    3    9    111subltc_0_orb_0   6     18     -3.4881e-09    0   0    3.4881e-09   0.833333     
123    3    10    123subltc_0_orb_0   6     20     -9.64471e-08    0   0    9.64471e-08   0.833333     
135    3    11    135subltc_0_orb_0   6     22     -3.4881e-09    0   0    3.4881e-09   0.833333     

4    4    0    4subltc_0_orb_0   8     0     2.19109e-07    0   0    2.19109e-07   0.833333     
16    4    1    16subltc_0_orb_0   8     2     -3.99309e-08    0   0    3.99309e-08   0.833333     
28    4    2    28subltc_0_orb_0   8     4     2.19109e-07    0   0    2.19109e-07   0.833333     
40    4    3    40subltc_0_orb_0   8     6     -3.99309e-08    0   0    3.99309e-08   0.833333     
52    4    4    52subltc_0_orb_0   8     8     2.19109e-07    0   0    2.19109e-07   0.833333     
64    4    5    64subltc_0_orb_0   8     10     -3.99309e-08    0   0    3.99309e-08   0.833333     
76    4    6    76subltc_0_orb_0   8     12     2.19109e-07    0   0    2.19109e-07   0.833333     
88    4    7    88subltc_0_orb_0   8     14     -3.99309e-08    0   0    3.99309e-08   0.833333     
100    4    8    100subltc_0_orb_0   8     16     2.19109e-07    0   0    2.19109e-07   0.833333     
112    4    9    112subltc_0_orb_0   8     18     -3.99309e-08    0   0    3.99309e-08   0.833333     
124    4    10    124subltc_0_orb_0   8     20     2.19109e-07    0   0    2.19109e-07   0.833333     
136    4    11    136subltc_0_orb_0   8     22     -3.99309e-08    0   0    3.99309e-08   0.833333     

5    5    0    5subltc_0_orb_0   10     0     -9.64471e-08    0   0    9.64471e-08   0.833333     
17    5    1    17subltc_0_orb_0   10     2     -3.4881e-09    0   0    3.4881e-09   0.833333     
29    5    2    29subltc_0_orb_0   10     4     -9.64471e-08    0   0    9.64471e-08   0.833333     
41    5    3    41subltc_0_orb_0   10     6     -3.4881e-09    0   0    3.4881e-09   0.833333     
53    5    4    53subltc_0_orb_0   10     8     -9.64471e-08    0   0    9.64471e-08   0.833333     
65    5    5    65subltc_0_orb_0   10     10     -3.4881e-09    0   0    3.4881e-09   0.833333     
77    5    6    77subltc_0_orb_0   10     12     -9.64471e-08    0   0    9.64471e-08   0.833333     
89    5    7    89subltc_0_orb_0   10     14     -3.4881e-09    0   0    3.4881e-09   0.833333     
101    5    8    101subltc_0_orb_0   10     16     -9.64471e-08    0   0    9.64471e-08   0.833333     
113    5    9    113subltc_0_orb_0   10     18     -3.4881e-09    0   0    3.4881e-09   0.833333     
125    5    10    125subltc_0_orb_0   10     20     -9.64471e-08    0   0    9.64471e-08   0.833333     
137    5    11    137subltc_0_orb_0   10     22     -3.4881e-09    0   0    3.4881e-09   0.833333     

6    6    0    6subltc_0_orb_0   12     0     2.19109e-07    0   0    2.19109e-07   0.833333     
18    6    1    18subltc_0_orb_0   12     2     -3.99309e-08    0   0    3.99309e-08   0.833333     
30    6    2    30subltc_0_orb_0   12     4     2.19109e-07    0   0    2.19109e-07   0.833333     
42    6    3    42subltc_0_orb_0   12     6     -3.99309e-08    0   0    3.99309e-08   0.833333     
54    6    4    54subltc_0_orb_0   12     8     2.19109e-07    0   0    2.19109e-07   0.833333     
66    6    5    66subltc_0_orb_0   12     10     -3.99309e-08    0   0    3.99309e-08   0.833333     
78    6    6    78subltc_0_orb_0   12     12     2.19109e-07    0   0    2.19109e-07   0.833333     
90    6    7    90subltc_0_orb_0   12     14     -3.99309e-08    0   0    3.99309e-08   0.833333     
102    6    8    102subltc_0_orb_0   12     16     2.19109e-07    0   0    2.19109e-07   0.833333     
114    6    9    114subltc_0_orb_0   12     18     -3.99309e-08    0   0    3.99309e-08   0.833333     
126    6    10    126subltc_0_orb_0   12     20     2.19109e-07    0   0    2.19109e-07   0.833333     
138    6    11    138subltc_0_orb_0   12     22     -3.99309e-08    0   0    3.99309e-08   0.833333     

7    7    0    7subltc_0_orb_0   14     0     -9.64471e-08    0   0    9.64471e-08   0.833333     
19    7    1    19subltc_0_orb_0   14     2     -3.4881e-09    0   0    3.4881e-09   0.833333     
31    7    2    31subltc_0_orb_0   14     4     -9.64471e-08    0   0    9.64471e-08   0.833333     
43    7    3    43subltc_0_orb_0   14     6     -3.4881e-09    0   0    3.4881e-09   0.833333     
55    7    4    55subltc_0_orb_0   14     8     -9.64471e-08    0   0    9.64471e-08   0.833333     
67    7    5    67subltc_0_orb_0   14     10     -3.4881e-09    0   0    3.4881e-09   0.833333     
79    7    6    79subltc_0_orb_0   14     12     -9.64471e-08    0   0    9.64471e-08   0.833333     
91    7    7    91subltc_0_orb_0   14     14     -3.4881e-09    0   0    3.4881e-09   0.833333     
103    7    8    103subltc_0_orb_0   14     16     -9.64471e-08    0   0    9.64471e-08   0.833333     
115    7    9    115subltc_0_orb_0   14     18     -3.4881e-09    0   0    3.4881e-09   0.833333     
127    7    10    127subltc_0_orb_0   14     20     -9.64471e-08    0   0    9.64471e-08   0.833333     
139    7    11    139subltc_0_orb_0   14     22     -3.4881e-09    0   0    3.4881e-09   0.833333     

8    8    0    8subltc_0_orb_0   16     0     2.19109e-07    0   0    2.19109e-07   0.833333     
20    8    1    20subltc_0_orb_0   16     2     -3.99309e-08    0   0    3.99309e-08   0.833333     
32    8    2    32subltc_0_orb_0   16     4     2.19109e-07    0   0    2.19109e-07   0.833333     
44    8    3    44subltc_0_orb_0   16     6     -3.99309e-08    0   0    3.99309e-08   0.833333     
56    8    4    56subltc_0_orb_0   16     8     2.19109e-07    0   0    2.19109e-07   0.833333     
68    8    5    68subltc_0_orb_0   16     10     -3.99309e-08    0   0    3.99309e-08   0.833333     
80    8    6    80subltc_0_orb_0   16     12     2.19109e-07    0   0    2.19109e-07   0.833333     
92    8    7    92subltc_0_orb_0   16     14     -3.99309e-08    0   0    3.99309e-08   0.833333     
104    8    8    104subltc_0_orb_0   16     16     2.19109e-07    0   0    2.19109e-07   0.833333     
116    8    9    116subltc_0_orb_0   16     18     -3.99309e-08    0   0    3.99309e-08   0.833333     
128    8    10    128subltc_0_orb_0   16     20     2.19109e-07    0   0    2.19109e-07   0.833333     
140    8    11    140subltc_0_orb_0   16     22     -3.99309e-08    0   0    3.99309e-08   0.833333     

9    9    0    9subltc_0_orb_0   18     0     -9.64471e-08    0   0    9.64471e-08   0.833333     
21    9    1    21subltc_0_orb_0   18     2     -3.4881e-09    0   0    3.4881e-09   0.833333     
33    9    2    33subltc_0_orb_0   18     4     -9.64471e-08    0   0    9.64471e-08   0.833333     
45    9    3    45subltc_0_orb_0   18     6     -3.4881e-09    0   0    3.4881e-09   0.833333     
57    9    4    57subltc_0_orb_0   18     8     -9.64471e-08    0   0    9.64471e-08   0.833333     
69    9    5    69subltc_0_orb_0   18     10     -3.4881e-09    0   0    3.4881e-09   0.833333     
81    9    6    81subltc_0_orb_0   18     12     -9.64471e-08    0   0    9.64471e-08   0.833333     
93    9    7    93subltc_0_orb_0   18     14     -3.4881e-09    0   0    3.4881e-09   0.833333     
105    9    8    105subltc_0_orb_0   18     16     -9.64471e-08    0   0    9.64471e-08   0.833333     
117    9    9    117subltc_0_orb_0   18     18     -3.4881e-09    0   0    3.4881e-09   0.833333     
129    9    10    129subltc_0_orb_0   18     20     -9.64471e-08    0   0    9.64471e-08   0.833333     
141    9    11    141subltc_0_orb_0   18     22     -3.4881e-09    0   0    3.4881e-09   0.833333     

10    10    0    10subltc_0_orb_0   20     0     2.19109e-07    0   0    2.19109e-07   0.833333     
22    10    1    22subltc_0_orb_0   20     2     -3.99309e-08    0   0    3.99309e-08   0.833333     
34    10    2    34subltc_0_orb_0   20     4     2.19109e-07    0   0    2.19109e-07   0.833333     
46    10    3    46subltc_0_orb_0   20     6     -3.99309e-08    0   0    3.99309e-08   0.833333     
58    10    4    58subltc_0_orb_0   20     8     2.19109e-07    0   0    2.19109e-07   0.833333     
70    10    5    70subltc_0_orb_0   20     10     -3.99309e-08    0   0    3.99309e-08   0.833333     
82    10    6    82subltc_0_orb_0   20     12     2.19109e-07    0   0    2.19109e-07   0.833333     
94    10    7    94subltc_0_orb_0   20     14     -3.99309e-08    0   0    3.99309e-08   0.833333     
106    10    8    106subltc_0_orb_0   20     16     2.19109e-07    0   0    2.19109e-07   0.833333     
118    10    9    118subltc_0_orb_0   20     18     -3.99309e-08    0   0    3.99309e-08   0.833333     
130    10    10    130subltc_0_orb_0   20     20     2.19109e-07    0   0    2.19109e-07   0.833333     
142    10    11    142subltc_0_orb_0   20     22     -3.99309e-08    0   0    3.99309e-08   0.833333     

11    11    0    11subltc_0_orb_0   22     0     -9.64471e-08    0   0    9.64471e-08   0.833333     
23    11    1    23subltc_0_orb_0   22     2     -3.4881e-09    0   0    3.4881e-09   0.833333     
35    11    2    35subltc_0_orb_0   22     4     -9.64471e-08    0   0    9.64471e-08   0.833333     
47    11    3    47subltc_0_orb_0   22     6     -3.4881e-09    0   0    3.4881e-09   0.833333     
59    11    4    59subltc_0_orb_0   22     8     -9.64471e-08    0   0    9.64471e-08   0.833333     
71    11    5    71subltc_0_orb_0   22     10     -3.4881e-09    0   0    3.4881e-09   0.833333     
83    11    6    83subltc_0_orb_0   22     12     -9.64471e-08    0   0    9.64471e-08   0.833333     
95    11    7    95subltc_0_orb_0   22     14     -3.4881e-09    0   0    3.4881e-09   0.833333     
107    11    8    107subltc_0_orb_0   22     16     -9.64471e-08    0   0    9.64471e-08   0.833333     
119    11    9    119subltc_0_orb_0   22     18     -3.4881e-09    0   0    3.4881e-09   0.833333     
131    11    10    131subltc_0_orb_0   22     20     -9.64471e-08    0   0    9.64471e-08   0.833333     
143    11    11    143subltc_0_orb_0   22     22     -3.4881e-09    0   0    3.4881e-09   0.833333     

