#alpha(site in real lattice)   0up   0dn  1up     1dn
0    0.628897    0.204436    
24    0.628897    0.204436    
48    0.628897    0.204436    
72    0.628897    0.204436    
96    0.628897    0.204436    
120    0.628897    0.204436    
12    0.628897    0.204436    
36    0.628897    0.204436    
60    0.628897    0.204436    
84    0.628897    0.204436    
108    0.628897    0.204436    
132    0.628897    0.204436    
2    0.628897    0.204436    
26    0.628897    0.204436    
50    0.628897    0.204436    
74    0.628897    0.204436    
98    0.628897    0.204436    
122    0.628897    0.204436    
14    0.628897    0.204436    
38    0.628897    0.204436    
62    0.628897    0.204436    
86    0.628897    0.204436    
110    0.628897    0.204436    
134    0.628897    0.204436    
4    0.628897    0.204436    
28    0.628897    0.204436    
52    0.628897    0.204436    
76    0.628897    0.204436    
100    0.628897    0.204436    
124    0.628897    0.204436    
16    0.628897    0.204436    
40    0.628897    0.204436    
64    0.628897    0.204436    
88    0.628897    0.204436    
112    0.628897    0.204436    
136    0.628897    0.204436    
6    0.628897    0.204436    
30    0.628897    0.204436    
54    0.628897    0.204436    
78    0.628897    0.204436    
102    0.628897    0.204436    
126    0.628897    0.204436    
18    0.628897    0.204436    
42    0.628897    0.204436    
66    0.628897    0.204436    
90    0.628897    0.204436    
114    0.628897    0.204436    
138    0.628897    0.204436    
8    0.628897    0.204436    
32    0.628897    0.204436    
56    0.628897    0.204436    
80    0.628897    0.204436    
104    0.628897    0.204436    
128    0.628897    0.204436    
20    0.628897    0.204436    
44    0.628897    0.204436    
68    0.628897    0.204436    
92    0.628897    0.204436    
116    0.628897    0.204436    
140    0.628897    0.204436    
10    0.628897    0.204436    
34    0.628897    0.204436    
58    0.628897    0.204436    
82    0.628897    0.204436    
106    0.628897    0.204436    
130    0.628897    0.204436    
22    0.628897    0.204436    
46    0.628897    0.204436    
70    0.628897    0.204436    
94    0.628897    0.204436    
118    0.628897    0.204436    
142    0.628897    0.204436    
1    0.628897    0.204437    
25    0.628897    0.204437    
49    0.628897    0.204437    
73    0.628897    0.204437    
97    0.628897    0.204437    
121    0.628897    0.204437    
13    0.628897    0.204436    
37    0.628897    0.204436    
61    0.628897    0.204436    
85    0.628897    0.204436    
109    0.628897    0.204436    
133    0.628897    0.204436    
3    0.628897    0.204437    
27    0.628897    0.204437    
51    0.628897    0.204437    
75    0.628897    0.204437    
99    0.628897    0.204437    
123    0.628897    0.204437    
15    0.628897    0.204436    
39    0.628897    0.204436    
63    0.628897    0.204436    
87    0.628897    0.204436    
111    0.628897    0.204436    
135    0.628897    0.204436    
5    0.628897    0.204437    
29    0.628897    0.204437    
53    0.628897    0.204437    
77    0.628897    0.204437    
101    0.628897    0.204437    
125    0.628897    0.204437    
17    0.628897    0.204436    
41    0.628897    0.204436    
65    0.628897    0.204436    
89    0.628897    0.204436    
113    0.628897    0.204436    
137    0.628897    0.204436    
7    0.628897    0.204437    
31    0.628897    0.204437    
55    0.628897    0.204437    
79    0.628897    0.204437    
103    0.628897    0.204437    
127    0.628897    0.204437    
19    0.628897    0.204436    
43    0.628897    0.204436    
67    0.628897    0.204436    
91    0.628897    0.204436    
115    0.628897    0.204436    
139    0.628897    0.204436    
9    0.628897    0.204437    
33    0.628897    0.204437    
57    0.628897    0.204437    
81    0.628897    0.204437    
105    0.628897    0.204437    
129    0.628897    0.204437    
21    0.628897    0.204436    
45    0.628897    0.204436    
69    0.628897    0.204436    
93    0.628897    0.204436    
117    0.628897    0.204436    
141    0.628897    0.204436    
11    0.628897    0.204437    
35    0.628897    0.204437    
59    0.628897    0.204437    
83    0.628897    0.204437    
107    0.628897    0.204437    
131    0.628897    0.204437    
23    0.628897    0.204436    
47    0.628897    0.204436    
71    0.628897    0.204436    
95    0.628897    0.204436    
119    0.628897    0.204436    
143    0.628897    0.204436    
