#alpha(site in real lattice)   0up   0dn  1up     1dn
0    0.416669    0.416665    
24    0.416669    0.416665    
48    0.416669    0.416665    
72    0.416669    0.416665    
96    0.416669    0.416665    
120    0.416669    0.416665    
12    0.416667    0.416667    
36    0.416667    0.416667    
60    0.416667    0.416667    
84    0.416667    0.416667    
108    0.416667    0.416667    
132    0.416667    0.416667    
2    0.416669    0.416665    
26    0.416669    0.416665    
50    0.416669    0.416665    
74    0.416669    0.416665    
98    0.416669    0.416665    
122    0.416669    0.416665    
14    0.416667    0.416667    
38    0.416667    0.416667    
62    0.416667    0.416667    
86    0.416667    0.416667    
110    0.416667    0.416667    
134    0.416667    0.416667    
4    0.416669    0.416665    
28    0.416669    0.416665    
52    0.416669    0.416665    
76    0.416669    0.416665    
100    0.416669    0.416665    
124    0.416669    0.416665    
16    0.416667    0.416667    
40    0.416667    0.416667    
64    0.416667    0.416667    
88    0.416667    0.416667    
112    0.416667    0.416667    
136    0.416667    0.416667    
6    0.416669    0.416665    
30    0.416669    0.416665    
54    0.416669    0.416665    
78    0.416669    0.416665    
102    0.416669    0.416665    
126    0.416669    0.416665    
18    0.416667    0.416667    
42    0.416667    0.416667    
66    0.416667    0.416667    
90    0.416667    0.416667    
114    0.416667    0.416667    
138    0.416667    0.416667    
8    0.416669    0.416665    
32    0.416669    0.416665    
56    0.416669    0.416665    
80    0.416669    0.416665    
104    0.416669    0.416665    
128    0.416669    0.416665    
20    0.416667    0.416667    
44    0.416667    0.416667    
68    0.416667    0.416667    
92    0.416667    0.416667    
116    0.416667    0.416667    
140    0.416667    0.416667    
10    0.416669    0.416665    
34    0.416669    0.416665    
58    0.416669    0.416665    
82    0.416669    0.416665    
106    0.416669    0.416665    
130    0.416669    0.416665    
22    0.416667    0.416667    
46    0.416667    0.416667    
70    0.416667    0.416667    
94    0.416667    0.416667    
118    0.416667    0.416667    
142    0.416667    0.416667    
1    0.416667    0.416667    
25    0.416667    0.416667    
49    0.416667    0.416667    
73    0.416667    0.416667    
97    0.416667    0.416667    
121    0.416667    0.416667    
13    0.416665    0.416668    
37    0.416665    0.416668    
61    0.416665    0.416668    
85    0.416665    0.416668    
109    0.416665    0.416668    
133    0.416665    0.416668    
3    0.416667    0.416667    
27    0.416667    0.416667    
51    0.416667    0.416667    
75    0.416667    0.416667    
99    0.416667    0.416667    
123    0.416667    0.416667    
15    0.416665    0.416668    
39    0.416665    0.416668    
63    0.416665    0.416668    
87    0.416665    0.416668    
111    0.416665    0.416668    
135    0.416665    0.416668    
5    0.416667    0.416667    
29    0.416667    0.416667    
53    0.416667    0.416667    
77    0.416667    0.416667    
101    0.416667    0.416667    
125    0.416667    0.416667    
17    0.416665    0.416668    
41    0.416665    0.416668    
65    0.416665    0.416668    
89    0.416665    0.416668    
113    0.416665    0.416668    
137    0.416665    0.416668    
7    0.416667    0.416667    
31    0.416667    0.416667    
55    0.416667    0.416667    
79    0.416667    0.416667    
103    0.416667    0.416667    
127    0.416667    0.416667    
19    0.416665    0.416668    
43    0.416665    0.416668    
67    0.416665    0.416668    
91    0.416665    0.416668    
115    0.416665    0.416668    
139    0.416665    0.416668    
9    0.416667    0.416667    
33    0.416667    0.416667    
57    0.416667    0.416667    
81    0.416667    0.416667    
105    0.416667    0.416667    
129    0.416667    0.416667    
21    0.416665    0.416668    
45    0.416665    0.416668    
69    0.416665    0.416668    
93    0.416665    0.416668    
117    0.416665    0.416668    
141    0.416665    0.416668    
11    0.416667    0.416667    
35    0.416667    0.416667    
59    0.416667    0.416667    
83    0.416667    0.416667    
107    0.416667    0.416667    
131    0.416667    0.416667    
23    0.416665    0.416668    
47    0.416665    0.416668    
71    0.416665    0.416668    
95    0.416665    0.416668    
119    0.416665    0.416668    
143    0.416665    0.416668    
