#alpha(site in real lattice)   0up   0dn  1up     1dn
0    0.833333    0    
24    0.833333    0    
48    0.833333    0    
72    0.833333    0    
96    0.833333    0    
120    0.833333    0    
12    0.833333    0    
36    0.833333    0    
60    0.833333    0    
84    0.833333    0    
108    0.833333    0    
132    0.833333    0    
2    0.833333    0    
26    0.833333    0    
50    0.833333    0    
74    0.833333    0    
98    0.833333    0    
122    0.833333    0    
14    0.833333    0    
38    0.833333    0    
62    0.833333    0    
86    0.833333    0    
110    0.833333    0    
134    0.833333    0    
4    0.833333    0    
28    0.833333    0    
52    0.833333    0    
76    0.833333    0    
100    0.833333    0    
124    0.833333    0    
16    0.833333    0    
40    0.833333    0    
64    0.833333    0    
88    0.833333    0    
112    0.833333    0    
136    0.833333    0    
6    0.833333    0    
30    0.833333    0    
54    0.833333    0    
78    0.833333    0    
102    0.833333    0    
126    0.833333    0    
18    0.833333    0    
42    0.833333    0    
66    0.833333    0    
90    0.833333    0    
114    0.833333    0    
138    0.833333    0    
8    0.833333    0    
32    0.833333    0    
56    0.833333    0    
80    0.833333    0    
104    0.833333    0    
128    0.833333    0    
20    0.833333    0    
44    0.833333    0    
68    0.833333    0    
92    0.833333    0    
116    0.833333    0    
140    0.833333    0    
10    0.833333    0    
34    0.833333    0    
58    0.833333    0    
82    0.833333    0    
106    0.833333    0    
130    0.833333    0    
22    0.833333    0    
46    0.833333    0    
70    0.833333    0    
94    0.833333    0    
118    0.833333    0    
142    0.833333    0    
1    0.833333    0    
25    0.833333    0    
49    0.833333    0    
73    0.833333    0    
97    0.833333    0    
121    0.833333    0    
13    0.833333    0    
37    0.833333    0    
61    0.833333    0    
85    0.833333    0    
109    0.833333    0    
133    0.833333    0    
3    0.833333    0    
27    0.833333    0    
51    0.833333    0    
75    0.833333    0    
99    0.833333    0    
123    0.833333    0    
15    0.833333    0    
39    0.833333    0    
63    0.833333    0    
87    0.833333    0    
111    0.833333    0    
135    0.833333    0    
5    0.833333    0    
29    0.833333    0    
53    0.833333    0    
77    0.833333    0    
101    0.833333    0    
125    0.833333    0    
17    0.833333    0    
41    0.833333    0    
65    0.833333    0    
89    0.833333    0    
113    0.833333    0    
137    0.833333    0    
7    0.833333    0    
31    0.833333    0    
55    0.833333    0    
79    0.833333    0    
103    0.833333    0    
127    0.833333    0    
19    0.833333    0    
43    0.833333    0    
67    0.833333    0    
91    0.833333    0    
115    0.833333    0    
139    0.833333    0    
9    0.833333    0    
33    0.833333    0    
57    0.833333    0    
81    0.833333    0    
105    0.833333    0    
129    0.833333    0    
21    0.833333    0    
45    0.833333    0    
69    0.833333    0    
93    0.833333    0    
117    0.833333    0    
141    0.833333    0    
11    0.833333    0    
35    0.833333    0    
59    0.833333    0    
83    0.833333    0    
107    0.833333    0    
131    0.833333    0    
23    0.833333    0    
47    0.833333    0    
71    0.833333    0    
95    0.833333    0    
119    0.833333    0    
143    0.833333    0    
