#alpha(site in real lattice)   0up   0dn  1up     1dn
0    0.416667    0.416667    
24    0.416667    0.416667    
48    0.416667    0.416667    
72    0.416667    0.416667    
96    0.416667    0.416667    
120    0.416667    0.416667    
12    0.416667    0.416667    
36    0.416667    0.416667    
60    0.416667    0.416667    
84    0.416667    0.416667    
108    0.416667    0.416667    
132    0.416667    0.416667    
2    0.416667    0.416667    
26    0.416667    0.416667    
50    0.416667    0.416667    
74    0.416667    0.416667    
98    0.416667    0.416667    
122    0.416667    0.416667    
14    0.416667    0.416667    
38    0.416667    0.416667    
62    0.416667    0.416667    
86    0.416667    0.416667    
110    0.416667    0.416667    
134    0.416667    0.416667    
4    0.416667    0.416667    
28    0.416667    0.416667    
52    0.416667    0.416667    
76    0.416667    0.416667    
100    0.416667    0.416667    
124    0.416667    0.416667    
16    0.416667    0.416667    
40    0.416667    0.416667    
64    0.416667    0.416667    
88    0.416667    0.416667    
112    0.416667    0.416667    
136    0.416667    0.416667    
6    0.416667    0.416667    
30    0.416667    0.416667    
54    0.416667    0.416667    
78    0.416667    0.416667    
102    0.416667    0.416667    
126    0.416667    0.416667    
18    0.416667    0.416667    
42    0.416667    0.416667    
66    0.416667    0.416667    
90    0.416667    0.416667    
114    0.416667    0.416667    
138    0.416667    0.416667    
8    0.416667    0.416667    
32    0.416667    0.416667    
56    0.416667    0.416667    
80    0.416667    0.416667    
104    0.416667    0.416667    
128    0.416667    0.416667    
20    0.416667    0.416667    
44    0.416667    0.416667    
68    0.416667    0.416667    
92    0.416667    0.416667    
116    0.416667    0.416667    
140    0.416667    0.416667    
10    0.416667    0.416667    
34    0.416667    0.416667    
58    0.416667    0.416667    
82    0.416667    0.416667    
106    0.416667    0.416667    
130    0.416667    0.416667    
22    0.416667    0.416667    
46    0.416667    0.416667    
70    0.416667    0.416667    
94    0.416667    0.416667    
118    0.416667    0.416667    
142    0.416667    0.416667    
1    0.416667    0.416667    
25    0.416667    0.416667    
49    0.416667    0.416667    
73    0.416667    0.416667    
97    0.416667    0.416667    
121    0.416667    0.416667    
13    0.416667    0.416667    
37    0.416667    0.416667    
61    0.416667    0.416667    
85    0.416667    0.416667    
109    0.416667    0.416667    
133    0.416667    0.416667    
3    0.416667    0.416667    
27    0.416667    0.416667    
51    0.416667    0.416667    
75    0.416667    0.416667    
99    0.416667    0.416667    
123    0.416667    0.416667    
15    0.416667    0.416667    
39    0.416667    0.416667    
63    0.416667    0.416667    
87    0.416667    0.416667    
111    0.416667    0.416667    
135    0.416667    0.416667    
5    0.416667    0.416667    
29    0.416667    0.416667    
53    0.416667    0.416667    
77    0.416667    0.416667    
101    0.416667    0.416667    
125    0.416667    0.416667    
17    0.416667    0.416667    
41    0.416667    0.416667    
65    0.416667    0.416667    
89    0.416667    0.416667    
113    0.416667    0.416667    
137    0.416667    0.416667    
7    0.416667    0.416667    
31    0.416667    0.416667    
55    0.416667    0.416667    
79    0.416667    0.416667    
103    0.416667    0.416667    
127    0.416667    0.416667    
19    0.416667    0.416667    
43    0.416667    0.416667    
67    0.416667    0.416667    
91    0.416667    0.416667    
115    0.416667    0.416667    
139    0.416667    0.416667    
9    0.416667    0.416667    
33    0.416667    0.416667    
57    0.416667    0.416667    
81    0.416667    0.416667    
105    0.416667    0.416667    
129    0.416667    0.416667    
21    0.416667    0.416667    
45    0.416667    0.416667    
69    0.416667    0.416667    
93    0.416667    0.416667    
117    0.416667    0.416667    
141    0.416667    0.416667    
11    0.416667    0.416667    
35    0.416667    0.416667    
59    0.416667    0.416667    
83    0.416667    0.416667    
107    0.416667    0.416667    
131    0.416667    0.416667    
23    0.416667    0.416667    
47    0.416667    0.416667    
71    0.416667    0.416667    
95    0.416667    0.416667    
119    0.416667    0.416667    
143    0.416667    0.416667    
