#alpha(site in real lattice)   0up   0dn  1up     1dn
0    0.560679    0.272654    
24    0.560679    0.272654    
48    0.560679    0.272654    
72    0.560679    0.272654    
96    0.560679    0.272654    
120    0.560679    0.272654    
12    0.56068    0.272653    
36    0.56068    0.272653    
60    0.56068    0.272653    
84    0.56068    0.272653    
108    0.56068    0.272653    
132    0.56068    0.272653    
2    0.560679    0.272654    
26    0.560679    0.272654    
50    0.560679    0.272654    
74    0.560679    0.272654    
98    0.560679    0.272654    
122    0.560679    0.272654    
14    0.56068    0.272653    
38    0.56068    0.272653    
62    0.56068    0.272653    
86    0.56068    0.272653    
110    0.56068    0.272653    
134    0.56068    0.272653    
4    0.560679    0.272654    
28    0.560679    0.272654    
52    0.560679    0.272654    
76    0.560679    0.272654    
100    0.560679    0.272654    
124    0.560679    0.272654    
16    0.56068    0.272653    
40    0.56068    0.272653    
64    0.56068    0.272653    
88    0.56068    0.272653    
112    0.56068    0.272653    
136    0.56068    0.272653    
6    0.560679    0.272654    
30    0.560679    0.272654    
54    0.560679    0.272654    
78    0.560679    0.272654    
102    0.560679    0.272654    
126    0.560679    0.272654    
18    0.56068    0.272653    
42    0.56068    0.272653    
66    0.56068    0.272653    
90    0.56068    0.272653    
114    0.56068    0.272653    
138    0.56068    0.272653    
8    0.560679    0.272654    
32    0.560679    0.272654    
56    0.560679    0.272654    
80    0.560679    0.272654    
104    0.560679    0.272654    
128    0.560679    0.272654    
20    0.56068    0.272653    
44    0.56068    0.272653    
68    0.56068    0.272653    
92    0.56068    0.272653    
116    0.56068    0.272653    
140    0.56068    0.272653    
10    0.560679    0.272654    
34    0.560679    0.272654    
58    0.560679    0.272654    
82    0.560679    0.272654    
106    0.560679    0.272654    
130    0.560679    0.272654    
22    0.56068    0.272653    
46    0.56068    0.272653    
70    0.56068    0.272653    
94    0.56068    0.272653    
118    0.56068    0.272653    
142    0.56068    0.272653    
1    0.56068    0.272654    
25    0.56068    0.272654    
49    0.56068    0.272654    
73    0.56068    0.272654    
97    0.56068    0.272654    
121    0.56068    0.272654    
13    0.560679    0.272655    
37    0.560679    0.272655    
61    0.560679    0.272655    
85    0.560679    0.272655    
109    0.560679    0.272655    
133    0.560679    0.272655    
3    0.56068    0.272654    
27    0.56068    0.272654    
51    0.56068    0.272654    
75    0.56068    0.272654    
99    0.56068    0.272654    
123    0.56068    0.272654    
15    0.560679    0.272655    
39    0.560679    0.272655    
63    0.560679    0.272655    
87    0.560679    0.272655    
111    0.560679    0.272655    
135    0.560679    0.272655    
5    0.56068    0.272654    
29    0.56068    0.272654    
53    0.56068    0.272654    
77    0.56068    0.272654    
101    0.56068    0.272654    
125    0.56068    0.272654    
17    0.560679    0.272655    
41    0.560679    0.272655    
65    0.560679    0.272655    
89    0.560679    0.272655    
113    0.560679    0.272655    
137    0.560679    0.272655    
7    0.56068    0.272654    
31    0.56068    0.272654    
55    0.56068    0.272654    
79    0.56068    0.272654    
103    0.56068    0.272654    
127    0.56068    0.272654    
19    0.560679    0.272655    
43    0.560679    0.272655    
67    0.560679    0.272655    
91    0.560679    0.272655    
115    0.560679    0.272655    
139    0.560679    0.272655    
9    0.56068    0.272654    
33    0.56068    0.272654    
57    0.56068    0.272654    
81    0.56068    0.272654    
105    0.56068    0.272654    
129    0.56068    0.272654    
21    0.560679    0.272655    
45    0.560679    0.272655    
69    0.560679    0.272655    
93    0.560679    0.272655    
117    0.560679    0.272655    
141    0.560679    0.272655    
11    0.56068    0.272654    
35    0.56068    0.272654    
59    0.56068    0.272654    
83    0.56068    0.272654    
107    0.56068    0.272654    
131    0.56068    0.272654    
23    0.560679    0.272655    
47    0.560679    0.272655    
71    0.560679    0.272655    
95    0.560679    0.272655    
119    0.560679    0.272655    
143    0.560679    0.272655    
