#alpha(site in real lattice)   0up   0dn  1up     1dn
0    0.596528    0.236806    
24    0.596528    0.236806    
48    0.596528    0.236806    
72    0.596528    0.236806    
96    0.596528    0.236806    
120    0.596528    0.236806    
12    0.596529    0.236805    
36    0.596529    0.236805    
60    0.596529    0.236805    
84    0.596529    0.236805    
108    0.596529    0.236805    
132    0.596529    0.236805    
2    0.596528    0.236806    
26    0.596528    0.236806    
50    0.596528    0.236806    
74    0.596528    0.236806    
98    0.596528    0.236806    
122    0.596528    0.236806    
14    0.596529    0.236805    
38    0.596529    0.236805    
62    0.596529    0.236805    
86    0.596529    0.236805    
110    0.596529    0.236805    
134    0.596529    0.236805    
4    0.596528    0.236806    
28    0.596528    0.236806    
52    0.596528    0.236806    
76    0.596528    0.236806    
100    0.596528    0.236806    
124    0.596528    0.236806    
16    0.596529    0.236805    
40    0.596529    0.236805    
64    0.596529    0.236805    
88    0.596529    0.236805    
112    0.596529    0.236805    
136    0.596529    0.236805    
6    0.596528    0.236806    
30    0.596528    0.236806    
54    0.596528    0.236806    
78    0.596528    0.236806    
102    0.596528    0.236806    
126    0.596528    0.236806    
18    0.596529    0.236805    
42    0.596529    0.236805    
66    0.596529    0.236805    
90    0.596529    0.236805    
114    0.596529    0.236805    
138    0.596529    0.236805    
8    0.596528    0.236806    
32    0.596528    0.236806    
56    0.596528    0.236806    
80    0.596528    0.236806    
104    0.596528    0.236806    
128    0.596528    0.236806    
20    0.596529    0.236805    
44    0.596529    0.236805    
68    0.596529    0.236805    
92    0.596529    0.236805    
116    0.596529    0.236805    
140    0.596529    0.236805    
10    0.596528    0.236806    
34    0.596528    0.236806    
58    0.596528    0.236806    
82    0.596528    0.236806    
106    0.596528    0.236806    
130    0.596528    0.236806    
22    0.596529    0.236805    
46    0.596529    0.236805    
70    0.596529    0.236805    
94    0.596529    0.236805    
118    0.596529    0.236805    
142    0.596529    0.236805    
1    0.596529    0.236805    
25    0.596529    0.236805    
49    0.596529    0.236805    
73    0.596529    0.236805    
97    0.596529    0.236805    
121    0.596529    0.236805    
13    0.596528    0.236805    
37    0.596528    0.236805    
61    0.596528    0.236805    
85    0.596528    0.236805    
109    0.596528    0.236805    
133    0.596528    0.236805    
3    0.596529    0.236805    
27    0.596529    0.236805    
51    0.596529    0.236805    
75    0.596529    0.236805    
99    0.596529    0.236805    
123    0.596529    0.236805    
15    0.596528    0.236805    
39    0.596528    0.236805    
63    0.596528    0.236805    
87    0.596528    0.236805    
111    0.596528    0.236805    
135    0.596528    0.236805    
5    0.596529    0.236805    
29    0.596529    0.236805    
53    0.596529    0.236805    
77    0.596529    0.236805    
101    0.596529    0.236805    
125    0.596529    0.236805    
17    0.596528    0.236805    
41    0.596528    0.236805    
65    0.596528    0.236805    
89    0.596528    0.236805    
113    0.596528    0.236805    
137    0.596528    0.236805    
7    0.596529    0.236805    
31    0.596529    0.236805    
55    0.596529    0.236805    
79    0.596529    0.236805    
103    0.596529    0.236805    
127    0.596529    0.236805    
19    0.596528    0.236805    
43    0.596528    0.236805    
67    0.596528    0.236805    
91    0.596528    0.236805    
115    0.596528    0.236805    
139    0.596528    0.236805    
9    0.596529    0.236805    
33    0.596529    0.236805    
57    0.596529    0.236805    
81    0.596529    0.236805    
105    0.596529    0.236805    
129    0.596529    0.236805    
21    0.596528    0.236805    
45    0.596528    0.236805    
69    0.596528    0.236805    
93    0.596528    0.236805    
117    0.596528    0.236805    
141    0.596528    0.236805    
11    0.596529    0.236805    
35    0.596529    0.236805    
59    0.596529    0.236805    
83    0.596529    0.236805    
107    0.596529    0.236805    
131    0.596529    0.236805    
23    0.596528    0.236805    
47    0.596528    0.236805    
71    0.596528    0.236805    
95    0.596528    0.236805    
119    0.596528    0.236805    
143    0.596528    0.236805    
