#alpha(site in real lattice)   0up   0dn  1up     1dn
0    0.652157    0.181176    
24    0.652157    0.181176    
48    0.652157    0.181176    
72    0.652157    0.181176    
96    0.652157    0.181176    
120    0.652157    0.181176    
12    0.652158    0.181176    
36    0.652158    0.181176    
60    0.652158    0.181176    
84    0.652158    0.181176    
108    0.652158    0.181176    
132    0.652158    0.181176    
2    0.652157    0.181176    
26    0.652157    0.181176    
50    0.652157    0.181176    
74    0.652157    0.181176    
98    0.652157    0.181176    
122    0.652157    0.181176    
14    0.652158    0.181176    
38    0.652158    0.181176    
62    0.652158    0.181176    
86    0.652158    0.181176    
110    0.652158    0.181176    
134    0.652158    0.181176    
4    0.652157    0.181176    
28    0.652157    0.181176    
52    0.652157    0.181176    
76    0.652157    0.181176    
100    0.652157    0.181176    
124    0.652157    0.181176    
16    0.652158    0.181176    
40    0.652158    0.181176    
64    0.652158    0.181176    
88    0.652158    0.181176    
112    0.652158    0.181176    
136    0.652158    0.181176    
6    0.652157    0.181176    
30    0.652157    0.181176    
54    0.652157    0.181176    
78    0.652157    0.181176    
102    0.652157    0.181176    
126    0.652157    0.181176    
18    0.652158    0.181176    
42    0.652158    0.181176    
66    0.652158    0.181176    
90    0.652158    0.181176    
114    0.652158    0.181176    
138    0.652158    0.181176    
8    0.652157    0.181176    
32    0.652157    0.181176    
56    0.652157    0.181176    
80    0.652157    0.181176    
104    0.652157    0.181176    
128    0.652157    0.181176    
20    0.652158    0.181176    
44    0.652158    0.181176    
68    0.652158    0.181176    
92    0.652158    0.181176    
116    0.652158    0.181176    
140    0.652158    0.181176    
10    0.652157    0.181176    
34    0.652157    0.181176    
58    0.652157    0.181176    
82    0.652157    0.181176    
106    0.652157    0.181176    
130    0.652157    0.181176    
22    0.652158    0.181176    
46    0.652158    0.181176    
70    0.652158    0.181176    
94    0.652158    0.181176    
118    0.652158    0.181176    
142    0.652158    0.181176    
1    0.652157    0.181176    
25    0.652157    0.181176    
49    0.652157    0.181176    
73    0.652157    0.181176    
97    0.652157    0.181176    
121    0.652157    0.181176    
13    0.652157    0.181176    
37    0.652157    0.181176    
61    0.652157    0.181176    
85    0.652157    0.181176    
109    0.652157    0.181176    
133    0.652157    0.181176    
3    0.652157    0.181176    
27    0.652157    0.181176    
51    0.652157    0.181176    
75    0.652157    0.181176    
99    0.652157    0.181176    
123    0.652157    0.181176    
15    0.652157    0.181176    
39    0.652157    0.181176    
63    0.652157    0.181176    
87    0.652157    0.181176    
111    0.652157    0.181176    
135    0.652157    0.181176    
5    0.652157    0.181176    
29    0.652157    0.181176    
53    0.652157    0.181176    
77    0.652157    0.181176    
101    0.652157    0.181176    
125    0.652157    0.181176    
17    0.652157    0.181176    
41    0.652157    0.181176    
65    0.652157    0.181176    
89    0.652157    0.181176    
113    0.652157    0.181176    
137    0.652157    0.181176    
7    0.652157    0.181176    
31    0.652157    0.181176    
55    0.652157    0.181176    
79    0.652157    0.181176    
103    0.652157    0.181176    
127    0.652157    0.181176    
19    0.652157    0.181176    
43    0.652157    0.181176    
67    0.652157    0.181176    
91    0.652157    0.181176    
115    0.652157    0.181176    
139    0.652157    0.181176    
9    0.652157    0.181176    
33    0.652157    0.181176    
57    0.652157    0.181176    
81    0.652157    0.181176    
105    0.652157    0.181176    
129    0.652157    0.181176    
21    0.652157    0.181176    
45    0.652157    0.181176    
69    0.652157    0.181176    
93    0.652157    0.181176    
117    0.652157    0.181176    
141    0.652157    0.181176    
11    0.652157    0.181176    
35    0.652157    0.181176    
59    0.652157    0.181176    
83    0.652157    0.181176    
107    0.652157    0.181176    
131    0.652157    0.181176    
23    0.652157    0.181176    
47    0.652157    0.181176    
71    0.652157    0.181176    
95    0.652157    0.181176    
119    0.652157    0.181176    
143    0.652157    0.181176    
