#alpha(site in real lattice)   0up   0dn  1up     1dn
0    0.416673    0.41666    
24    0.416673    0.41666    
48    0.416673    0.41666    
72    0.416673    0.41666    
96    0.416673    0.41666    
120    0.416673    0.41666    
12    0.416669    0.416665    
36    0.416669    0.416665    
60    0.416669    0.416665    
84    0.416669    0.416665    
108    0.416669    0.416665    
132    0.416669    0.416665    
2    0.416673    0.41666    
26    0.416673    0.41666    
50    0.416673    0.41666    
74    0.416673    0.41666    
98    0.416673    0.41666    
122    0.416673    0.41666    
14    0.416669    0.416665    
38    0.416669    0.416665    
62    0.416669    0.416665    
86    0.416669    0.416665    
110    0.416669    0.416665    
134    0.416669    0.416665    
4    0.416673    0.41666    
28    0.416673    0.41666    
52    0.416673    0.41666    
76    0.416673    0.41666    
100    0.416673    0.41666    
124    0.416673    0.41666    
16    0.416669    0.416665    
40    0.416669    0.416665    
64    0.416669    0.416665    
88    0.416669    0.416665    
112    0.416669    0.416665    
136    0.416669    0.416665    
6    0.416673    0.41666    
30    0.416673    0.41666    
54    0.416673    0.41666    
78    0.416673    0.41666    
102    0.416673    0.41666    
126    0.416673    0.41666    
18    0.416669    0.416665    
42    0.416669    0.416665    
66    0.416669    0.416665    
90    0.416669    0.416665    
114    0.416669    0.416665    
138    0.416669    0.416665    
8    0.416673    0.41666    
32    0.416673    0.41666    
56    0.416673    0.41666    
80    0.416673    0.41666    
104    0.416673    0.41666    
128    0.416673    0.41666    
20    0.416669    0.416665    
44    0.416669    0.416665    
68    0.416669    0.416665    
92    0.416669    0.416665    
116    0.416669    0.416665    
140    0.416669    0.416665    
10    0.416673    0.41666    
34    0.416673    0.41666    
58    0.416673    0.41666    
82    0.416673    0.41666    
106    0.416673    0.41666    
130    0.416673    0.41666    
22    0.416669    0.416665    
46    0.416669    0.416665    
70    0.416669    0.416665    
94    0.416669    0.416665    
118    0.416669    0.416665    
142    0.416669    0.416665    
1    0.416667    0.416666    
25    0.416667    0.416666    
49    0.416667    0.416666    
73    0.416667    0.416666    
97    0.416667    0.416666    
121    0.416667    0.416666    
13    0.416662    0.416672    
37    0.416662    0.416672    
61    0.416662    0.416672    
85    0.416662    0.416672    
109    0.416662    0.416672    
133    0.416662    0.416672    
3    0.416667    0.416666    
27    0.416667    0.416666    
51    0.416667    0.416666    
75    0.416667    0.416666    
99    0.416667    0.416666    
123    0.416667    0.416666    
15    0.416662    0.416672    
39    0.416662    0.416672    
63    0.416662    0.416672    
87    0.416662    0.416672    
111    0.416662    0.416672    
135    0.416662    0.416672    
5    0.416667    0.416666    
29    0.416667    0.416666    
53    0.416667    0.416666    
77    0.416667    0.416666    
101    0.416667    0.416666    
125    0.416667    0.416666    
17    0.416662    0.416672    
41    0.416662    0.416672    
65    0.416662    0.416672    
89    0.416662    0.416672    
113    0.416662    0.416672    
137    0.416662    0.416672    
7    0.416667    0.416666    
31    0.416667    0.416666    
55    0.416667    0.416666    
79    0.416667    0.416666    
103    0.416667    0.416666    
127    0.416667    0.416666    
19    0.416662    0.416672    
43    0.416662    0.416672    
67    0.416662    0.416672    
91    0.416662    0.416672    
115    0.416662    0.416672    
139    0.416662    0.416672    
9    0.416667    0.416666    
33    0.416667    0.416666    
57    0.416667    0.416666    
81    0.416667    0.416666    
105    0.416667    0.416666    
129    0.416667    0.416666    
21    0.416662    0.416672    
45    0.416662    0.416672    
69    0.416662    0.416672    
93    0.416662    0.416672    
117    0.416662    0.416672    
141    0.416662    0.416672    
11    0.416667    0.416666    
35    0.416667    0.416666    
59    0.416667    0.416666    
83    0.416667    0.416666    
107    0.416667    0.416666    
131    0.416667    0.416666    
23    0.416662    0.416672    
47    0.416662    0.416672    
71    0.416662    0.416672    
95    0.416662    0.416672    
119    0.416662    0.416672    
143    0.416662    0.416672    
