#alpha(site in real lattice)   0up   0dn  1up     1dn
0    0.833333    1.04826e-199    
24    0.833333    1.04826e-199    
48    0.833333    1.04826e-199    
72    0.833333    1.04826e-199    
96    0.833333    1.04826e-199    
120    0.833333    1.04826e-199    
12    0.833333    1.04826e-199    
36    0.833333    1.04826e-199    
60    0.833333    1.04826e-199    
84    0.833333    1.04826e-199    
108    0.833333    1.04826e-199    
132    0.833333    1.04826e-199    
2    0.833333    1.04826e-199    
26    0.833333    1.04826e-199    
50    0.833333    1.04826e-199    
74    0.833333    1.04826e-199    
98    0.833333    1.04826e-199    
122    0.833333    1.04826e-199    
14    0.833333    1.04826e-199    
38    0.833333    1.04826e-199    
62    0.833333    1.04826e-199    
86    0.833333    1.04826e-199    
110    0.833333    1.04826e-199    
134    0.833333    1.04826e-199    
4    0.833333    1.04826e-199    
28    0.833333    1.04826e-199    
52    0.833333    1.04826e-199    
76    0.833333    1.04826e-199    
100    0.833333    1.04826e-199    
124    0.833333    1.04826e-199    
16    0.833333    1.04826e-199    
40    0.833333    1.04826e-199    
64    0.833333    1.04826e-199    
88    0.833333    1.04826e-199    
112    0.833333    1.04826e-199    
136    0.833333    1.04826e-199    
6    0.833333    1.04826e-199    
30    0.833333    1.04826e-199    
54    0.833333    1.04826e-199    
78    0.833333    1.04826e-199    
102    0.833333    1.04826e-199    
126    0.833333    1.04826e-199    
18    0.833333    1.04826e-199    
42    0.833333    1.04826e-199    
66    0.833333    1.04826e-199    
90    0.833333    1.04826e-199    
114    0.833333    1.04826e-199    
138    0.833333    1.04826e-199    
8    0.833333    1.04826e-199    
32    0.833333    1.04826e-199    
56    0.833333    1.04826e-199    
80    0.833333    1.04826e-199    
104    0.833333    1.04826e-199    
128    0.833333    1.04826e-199    
20    0.833333    1.04826e-199    
44    0.833333    1.04826e-199    
68    0.833333    1.04826e-199    
92    0.833333    1.04826e-199    
116    0.833333    1.04826e-199    
140    0.833333    1.04826e-199    
10    0.833333    1.04826e-199    
34    0.833333    1.04826e-199    
58    0.833333    1.04826e-199    
82    0.833333    1.04826e-199    
106    0.833333    1.04826e-199    
130    0.833333    1.04826e-199    
22    0.833333    1.04826e-199    
46    0.833333    1.04826e-199    
70    0.833333    1.04826e-199    
94    0.833333    1.04826e-199    
118    0.833333    1.04826e-199    
142    0.833333    1.04826e-199    
1    0.833333    1.04826e-199    
25    0.833333    1.04826e-199    
49    0.833333    1.04826e-199    
73    0.833333    1.04826e-199    
97    0.833333    1.04826e-199    
121    0.833333    1.04826e-199    
13    0.833333    1.04826e-199    
37    0.833333    1.04826e-199    
61    0.833333    1.04826e-199    
85    0.833333    1.04826e-199    
109    0.833333    1.04826e-199    
133    0.833333    1.04826e-199    
3    0.833333    1.04826e-199    
27    0.833333    1.04826e-199    
51    0.833333    1.04826e-199    
75    0.833333    1.04826e-199    
99    0.833333    1.04826e-199    
123    0.833333    1.04826e-199    
15    0.833333    1.04826e-199    
39    0.833333    1.04826e-199    
63    0.833333    1.04826e-199    
87    0.833333    1.04826e-199    
111    0.833333    1.04826e-199    
135    0.833333    1.04826e-199    
5    0.833333    1.04826e-199    
29    0.833333    1.04826e-199    
53    0.833333    1.04826e-199    
77    0.833333    1.04826e-199    
101    0.833333    1.04826e-199    
125    0.833333    1.04826e-199    
17    0.833333    1.04826e-199    
41    0.833333    1.04826e-199    
65    0.833333    1.04826e-199    
89    0.833333    1.04826e-199    
113    0.833333    1.04826e-199    
137    0.833333    1.04826e-199    
7    0.833333    1.04826e-199    
31    0.833333    1.04826e-199    
55    0.833333    1.04826e-199    
79    0.833333    1.04826e-199    
103    0.833333    1.04826e-199    
127    0.833333    1.04826e-199    
19    0.833333    1.04826e-199    
43    0.833333    1.04826e-199    
67    0.833333    1.04826e-199    
91    0.833333    1.04826e-199    
115    0.833333    1.04826e-199    
139    0.833333    1.04826e-199    
9    0.833333    1.04826e-199    
33    0.833333    1.04826e-199    
57    0.833333    1.04826e-199    
81    0.833333    1.04826e-199    
105    0.833333    1.04826e-199    
129    0.833333    1.04826e-199    
21    0.833333    1.04826e-199    
45    0.833333    1.04826e-199    
69    0.833333    1.04826e-199    
93    0.833333    1.04826e-199    
117    0.833333    1.04826e-199    
141    0.833333    1.04826e-199    
11    0.833333    1.04826e-199    
35    0.833333    1.04826e-199    
59    0.833333    1.04826e-199    
83    0.833333    1.04826e-199    
107    0.833333    1.04826e-199    
131    0.833333    1.04826e-199    
23    0.833333    1.04826e-199    
47    0.833333    1.04826e-199    
71    0.833333    1.04826e-199    
95    0.833333    1.04826e-199    
119    0.833333    1.04826e-199    
143    0.833333    1.04826e-199    
