#alpha(site in real lattice)   0up   0dn  1up     1dn
0    0.963874    0.0361261    
24    0.963874    0.0361261    
48    0.963874    0.0361261    
72    0.963874    0.0361261    
96    0.963874    0.0361261    
120    0.963874    0.0361261    
12    0.0361261    0.963874    
36    0.0361261    0.963874    
60    0.0361261    0.963874    
84    0.0361261    0.963874    
108    0.0361261    0.963874    
132    0.0361261    0.963874    
2    0.963874    0.0361261    
26    0.963874    0.0361261    
50    0.963874    0.0361261    
74    0.963874    0.0361261    
98    0.963874    0.0361261    
122    0.963874    0.0361261    
14    0.0361261    0.963874    
38    0.0361261    0.963874    
62    0.0361261    0.963874    
86    0.0361261    0.963874    
110    0.0361261    0.963874    
134    0.0361261    0.963874    
4    0.963874    0.0361261    
28    0.963874    0.0361261    
52    0.963874    0.0361261    
76    0.963874    0.0361261    
100    0.963874    0.0361261    
124    0.963874    0.0361261    
16    0.0361261    0.963874    
40    0.0361261    0.963874    
64    0.0361261    0.963874    
88    0.0361261    0.963874    
112    0.0361261    0.963874    
136    0.0361261    0.963874    
6    0.963874    0.0361261    
30    0.963874    0.0361261    
54    0.963874    0.0361261    
78    0.963874    0.0361261    
102    0.963874    0.0361261    
126    0.963874    0.0361261    
18    0.0361261    0.963874    
42    0.0361261    0.963874    
66    0.0361261    0.963874    
90    0.0361261    0.963874    
114    0.0361261    0.963874    
138    0.0361261    0.963874    
8    0.963874    0.0361261    
32    0.963874    0.0361261    
56    0.963874    0.0361261    
80    0.963874    0.0361261    
104    0.963874    0.0361261    
128    0.963874    0.0361261    
20    0.0361261    0.963874    
44    0.0361261    0.963874    
68    0.0361261    0.963874    
92    0.0361261    0.963874    
116    0.0361261    0.963874    
140    0.0361261    0.963874    
10    0.963874    0.0361261    
34    0.963874    0.0361261    
58    0.963874    0.0361261    
82    0.963874    0.0361261    
106    0.963874    0.0361261    
130    0.963874    0.0361261    
22    0.0361261    0.963874    
46    0.0361261    0.963874    
70    0.0361261    0.963874    
94    0.0361261    0.963874    
118    0.0361261    0.963874    
142    0.0361261    0.963874    
1    0.0361261    0.963874    
25    0.0361261    0.963874    
49    0.0361261    0.963874    
73    0.0361261    0.963874    
97    0.0361261    0.963874    
121    0.0361261    0.963874    
13    0.963874    0.0361261    
37    0.963874    0.0361261    
61    0.963874    0.0361261    
85    0.963874    0.0361261    
109    0.963874    0.0361261    
133    0.963874    0.0361261    
3    0.0361261    0.963874    
27    0.0361261    0.963874    
51    0.0361261    0.963874    
75    0.0361261    0.963874    
99    0.0361261    0.963874    
123    0.0361261    0.963874    
15    0.963874    0.0361261    
39    0.963874    0.0361261    
63    0.963874    0.0361261    
87    0.963874    0.0361261    
111    0.963874    0.0361261    
135    0.963874    0.0361261    
5    0.0361261    0.963874    
29    0.0361261    0.963874    
53    0.0361261    0.963874    
77    0.0361261    0.963874    
101    0.0361261    0.963874    
125    0.0361261    0.963874    
17    0.963874    0.0361261    
41    0.963874    0.0361261    
65    0.963874    0.0361261    
89    0.963874    0.0361261    
113    0.963874    0.0361261    
137    0.963874    0.0361261    
7    0.0361261    0.963874    
31    0.0361261    0.963874    
55    0.0361261    0.963874    
79    0.0361261    0.963874    
103    0.0361261    0.963874    
127    0.0361261    0.963874    
19    0.963874    0.0361261    
43    0.963874    0.0361261    
67    0.963874    0.0361261    
91    0.963874    0.0361261    
115    0.963874    0.0361261    
139    0.963874    0.0361261    
9    0.0361261    0.963874    
33    0.0361261    0.963874    
57    0.0361261    0.963874    
81    0.0361261    0.963874    
105    0.0361261    0.963874    
129    0.0361261    0.963874    
21    0.963874    0.0361261    
45    0.963874    0.0361261    
69    0.963874    0.0361261    
93    0.963874    0.0361261    
117    0.963874    0.0361261    
141    0.963874    0.0361261    
11    0.0361261    0.963874    
35    0.0361261    0.963874    
59    0.0361261    0.963874    
83    0.0361261    0.963874    
107    0.0361261    0.963874    
131    0.0361261    0.963874    
23    0.963874    0.0361261    
47    0.963874    0.0361261    
71    0.963874    0.0361261    
95    0.963874    0.0361261    
119    0.963874    0.0361261    
143    0.963874    0.0361261    
