#alpha(site in real lattice)   0up   0dn  1up     1dn
0    0.828271    0.0050619    
24    0.828271    0.0050619    
48    0.828271    0.0050619    
72    0.828271    0.0050619    
96    0.828271    0.0050619    
120    0.828271    0.0050619    
12    0.828271    0.0050619    
36    0.828271    0.0050619    
60    0.828271    0.0050619    
84    0.828271    0.0050619    
108    0.828271    0.0050619    
132    0.828271    0.0050619    
2    0.828271    0.0050619    
26    0.828271    0.0050619    
50    0.828271    0.0050619    
74    0.828271    0.0050619    
98    0.828271    0.0050619    
122    0.828271    0.0050619    
14    0.828271    0.0050619    
38    0.828271    0.0050619    
62    0.828271    0.0050619    
86    0.828271    0.0050619    
110    0.828271    0.0050619    
134    0.828271    0.0050619    
4    0.828271    0.0050619    
28    0.828271    0.0050619    
52    0.828271    0.0050619    
76    0.828271    0.0050619    
100    0.828271    0.0050619    
124    0.828271    0.0050619    
16    0.828271    0.0050619    
40    0.828271    0.0050619    
64    0.828271    0.0050619    
88    0.828271    0.0050619    
112    0.828271    0.0050619    
136    0.828271    0.0050619    
6    0.828271    0.0050619    
30    0.828271    0.0050619    
54    0.828271    0.0050619    
78    0.828271    0.0050619    
102    0.828271    0.0050619    
126    0.828271    0.0050619    
18    0.828271    0.0050619    
42    0.828271    0.0050619    
66    0.828271    0.0050619    
90    0.828271    0.0050619    
114    0.828271    0.0050619    
138    0.828271    0.0050619    
8    0.828271    0.0050619    
32    0.828271    0.0050619    
56    0.828271    0.0050619    
80    0.828271    0.0050619    
104    0.828271    0.0050619    
128    0.828271    0.0050619    
20    0.828271    0.0050619    
44    0.828271    0.0050619    
68    0.828271    0.0050619    
92    0.828271    0.0050619    
116    0.828271    0.0050619    
140    0.828271    0.0050619    
10    0.828271    0.0050619    
34    0.828271    0.0050619    
58    0.828271    0.0050619    
82    0.828271    0.0050619    
106    0.828271    0.0050619    
130    0.828271    0.0050619    
22    0.828271    0.0050619    
46    0.828271    0.0050619    
70    0.828271    0.0050619    
94    0.828271    0.0050619    
118    0.828271    0.0050619    
142    0.828271    0.0050619    
1    0.828271    0.0050619    
25    0.828271    0.0050619    
49    0.828271    0.0050619    
73    0.828271    0.0050619    
97    0.828271    0.0050619    
121    0.828271    0.0050619    
13    0.828271    0.0050619    
37    0.828271    0.0050619    
61    0.828271    0.0050619    
85    0.828271    0.0050619    
109    0.828271    0.0050619    
133    0.828271    0.0050619    
3    0.828271    0.0050619    
27    0.828271    0.0050619    
51    0.828271    0.0050619    
75    0.828271    0.0050619    
99    0.828271    0.0050619    
123    0.828271    0.0050619    
15    0.828271    0.0050619    
39    0.828271    0.0050619    
63    0.828271    0.0050619    
87    0.828271    0.0050619    
111    0.828271    0.0050619    
135    0.828271    0.0050619    
5    0.828271    0.0050619    
29    0.828271    0.0050619    
53    0.828271    0.0050619    
77    0.828271    0.0050619    
101    0.828271    0.0050619    
125    0.828271    0.0050619    
17    0.828271    0.0050619    
41    0.828271    0.0050619    
65    0.828271    0.0050619    
89    0.828271    0.0050619    
113    0.828271    0.0050619    
137    0.828271    0.0050619    
7    0.828271    0.0050619    
31    0.828271    0.0050619    
55    0.828271    0.0050619    
79    0.828271    0.0050619    
103    0.828271    0.0050619    
127    0.828271    0.0050619    
19    0.828271    0.0050619    
43    0.828271    0.0050619    
67    0.828271    0.0050619    
91    0.828271    0.0050619    
115    0.828271    0.0050619    
139    0.828271    0.0050619    
9    0.828271    0.0050619    
33    0.828271    0.0050619    
57    0.828271    0.0050619    
81    0.828271    0.0050619    
105    0.828271    0.0050619    
129    0.828271    0.0050619    
21    0.828271    0.0050619    
45    0.828271    0.0050619    
69    0.828271    0.0050619    
93    0.828271    0.0050619    
117    0.828271    0.0050619    
141    0.828271    0.0050619    
11    0.828271    0.0050619    
35    0.828271    0.0050619    
59    0.828271    0.0050619    
83    0.828271    0.0050619    
107    0.828271    0.0050619    
131    0.828271    0.0050619    
23    0.828271    0.0050619    
47    0.828271    0.0050619    
71    0.828271    0.0050619    
95    0.828271    0.0050619    
119    0.828271    0.0050619    
143    0.828271    0.0050619    
