#alpha(site in real lattice)   0up   0dn  1up     1dn
0    0.833333    1.28723e-16    
24    0.833333    1.28723e-16    
48    0.833333    1.28723e-16    
72    0.833333    1.28723e-16    
96    0.833333    1.28723e-16    
120    0.833333    1.28723e-16    
12    0.833333    1.28723e-16    
36    0.833333    1.28723e-16    
60    0.833333    1.28723e-16    
84    0.833333    1.28723e-16    
108    0.833333    1.28723e-16    
132    0.833333    1.28723e-16    
2    0.833333    1.28723e-16    
26    0.833333    1.28723e-16    
50    0.833333    1.28723e-16    
74    0.833333    1.28723e-16    
98    0.833333    1.28723e-16    
122    0.833333    1.28723e-16    
14    0.833333    1.28723e-16    
38    0.833333    1.28723e-16    
62    0.833333    1.28723e-16    
86    0.833333    1.28723e-16    
110    0.833333    1.28723e-16    
134    0.833333    1.28723e-16    
4    0.833333    1.28723e-16    
28    0.833333    1.28723e-16    
52    0.833333    1.28723e-16    
76    0.833333    1.28723e-16    
100    0.833333    1.28723e-16    
124    0.833333    1.28723e-16    
16    0.833333    1.28723e-16    
40    0.833333    1.28723e-16    
64    0.833333    1.28723e-16    
88    0.833333    1.28723e-16    
112    0.833333    1.28723e-16    
136    0.833333    1.28723e-16    
6    0.833333    1.28723e-16    
30    0.833333    1.28723e-16    
54    0.833333    1.28723e-16    
78    0.833333    1.28723e-16    
102    0.833333    1.28723e-16    
126    0.833333    1.28723e-16    
18    0.833333    1.28723e-16    
42    0.833333    1.28723e-16    
66    0.833333    1.28723e-16    
90    0.833333    1.28723e-16    
114    0.833333    1.28723e-16    
138    0.833333    1.28723e-16    
8    0.833333    1.28723e-16    
32    0.833333    1.28723e-16    
56    0.833333    1.28723e-16    
80    0.833333    1.28723e-16    
104    0.833333    1.28723e-16    
128    0.833333    1.28723e-16    
20    0.833333    1.28723e-16    
44    0.833333    1.28723e-16    
68    0.833333    1.28723e-16    
92    0.833333    1.28723e-16    
116    0.833333    1.28723e-16    
140    0.833333    1.28723e-16    
10    0.833333    1.28723e-16    
34    0.833333    1.28723e-16    
58    0.833333    1.28723e-16    
82    0.833333    1.28723e-16    
106    0.833333    1.28723e-16    
130    0.833333    1.28723e-16    
22    0.833333    1.28723e-16    
46    0.833333    1.28723e-16    
70    0.833333    1.28723e-16    
94    0.833333    1.28723e-16    
118    0.833333    1.28723e-16    
142    0.833333    1.28723e-16    
1    0.833333    1.28723e-16    
25    0.833333    1.28723e-16    
49    0.833333    1.28723e-16    
73    0.833333    1.28723e-16    
97    0.833333    1.28723e-16    
121    0.833333    1.28723e-16    
13    0.833333    1.28723e-16    
37    0.833333    1.28723e-16    
61    0.833333    1.28723e-16    
85    0.833333    1.28723e-16    
109    0.833333    1.28723e-16    
133    0.833333    1.28723e-16    
3    0.833333    1.28723e-16    
27    0.833333    1.28723e-16    
51    0.833333    1.28723e-16    
75    0.833333    1.28723e-16    
99    0.833333    1.28723e-16    
123    0.833333    1.28723e-16    
15    0.833333    1.28723e-16    
39    0.833333    1.28723e-16    
63    0.833333    1.28723e-16    
87    0.833333    1.28723e-16    
111    0.833333    1.28723e-16    
135    0.833333    1.28723e-16    
5    0.833333    1.28723e-16    
29    0.833333    1.28723e-16    
53    0.833333    1.28723e-16    
77    0.833333    1.28723e-16    
101    0.833333    1.28723e-16    
125    0.833333    1.28723e-16    
17    0.833333    1.28723e-16    
41    0.833333    1.28723e-16    
65    0.833333    1.28723e-16    
89    0.833333    1.28723e-16    
113    0.833333    1.28723e-16    
137    0.833333    1.28723e-16    
7    0.833333    1.28723e-16    
31    0.833333    1.28723e-16    
55    0.833333    1.28723e-16    
79    0.833333    1.28723e-16    
103    0.833333    1.28723e-16    
127    0.833333    1.28723e-16    
19    0.833333    1.28723e-16    
43    0.833333    1.28723e-16    
67    0.833333    1.28723e-16    
91    0.833333    1.28723e-16    
115    0.833333    1.28723e-16    
139    0.833333    1.28723e-16    
9    0.833333    1.28723e-16    
33    0.833333    1.28723e-16    
57    0.833333    1.28723e-16    
81    0.833333    1.28723e-16    
105    0.833333    1.28723e-16    
129    0.833333    1.28723e-16    
21    0.833333    1.28723e-16    
45    0.833333    1.28723e-16    
69    0.833333    1.28723e-16    
93    0.833333    1.28723e-16    
117    0.833333    1.28723e-16    
141    0.833333    1.28723e-16    
11    0.833333    1.28723e-16    
35    0.833333    1.28723e-16    
59    0.833333    1.28723e-16    
83    0.833333    1.28723e-16    
107    0.833333    1.28723e-16    
131    0.833333    1.28723e-16    
23    0.833333    1.28723e-16    
47    0.833333    1.28723e-16    
71    0.833333    1.28723e-16    
95    0.833333    1.28723e-16    
119    0.833333    1.28723e-16    
143    0.833333    1.28723e-16    
