#alpha(site in real lattice)   0up   0dn  1up     1dn
0    0.826614    0.00671931    
24    0.826614    0.00671931    
48    0.826614    0.00671931    
72    0.826614    0.00671931    
96    0.826614    0.00671931    
120    0.826614    0.00671931    
12    0.826614    0.0067193    
36    0.826614    0.0067193    
60    0.826614    0.0067193    
84    0.826614    0.0067193    
108    0.826614    0.0067193    
132    0.826614    0.0067193    
2    0.826614    0.00671931    
26    0.826614    0.00671931    
50    0.826614    0.00671931    
74    0.826614    0.00671931    
98    0.826614    0.00671931    
122    0.826614    0.00671931    
14    0.826614    0.0067193    
38    0.826614    0.0067193    
62    0.826614    0.0067193    
86    0.826614    0.0067193    
110    0.826614    0.0067193    
134    0.826614    0.0067193    
4    0.826614    0.00671931    
28    0.826614    0.00671931    
52    0.826614    0.00671931    
76    0.826614    0.00671931    
100    0.826614    0.00671931    
124    0.826614    0.00671931    
16    0.826614    0.0067193    
40    0.826614    0.0067193    
64    0.826614    0.0067193    
88    0.826614    0.0067193    
112    0.826614    0.0067193    
136    0.826614    0.0067193    
6    0.826614    0.00671931    
30    0.826614    0.00671931    
54    0.826614    0.00671931    
78    0.826614    0.00671931    
102    0.826614    0.00671931    
126    0.826614    0.00671931    
18    0.826614    0.0067193    
42    0.826614    0.0067193    
66    0.826614    0.0067193    
90    0.826614    0.0067193    
114    0.826614    0.0067193    
138    0.826614    0.0067193    
8    0.826614    0.00671931    
32    0.826614    0.00671931    
56    0.826614    0.00671931    
80    0.826614    0.00671931    
104    0.826614    0.00671931    
128    0.826614    0.00671931    
20    0.826614    0.0067193    
44    0.826614    0.0067193    
68    0.826614    0.0067193    
92    0.826614    0.0067193    
116    0.826614    0.0067193    
140    0.826614    0.0067193    
10    0.826614    0.00671931    
34    0.826614    0.00671931    
58    0.826614    0.00671931    
82    0.826614    0.00671931    
106    0.826614    0.00671931    
130    0.826614    0.00671931    
22    0.826614    0.0067193    
46    0.826614    0.0067193    
70    0.826614    0.0067193    
94    0.826614    0.0067193    
118    0.826614    0.0067193    
142    0.826614    0.0067193    
1    0.826614    0.0067193    
25    0.826614    0.0067193    
49    0.826614    0.0067193    
73    0.826614    0.0067193    
97    0.826614    0.0067193    
121    0.826614    0.0067193    
13    0.826614    0.0067193    
37    0.826614    0.0067193    
61    0.826614    0.0067193    
85    0.826614    0.0067193    
109    0.826614    0.0067193    
133    0.826614    0.0067193    
3    0.826614    0.0067193    
27    0.826614    0.0067193    
51    0.826614    0.0067193    
75    0.826614    0.0067193    
99    0.826614    0.0067193    
123    0.826614    0.0067193    
15    0.826614    0.0067193    
39    0.826614    0.0067193    
63    0.826614    0.0067193    
87    0.826614    0.0067193    
111    0.826614    0.0067193    
135    0.826614    0.0067193    
5    0.826614    0.0067193    
29    0.826614    0.0067193    
53    0.826614    0.0067193    
77    0.826614    0.0067193    
101    0.826614    0.0067193    
125    0.826614    0.0067193    
17    0.826614    0.0067193    
41    0.826614    0.0067193    
65    0.826614    0.0067193    
89    0.826614    0.0067193    
113    0.826614    0.0067193    
137    0.826614    0.0067193    
7    0.826614    0.0067193    
31    0.826614    0.0067193    
55    0.826614    0.0067193    
79    0.826614    0.0067193    
103    0.826614    0.0067193    
127    0.826614    0.0067193    
19    0.826614    0.0067193    
43    0.826614    0.0067193    
67    0.826614    0.0067193    
91    0.826614    0.0067193    
115    0.826614    0.0067193    
139    0.826614    0.0067193    
9    0.826614    0.0067193    
33    0.826614    0.0067193    
57    0.826614    0.0067193    
81    0.826614    0.0067193    
105    0.826614    0.0067193    
129    0.826614    0.0067193    
21    0.826614    0.0067193    
45    0.826614    0.0067193    
69    0.826614    0.0067193    
93    0.826614    0.0067193    
117    0.826614    0.0067193    
141    0.826614    0.0067193    
11    0.826614    0.0067193    
35    0.826614    0.0067193    
59    0.826614    0.0067193    
83    0.826614    0.0067193    
107    0.826614    0.0067193    
131    0.826614    0.0067193    
23    0.826614    0.0067193    
47    0.826614    0.0067193    
71    0.826614    0.0067193    
95    0.826614    0.0067193    
119    0.826614    0.0067193    
143    0.826614    0.0067193    
