#alpha(site in real lattice)   0up   0dn  1up     1dn
0    0.720881    0.112452    
24    0.720881    0.112452    
48    0.720881    0.112452    
72    0.720881    0.112452    
96    0.720881    0.112452    
120    0.720881    0.112452    
12    0.720881    0.112452    
36    0.720881    0.112452    
60    0.720881    0.112452    
84    0.720881    0.112452    
108    0.720881    0.112452    
132    0.720881    0.112452    
2    0.720881    0.112452    
26    0.720881    0.112452    
50    0.720881    0.112452    
74    0.720881    0.112452    
98    0.720881    0.112452    
122    0.720881    0.112452    
14    0.720881    0.112452    
38    0.720881    0.112452    
62    0.720881    0.112452    
86    0.720881    0.112452    
110    0.720881    0.112452    
134    0.720881    0.112452    
4    0.720881    0.112452    
28    0.720881    0.112452    
52    0.720881    0.112452    
76    0.720881    0.112452    
100    0.720881    0.112452    
124    0.720881    0.112452    
16    0.720881    0.112452    
40    0.720881    0.112452    
64    0.720881    0.112452    
88    0.720881    0.112452    
112    0.720881    0.112452    
136    0.720881    0.112452    
6    0.720881    0.112452    
30    0.720881    0.112452    
54    0.720881    0.112452    
78    0.720881    0.112452    
102    0.720881    0.112452    
126    0.720881    0.112452    
18    0.720881    0.112452    
42    0.720881    0.112452    
66    0.720881    0.112452    
90    0.720881    0.112452    
114    0.720881    0.112452    
138    0.720881    0.112452    
8    0.720881    0.112452    
32    0.720881    0.112452    
56    0.720881    0.112452    
80    0.720881    0.112452    
104    0.720881    0.112452    
128    0.720881    0.112452    
20    0.720881    0.112452    
44    0.720881    0.112452    
68    0.720881    0.112452    
92    0.720881    0.112452    
116    0.720881    0.112452    
140    0.720881    0.112452    
10    0.720881    0.112452    
34    0.720881    0.112452    
58    0.720881    0.112452    
82    0.720881    0.112452    
106    0.720881    0.112452    
130    0.720881    0.112452    
22    0.720881    0.112452    
46    0.720881    0.112452    
70    0.720881    0.112452    
94    0.720881    0.112452    
118    0.720881    0.112452    
142    0.720881    0.112452    
1    0.720881    0.112452    
25    0.720881    0.112452    
49    0.720881    0.112452    
73    0.720881    0.112452    
97    0.720881    0.112452    
121    0.720881    0.112452    
13    0.720881    0.112452    
37    0.720881    0.112452    
61    0.720881    0.112452    
85    0.720881    0.112452    
109    0.720881    0.112452    
133    0.720881    0.112452    
3    0.720881    0.112452    
27    0.720881    0.112452    
51    0.720881    0.112452    
75    0.720881    0.112452    
99    0.720881    0.112452    
123    0.720881    0.112452    
15    0.720881    0.112452    
39    0.720881    0.112452    
63    0.720881    0.112452    
87    0.720881    0.112452    
111    0.720881    0.112452    
135    0.720881    0.112452    
5    0.720881    0.112452    
29    0.720881    0.112452    
53    0.720881    0.112452    
77    0.720881    0.112452    
101    0.720881    0.112452    
125    0.720881    0.112452    
17    0.720881    0.112452    
41    0.720881    0.112452    
65    0.720881    0.112452    
89    0.720881    0.112452    
113    0.720881    0.112452    
137    0.720881    0.112452    
7    0.720881    0.112452    
31    0.720881    0.112452    
55    0.720881    0.112452    
79    0.720881    0.112452    
103    0.720881    0.112452    
127    0.720881    0.112452    
19    0.720881    0.112452    
43    0.720881    0.112452    
67    0.720881    0.112452    
91    0.720881    0.112452    
115    0.720881    0.112452    
139    0.720881    0.112452    
9    0.720881    0.112452    
33    0.720881    0.112452    
57    0.720881    0.112452    
81    0.720881    0.112452    
105    0.720881    0.112452    
129    0.720881    0.112452    
21    0.720881    0.112452    
45    0.720881    0.112452    
69    0.720881    0.112452    
93    0.720881    0.112452    
117    0.720881    0.112452    
141    0.720881    0.112452    
11    0.720881    0.112452    
35    0.720881    0.112452    
59    0.720881    0.112452    
83    0.720881    0.112452    
107    0.720881    0.112452    
131    0.720881    0.112452    
23    0.720881    0.112452    
47    0.720881    0.112452    
71    0.720881    0.112452    
95    0.720881    0.112452    
119    0.720881    0.112452    
143    0.720881    0.112452    
