#alpha(site in real lattice)   0up   0dn  1up     1dn
0    0.833333    6.77368e-95    
24    0.833333    6.77368e-95    
48    0.833333    6.77368e-95    
72    0.833333    6.77368e-95    
96    0.833333    6.77368e-95    
120    0.833333    6.77368e-95    
12    0.833333    6.77366e-95    
36    0.833333    6.77366e-95    
60    0.833333    6.77366e-95    
84    0.833333    6.77366e-95    
108    0.833333    6.77366e-95    
132    0.833333    6.77366e-95    
2    0.833333    6.77368e-95    
26    0.833333    6.77368e-95    
50    0.833333    6.77368e-95    
74    0.833333    6.77368e-95    
98    0.833333    6.77368e-95    
122    0.833333    6.77368e-95    
14    0.833333    6.77366e-95    
38    0.833333    6.77366e-95    
62    0.833333    6.77366e-95    
86    0.833333    6.77366e-95    
110    0.833333    6.77366e-95    
134    0.833333    6.77366e-95    
4    0.833333    6.77368e-95    
28    0.833333    6.77368e-95    
52    0.833333    6.77368e-95    
76    0.833333    6.77368e-95    
100    0.833333    6.77368e-95    
124    0.833333    6.77368e-95    
16    0.833333    6.77366e-95    
40    0.833333    6.77366e-95    
64    0.833333    6.77366e-95    
88    0.833333    6.77366e-95    
112    0.833333    6.77366e-95    
136    0.833333    6.77366e-95    
6    0.833333    6.77368e-95    
30    0.833333    6.77368e-95    
54    0.833333    6.77368e-95    
78    0.833333    6.77368e-95    
102    0.833333    6.77368e-95    
126    0.833333    6.77368e-95    
18    0.833333    6.77366e-95    
42    0.833333    6.77366e-95    
66    0.833333    6.77366e-95    
90    0.833333    6.77366e-95    
114    0.833333    6.77366e-95    
138    0.833333    6.77366e-95    
8    0.833333    6.77368e-95    
32    0.833333    6.77368e-95    
56    0.833333    6.77368e-95    
80    0.833333    6.77368e-95    
104    0.833333    6.77368e-95    
128    0.833333    6.77368e-95    
20    0.833333    6.77366e-95    
44    0.833333    6.77366e-95    
68    0.833333    6.77366e-95    
92    0.833333    6.77366e-95    
116    0.833333    6.77366e-95    
140    0.833333    6.77366e-95    
10    0.833333    6.77368e-95    
34    0.833333    6.77368e-95    
58    0.833333    6.77368e-95    
82    0.833333    6.77368e-95    
106    0.833333    6.77368e-95    
130    0.833333    6.77368e-95    
22    0.833333    6.77366e-95    
46    0.833333    6.77366e-95    
70    0.833333    6.77366e-95    
94    0.833333    6.77366e-95    
118    0.833333    6.77366e-95    
142    0.833333    6.77366e-95    
1    0.833333    6.77366e-95    
25    0.833333    6.77366e-95    
49    0.833333    6.77366e-95    
73    0.833333    6.77366e-95    
97    0.833333    6.77366e-95    
121    0.833333    6.77366e-95    
13    0.833333    6.77364e-95    
37    0.833333    6.77364e-95    
61    0.833333    6.77364e-95    
85    0.833333    6.77364e-95    
109    0.833333    6.77364e-95    
133    0.833333    6.77364e-95    
3    0.833333    6.77366e-95    
27    0.833333    6.77366e-95    
51    0.833333    6.77366e-95    
75    0.833333    6.77366e-95    
99    0.833333    6.77366e-95    
123    0.833333    6.77366e-95    
15    0.833333    6.77364e-95    
39    0.833333    6.77364e-95    
63    0.833333    6.77364e-95    
87    0.833333    6.77364e-95    
111    0.833333    6.77364e-95    
135    0.833333    6.77364e-95    
5    0.833333    6.77366e-95    
29    0.833333    6.77366e-95    
53    0.833333    6.77366e-95    
77    0.833333    6.77366e-95    
101    0.833333    6.77366e-95    
125    0.833333    6.77366e-95    
17    0.833333    6.77364e-95    
41    0.833333    6.77364e-95    
65    0.833333    6.77364e-95    
89    0.833333    6.77364e-95    
113    0.833333    6.77364e-95    
137    0.833333    6.77364e-95    
7    0.833333    6.77366e-95    
31    0.833333    6.77366e-95    
55    0.833333    6.77366e-95    
79    0.833333    6.77366e-95    
103    0.833333    6.77366e-95    
127    0.833333    6.77366e-95    
19    0.833333    6.77364e-95    
43    0.833333    6.77364e-95    
67    0.833333    6.77364e-95    
91    0.833333    6.77364e-95    
115    0.833333    6.77364e-95    
139    0.833333    6.77364e-95    
9    0.833333    6.77366e-95    
33    0.833333    6.77366e-95    
57    0.833333    6.77366e-95    
81    0.833333    6.77366e-95    
105    0.833333    6.77366e-95    
129    0.833333    6.77366e-95    
21    0.833333    6.77364e-95    
45    0.833333    6.77364e-95    
69    0.833333    6.77364e-95    
93    0.833333    6.77364e-95    
117    0.833333    6.77364e-95    
141    0.833333    6.77364e-95    
11    0.833333    6.77366e-95    
35    0.833333    6.77366e-95    
59    0.833333    6.77366e-95    
83    0.833333    6.77366e-95    
107    0.833333    6.77366e-95    
131    0.833333    6.77366e-95    
23    0.833333    6.77364e-95    
47    0.833333    6.77364e-95    
71    0.833333    6.77364e-95    
95    0.833333    6.77364e-95    
119    0.833333    6.77364e-95    
143    0.833333    6.77364e-95    
