#alpha(site in real lattice)   0up   0dn  1up     1dn
0    0.725833    0.1075    
24    0.725833    0.1075    
48    0.725833    0.1075    
72    0.725833    0.1075    
96    0.725833    0.1075    
120    0.725833    0.1075    
12    0.725834    0.1075    
36    0.725834    0.1075    
60    0.725834    0.1075    
84    0.725834    0.1075    
108    0.725834    0.1075    
132    0.725834    0.1075    
2    0.725833    0.1075    
26    0.725833    0.1075    
50    0.725833    0.1075    
74    0.725833    0.1075    
98    0.725833    0.1075    
122    0.725833    0.1075    
14    0.725834    0.1075    
38    0.725834    0.1075    
62    0.725834    0.1075    
86    0.725834    0.1075    
110    0.725834    0.1075    
134    0.725834    0.1075    
4    0.725833    0.1075    
28    0.725833    0.1075    
52    0.725833    0.1075    
76    0.725833    0.1075    
100    0.725833    0.1075    
124    0.725833    0.1075    
16    0.725834    0.1075    
40    0.725834    0.1075    
64    0.725834    0.1075    
88    0.725834    0.1075    
112    0.725834    0.1075    
136    0.725834    0.1075    
6    0.725833    0.1075    
30    0.725833    0.1075    
54    0.725833    0.1075    
78    0.725833    0.1075    
102    0.725833    0.1075    
126    0.725833    0.1075    
18    0.725834    0.1075    
42    0.725834    0.1075    
66    0.725834    0.1075    
90    0.725834    0.1075    
114    0.725834    0.1075    
138    0.725834    0.1075    
8    0.725833    0.1075    
32    0.725833    0.1075    
56    0.725833    0.1075    
80    0.725833    0.1075    
104    0.725833    0.1075    
128    0.725833    0.1075    
20    0.725834    0.1075    
44    0.725834    0.1075    
68    0.725834    0.1075    
92    0.725834    0.1075    
116    0.725834    0.1075    
140    0.725834    0.1075    
10    0.725833    0.1075    
34    0.725833    0.1075    
58    0.725833    0.1075    
82    0.725833    0.1075    
106    0.725833    0.1075    
130    0.725833    0.1075    
22    0.725834    0.1075    
46    0.725834    0.1075    
70    0.725834    0.1075    
94    0.725834    0.1075    
118    0.725834    0.1075    
142    0.725834    0.1075    
1    0.725834    0.1075    
25    0.725834    0.1075    
49    0.725834    0.1075    
73    0.725834    0.1075    
97    0.725834    0.1075    
121    0.725834    0.1075    
13    0.725834    0.1075    
37    0.725834    0.1075    
61    0.725834    0.1075    
85    0.725834    0.1075    
109    0.725834    0.1075    
133    0.725834    0.1075    
3    0.725834    0.1075    
27    0.725834    0.1075    
51    0.725834    0.1075    
75    0.725834    0.1075    
99    0.725834    0.1075    
123    0.725834    0.1075    
15    0.725834    0.1075    
39    0.725834    0.1075    
63    0.725834    0.1075    
87    0.725834    0.1075    
111    0.725834    0.1075    
135    0.725834    0.1075    
5    0.725834    0.1075    
29    0.725834    0.1075    
53    0.725834    0.1075    
77    0.725834    0.1075    
101    0.725834    0.1075    
125    0.725834    0.1075    
17    0.725834    0.1075    
41    0.725834    0.1075    
65    0.725834    0.1075    
89    0.725834    0.1075    
113    0.725834    0.1075    
137    0.725834    0.1075    
7    0.725834    0.1075    
31    0.725834    0.1075    
55    0.725834    0.1075    
79    0.725834    0.1075    
103    0.725834    0.1075    
127    0.725834    0.1075    
19    0.725834    0.1075    
43    0.725834    0.1075    
67    0.725834    0.1075    
91    0.725834    0.1075    
115    0.725834    0.1075    
139    0.725834    0.1075    
9    0.725834    0.1075    
33    0.725834    0.1075    
57    0.725834    0.1075    
81    0.725834    0.1075    
105    0.725834    0.1075    
129    0.725834    0.1075    
21    0.725834    0.1075    
45    0.725834    0.1075    
69    0.725834    0.1075    
93    0.725834    0.1075    
117    0.725834    0.1075    
141    0.725834    0.1075    
11    0.725834    0.1075    
35    0.725834    0.1075    
59    0.725834    0.1075    
83    0.725834    0.1075    
107    0.725834    0.1075    
131    0.725834    0.1075    
23    0.725834    0.1075    
47    0.725834    0.1075    
71    0.725834    0.1075    
95    0.725834    0.1075    
119    0.725834    0.1075    
143    0.725834    0.1075    
