#alpha(site in real lattice)   0up   0dn  1up     1dn
0    0.72498    0.108353    
24    0.72498    0.108353    
48    0.72498    0.108353    
72    0.72498    0.108353    
96    0.72498    0.108353    
120    0.72498    0.108353    
12    0.72498    0.108353    
36    0.72498    0.108353    
60    0.72498    0.108353    
84    0.72498    0.108353    
108    0.72498    0.108353    
132    0.72498    0.108353    
2    0.72498    0.108353    
26    0.72498    0.108353    
50    0.72498    0.108353    
74    0.72498    0.108353    
98    0.72498    0.108353    
122    0.72498    0.108353    
14    0.72498    0.108353    
38    0.72498    0.108353    
62    0.72498    0.108353    
86    0.72498    0.108353    
110    0.72498    0.108353    
134    0.72498    0.108353    
4    0.72498    0.108353    
28    0.72498    0.108353    
52    0.72498    0.108353    
76    0.72498    0.108353    
100    0.72498    0.108353    
124    0.72498    0.108353    
16    0.72498    0.108353    
40    0.72498    0.108353    
64    0.72498    0.108353    
88    0.72498    0.108353    
112    0.72498    0.108353    
136    0.72498    0.108353    
6    0.72498    0.108353    
30    0.72498    0.108353    
54    0.72498    0.108353    
78    0.72498    0.108353    
102    0.72498    0.108353    
126    0.72498    0.108353    
18    0.72498    0.108353    
42    0.72498    0.108353    
66    0.72498    0.108353    
90    0.72498    0.108353    
114    0.72498    0.108353    
138    0.72498    0.108353    
8    0.72498    0.108353    
32    0.72498    0.108353    
56    0.72498    0.108353    
80    0.72498    0.108353    
104    0.72498    0.108353    
128    0.72498    0.108353    
20    0.72498    0.108353    
44    0.72498    0.108353    
68    0.72498    0.108353    
92    0.72498    0.108353    
116    0.72498    0.108353    
140    0.72498    0.108353    
10    0.72498    0.108353    
34    0.72498    0.108353    
58    0.72498    0.108353    
82    0.72498    0.108353    
106    0.72498    0.108353    
130    0.72498    0.108353    
22    0.72498    0.108353    
46    0.72498    0.108353    
70    0.72498    0.108353    
94    0.72498    0.108353    
118    0.72498    0.108353    
142    0.72498    0.108353    
1    0.72498    0.108353    
25    0.72498    0.108353    
49    0.72498    0.108353    
73    0.72498    0.108353    
97    0.72498    0.108353    
121    0.72498    0.108353    
13    0.72498    0.108353    
37    0.72498    0.108353    
61    0.72498    0.108353    
85    0.72498    0.108353    
109    0.72498    0.108353    
133    0.72498    0.108353    
3    0.72498    0.108353    
27    0.72498    0.108353    
51    0.72498    0.108353    
75    0.72498    0.108353    
99    0.72498    0.108353    
123    0.72498    0.108353    
15    0.72498    0.108353    
39    0.72498    0.108353    
63    0.72498    0.108353    
87    0.72498    0.108353    
111    0.72498    0.108353    
135    0.72498    0.108353    
5    0.72498    0.108353    
29    0.72498    0.108353    
53    0.72498    0.108353    
77    0.72498    0.108353    
101    0.72498    0.108353    
125    0.72498    0.108353    
17    0.72498    0.108353    
41    0.72498    0.108353    
65    0.72498    0.108353    
89    0.72498    0.108353    
113    0.72498    0.108353    
137    0.72498    0.108353    
7    0.72498    0.108353    
31    0.72498    0.108353    
55    0.72498    0.108353    
79    0.72498    0.108353    
103    0.72498    0.108353    
127    0.72498    0.108353    
19    0.72498    0.108353    
43    0.72498    0.108353    
67    0.72498    0.108353    
91    0.72498    0.108353    
115    0.72498    0.108353    
139    0.72498    0.108353    
9    0.72498    0.108353    
33    0.72498    0.108353    
57    0.72498    0.108353    
81    0.72498    0.108353    
105    0.72498    0.108353    
129    0.72498    0.108353    
21    0.72498    0.108353    
45    0.72498    0.108353    
69    0.72498    0.108353    
93    0.72498    0.108353    
117    0.72498    0.108353    
141    0.72498    0.108353    
11    0.72498    0.108353    
35    0.72498    0.108353    
59    0.72498    0.108353    
83    0.72498    0.108353    
107    0.72498    0.108353    
131    0.72498    0.108353    
23    0.72498    0.108353    
47    0.72498    0.108353    
71    0.72498    0.108353    
95    0.72498    0.108353    
119    0.72498    0.108353    
143    0.72498    0.108353    
