#alpha(site in real lattice)   0up   0dn  1up     1dn
0    0.833334    1.50017e-224    
24    0.833334    1.50017e-224    
48    0.833334    1.50017e-224    
72    0.833334    1.50017e-224    
96    0.833334    1.50017e-224    
120    0.833334    1.50017e-224    
12    0.833334    1.50017e-224    
36    0.833334    1.50017e-224    
60    0.833334    1.50017e-224    
84    0.833334    1.50017e-224    
108    0.833334    1.50017e-224    
132    0.833334    1.50017e-224    
2    0.833334    1.50017e-224    
26    0.833334    1.50017e-224    
50    0.833334    1.50017e-224    
74    0.833334    1.50017e-224    
98    0.833334    1.50017e-224    
122    0.833334    1.50017e-224    
14    0.833334    1.50017e-224    
38    0.833334    1.50017e-224    
62    0.833334    1.50017e-224    
86    0.833334    1.50017e-224    
110    0.833334    1.50017e-224    
134    0.833334    1.50017e-224    
4    0.833334    1.50017e-224    
28    0.833334    1.50017e-224    
52    0.833334    1.50017e-224    
76    0.833334    1.50017e-224    
100    0.833334    1.50017e-224    
124    0.833334    1.50017e-224    
16    0.833334    1.50017e-224    
40    0.833334    1.50017e-224    
64    0.833334    1.50017e-224    
88    0.833334    1.50017e-224    
112    0.833334    1.50017e-224    
136    0.833334    1.50017e-224    
6    0.833334    1.50017e-224    
30    0.833334    1.50017e-224    
54    0.833334    1.50017e-224    
78    0.833334    1.50017e-224    
102    0.833334    1.50017e-224    
126    0.833334    1.50017e-224    
18    0.833334    1.50017e-224    
42    0.833334    1.50017e-224    
66    0.833334    1.50017e-224    
90    0.833334    1.50017e-224    
114    0.833334    1.50017e-224    
138    0.833334    1.50017e-224    
8    0.833334    1.50017e-224    
32    0.833334    1.50017e-224    
56    0.833334    1.50017e-224    
80    0.833334    1.50017e-224    
104    0.833334    1.50017e-224    
128    0.833334    1.50017e-224    
20    0.833334    1.50017e-224    
44    0.833334    1.50017e-224    
68    0.833334    1.50017e-224    
92    0.833334    1.50017e-224    
116    0.833334    1.50017e-224    
140    0.833334    1.50017e-224    
10    0.833334    1.50017e-224    
34    0.833334    1.50017e-224    
58    0.833334    1.50017e-224    
82    0.833334    1.50017e-224    
106    0.833334    1.50017e-224    
130    0.833334    1.50017e-224    
22    0.833334    1.50017e-224    
46    0.833334    1.50017e-224    
70    0.833334    1.50017e-224    
94    0.833334    1.50017e-224    
118    0.833334    1.50017e-224    
142    0.833334    1.50017e-224    
1    0.833334    1.50017e-224    
25    0.833334    1.50017e-224    
49    0.833334    1.50017e-224    
73    0.833334    1.50017e-224    
97    0.833334    1.50017e-224    
121    0.833334    1.50017e-224    
13    0.833334    1.50018e-224    
37    0.833334    1.50018e-224    
61    0.833334    1.50018e-224    
85    0.833334    1.50018e-224    
109    0.833334    1.50018e-224    
133    0.833334    1.50018e-224    
3    0.833334    1.50017e-224    
27    0.833334    1.50017e-224    
51    0.833334    1.50017e-224    
75    0.833334    1.50017e-224    
99    0.833334    1.50017e-224    
123    0.833334    1.50017e-224    
15    0.833334    1.50018e-224    
39    0.833334    1.50018e-224    
63    0.833334    1.50018e-224    
87    0.833334    1.50018e-224    
111    0.833334    1.50018e-224    
135    0.833334    1.50018e-224    
5    0.833334    1.50017e-224    
29    0.833334    1.50017e-224    
53    0.833334    1.50017e-224    
77    0.833334    1.50017e-224    
101    0.833334    1.50017e-224    
125    0.833334    1.50017e-224    
17    0.833334    1.50018e-224    
41    0.833334    1.50018e-224    
65    0.833334    1.50018e-224    
89    0.833334    1.50018e-224    
113    0.833334    1.50018e-224    
137    0.833334    1.50018e-224    
7    0.833334    1.50017e-224    
31    0.833334    1.50017e-224    
55    0.833334    1.50017e-224    
79    0.833334    1.50017e-224    
103    0.833334    1.50017e-224    
127    0.833334    1.50017e-224    
19    0.833334    1.50018e-224    
43    0.833334    1.50018e-224    
67    0.833334    1.50018e-224    
91    0.833334    1.50018e-224    
115    0.833334    1.50018e-224    
139    0.833334    1.50018e-224    
9    0.833334    1.50017e-224    
33    0.833334    1.50017e-224    
57    0.833334    1.50017e-224    
81    0.833334    1.50017e-224    
105    0.833334    1.50017e-224    
129    0.833334    1.50017e-224    
21    0.833334    1.50018e-224    
45    0.833334    1.50018e-224    
69    0.833334    1.50018e-224    
93    0.833334    1.50018e-224    
117    0.833334    1.50018e-224    
141    0.833334    1.50018e-224    
11    0.833334    1.50017e-224    
35    0.833334    1.50017e-224    
59    0.833334    1.50017e-224    
83    0.833334    1.50017e-224    
107    0.833334    1.50017e-224    
131    0.833334    1.50017e-224    
23    0.833334    1.50018e-224    
47    0.833334    1.50018e-224    
71    0.833334    1.50018e-224    
95    0.833334    1.50018e-224    
119    0.833334    1.50018e-224    
143    0.833334    1.50018e-224    
