#alpha(site in real lattice)   0up   0dn  1up     1dn
0    0.505346    0.327988    
24    0.505346    0.327988    
48    0.505346    0.327988    
72    0.505346    0.327988    
96    0.505346    0.327988    
120    0.505346    0.327988    
12    0.505345    0.327988    
36    0.505345    0.327988    
60    0.505345    0.327988    
84    0.505345    0.327988    
108    0.505345    0.327988    
132    0.505345    0.327988    
2    0.505346    0.327988    
26    0.505346    0.327988    
50    0.505346    0.327988    
74    0.505346    0.327988    
98    0.505346    0.327988    
122    0.505346    0.327988    
14    0.505345    0.327988    
38    0.505345    0.327988    
62    0.505345    0.327988    
86    0.505345    0.327988    
110    0.505345    0.327988    
134    0.505345    0.327988    
4    0.505346    0.327988    
28    0.505346    0.327988    
52    0.505346    0.327988    
76    0.505346    0.327988    
100    0.505346    0.327988    
124    0.505346    0.327988    
16    0.505345    0.327988    
40    0.505345    0.327988    
64    0.505345    0.327988    
88    0.505345    0.327988    
112    0.505345    0.327988    
136    0.505345    0.327988    
6    0.505346    0.327988    
30    0.505346    0.327988    
54    0.505346    0.327988    
78    0.505346    0.327988    
102    0.505346    0.327988    
126    0.505346    0.327988    
18    0.505345    0.327988    
42    0.505345    0.327988    
66    0.505345    0.327988    
90    0.505345    0.327988    
114    0.505345    0.327988    
138    0.505345    0.327988    
8    0.505346    0.327988    
32    0.505346    0.327988    
56    0.505346    0.327988    
80    0.505346    0.327988    
104    0.505346    0.327988    
128    0.505346    0.327988    
20    0.505345    0.327988    
44    0.505345    0.327988    
68    0.505345    0.327988    
92    0.505345    0.327988    
116    0.505345    0.327988    
140    0.505345    0.327988    
10    0.505346    0.327988    
34    0.505346    0.327988    
58    0.505346    0.327988    
82    0.505346    0.327988    
106    0.505346    0.327988    
130    0.505346    0.327988    
22    0.505345    0.327988    
46    0.505345    0.327988    
70    0.505345    0.327988    
94    0.505345    0.327988    
118    0.505345    0.327988    
142    0.505345    0.327988    
1    0.505345    0.327989    
25    0.505345    0.327989    
49    0.505345    0.327989    
73    0.505345    0.327989    
97    0.505345    0.327989    
121    0.505345    0.327989    
13    0.505342    0.327992    
37    0.505342    0.327992    
61    0.505342    0.327992    
85    0.505342    0.327992    
109    0.505342    0.327992    
133    0.505342    0.327992    
3    0.505345    0.327989    
27    0.505345    0.327989    
51    0.505345    0.327989    
75    0.505345    0.327989    
99    0.505345    0.327989    
123    0.505345    0.327989    
15    0.505342    0.327992    
39    0.505342    0.327992    
63    0.505342    0.327992    
87    0.505342    0.327992    
111    0.505342    0.327992    
135    0.505342    0.327992    
5    0.505345    0.327989    
29    0.505345    0.327989    
53    0.505345    0.327989    
77    0.505345    0.327989    
101    0.505345    0.327989    
125    0.505345    0.327989    
17    0.505342    0.327992    
41    0.505342    0.327992    
65    0.505342    0.327992    
89    0.505342    0.327992    
113    0.505342    0.327992    
137    0.505342    0.327992    
7    0.505345    0.327989    
31    0.505345    0.327989    
55    0.505345    0.327989    
79    0.505345    0.327989    
103    0.505345    0.327989    
127    0.505345    0.327989    
19    0.505342    0.327992    
43    0.505342    0.327992    
67    0.505342    0.327992    
91    0.505342    0.327992    
115    0.505342    0.327992    
139    0.505342    0.327992    
9    0.505345    0.327989    
33    0.505345    0.327989    
57    0.505345    0.327989    
81    0.505345    0.327989    
105    0.505345    0.327989    
129    0.505345    0.327989    
21    0.505342    0.327992    
45    0.505342    0.327992    
69    0.505342    0.327992    
93    0.505342    0.327992    
117    0.505342    0.327992    
141    0.505342    0.327992    
11    0.505345    0.327989    
35    0.505345    0.327989    
59    0.505345    0.327989    
83    0.505345    0.327989    
107    0.505345    0.327989    
131    0.505345    0.327989    
23    0.505342    0.327992    
47    0.505342    0.327992    
71    0.505342    0.327992    
95    0.505342    0.327992    
119    0.505342    0.327992    
143    0.505342    0.327992    
