#alpha(site in real lattice)   0up   0dn  1up     1dn
0    0.833333    4.68392e-35    
24    0.833333    4.68392e-35    
48    0.833333    4.68392e-35    
72    0.833333    4.68392e-35    
96    0.833333    4.68392e-35    
120    0.833333    4.68392e-35    
12    0.833333    4.68392e-35    
36    0.833333    4.68392e-35    
60    0.833333    4.68392e-35    
84    0.833333    4.68392e-35    
108    0.833333    4.68392e-35    
132    0.833333    4.68392e-35    
2    0.833333    4.68392e-35    
26    0.833333    4.68392e-35    
50    0.833333    4.68392e-35    
74    0.833333    4.68392e-35    
98    0.833333    4.68392e-35    
122    0.833333    4.68392e-35    
14    0.833333    4.68392e-35    
38    0.833333    4.68392e-35    
62    0.833333    4.68392e-35    
86    0.833333    4.68392e-35    
110    0.833333    4.68392e-35    
134    0.833333    4.68392e-35    
4    0.833333    4.68392e-35    
28    0.833333    4.68392e-35    
52    0.833333    4.68392e-35    
76    0.833333    4.68392e-35    
100    0.833333    4.68392e-35    
124    0.833333    4.68392e-35    
16    0.833333    4.68392e-35    
40    0.833333    4.68392e-35    
64    0.833333    4.68392e-35    
88    0.833333    4.68392e-35    
112    0.833333    4.68392e-35    
136    0.833333    4.68392e-35    
6    0.833333    4.68392e-35    
30    0.833333    4.68392e-35    
54    0.833333    4.68392e-35    
78    0.833333    4.68392e-35    
102    0.833333    4.68392e-35    
126    0.833333    4.68392e-35    
18    0.833333    4.68392e-35    
42    0.833333    4.68392e-35    
66    0.833333    4.68392e-35    
90    0.833333    4.68392e-35    
114    0.833333    4.68392e-35    
138    0.833333    4.68392e-35    
8    0.833333    4.68392e-35    
32    0.833333    4.68392e-35    
56    0.833333    4.68392e-35    
80    0.833333    4.68392e-35    
104    0.833333    4.68392e-35    
128    0.833333    4.68392e-35    
20    0.833333    4.68392e-35    
44    0.833333    4.68392e-35    
68    0.833333    4.68392e-35    
92    0.833333    4.68392e-35    
116    0.833333    4.68392e-35    
140    0.833333    4.68392e-35    
10    0.833333    4.68392e-35    
34    0.833333    4.68392e-35    
58    0.833333    4.68392e-35    
82    0.833333    4.68392e-35    
106    0.833333    4.68392e-35    
130    0.833333    4.68392e-35    
22    0.833333    4.68392e-35    
46    0.833333    4.68392e-35    
70    0.833333    4.68392e-35    
94    0.833333    4.68392e-35    
118    0.833333    4.68392e-35    
142    0.833333    4.68392e-35    
1    0.833333    4.68392e-35    
25    0.833333    4.68392e-35    
49    0.833333    4.68392e-35    
73    0.833333    4.68392e-35    
97    0.833333    4.68392e-35    
121    0.833333    4.68392e-35    
13    0.833333    4.68392e-35    
37    0.833333    4.68392e-35    
61    0.833333    4.68392e-35    
85    0.833333    4.68392e-35    
109    0.833333    4.68392e-35    
133    0.833333    4.68392e-35    
3    0.833333    4.68392e-35    
27    0.833333    4.68392e-35    
51    0.833333    4.68392e-35    
75    0.833333    4.68392e-35    
99    0.833333    4.68392e-35    
123    0.833333    4.68392e-35    
15    0.833333    4.68392e-35    
39    0.833333    4.68392e-35    
63    0.833333    4.68392e-35    
87    0.833333    4.68392e-35    
111    0.833333    4.68392e-35    
135    0.833333    4.68392e-35    
5    0.833333    4.68392e-35    
29    0.833333    4.68392e-35    
53    0.833333    4.68392e-35    
77    0.833333    4.68392e-35    
101    0.833333    4.68392e-35    
125    0.833333    4.68392e-35    
17    0.833333    4.68392e-35    
41    0.833333    4.68392e-35    
65    0.833333    4.68392e-35    
89    0.833333    4.68392e-35    
113    0.833333    4.68392e-35    
137    0.833333    4.68392e-35    
7    0.833333    4.68392e-35    
31    0.833333    4.68392e-35    
55    0.833333    4.68392e-35    
79    0.833333    4.68392e-35    
103    0.833333    4.68392e-35    
127    0.833333    4.68392e-35    
19    0.833333    4.68392e-35    
43    0.833333    4.68392e-35    
67    0.833333    4.68392e-35    
91    0.833333    4.68392e-35    
115    0.833333    4.68392e-35    
139    0.833333    4.68392e-35    
9    0.833333    4.68392e-35    
33    0.833333    4.68392e-35    
57    0.833333    4.68392e-35    
81    0.833333    4.68392e-35    
105    0.833333    4.68392e-35    
129    0.833333    4.68392e-35    
21    0.833333    4.68392e-35    
45    0.833333    4.68392e-35    
69    0.833333    4.68392e-35    
93    0.833333    4.68392e-35    
117    0.833333    4.68392e-35    
141    0.833333    4.68392e-35    
11    0.833333    4.68392e-35    
35    0.833333    4.68392e-35    
59    0.833333    4.68392e-35    
83    0.833333    4.68392e-35    
107    0.833333    4.68392e-35    
131    0.833333    4.68392e-35    
23    0.833333    4.68392e-35    
47    0.833333    4.68392e-35    
71    0.833333    4.68392e-35    
95    0.833333    4.68392e-35    
119    0.833333    4.68392e-35    
143    0.833333    4.68392e-35    
