#alpha(site in real lattice)   0up   0dn  1up     1dn
0    0.832073    0.00126099    
24    0.832073    0.00126099    
48    0.832073    0.00126099    
72    0.832073    0.00126099    
96    0.832073    0.00126099    
120    0.832073    0.00126099    
12    0.832073    0.00126099    
36    0.832073    0.00126099    
60    0.832073    0.00126099    
84    0.832073    0.00126099    
108    0.832073    0.00126099    
132    0.832073    0.00126099    
2    0.832073    0.00126099    
26    0.832073    0.00126099    
50    0.832073    0.00126099    
74    0.832073    0.00126099    
98    0.832073    0.00126099    
122    0.832073    0.00126099    
14    0.832073    0.00126099    
38    0.832073    0.00126099    
62    0.832073    0.00126099    
86    0.832073    0.00126099    
110    0.832073    0.00126099    
134    0.832073    0.00126099    
4    0.832073    0.00126099    
28    0.832073    0.00126099    
52    0.832073    0.00126099    
76    0.832073    0.00126099    
100    0.832073    0.00126099    
124    0.832073    0.00126099    
16    0.832073    0.00126099    
40    0.832073    0.00126099    
64    0.832073    0.00126099    
88    0.832073    0.00126099    
112    0.832073    0.00126099    
136    0.832073    0.00126099    
6    0.832073    0.00126099    
30    0.832073    0.00126099    
54    0.832073    0.00126099    
78    0.832073    0.00126099    
102    0.832073    0.00126099    
126    0.832073    0.00126099    
18    0.832073    0.00126099    
42    0.832073    0.00126099    
66    0.832073    0.00126099    
90    0.832073    0.00126099    
114    0.832073    0.00126099    
138    0.832073    0.00126099    
8    0.832073    0.00126099    
32    0.832073    0.00126099    
56    0.832073    0.00126099    
80    0.832073    0.00126099    
104    0.832073    0.00126099    
128    0.832073    0.00126099    
20    0.832073    0.00126099    
44    0.832073    0.00126099    
68    0.832073    0.00126099    
92    0.832073    0.00126099    
116    0.832073    0.00126099    
140    0.832073    0.00126099    
10    0.832073    0.00126099    
34    0.832073    0.00126099    
58    0.832073    0.00126099    
82    0.832073    0.00126099    
106    0.832073    0.00126099    
130    0.832073    0.00126099    
22    0.832073    0.00126099    
46    0.832073    0.00126099    
70    0.832073    0.00126099    
94    0.832073    0.00126099    
118    0.832073    0.00126099    
142    0.832073    0.00126099    
1    0.832073    0.00126099    
25    0.832073    0.00126099    
49    0.832073    0.00126099    
73    0.832073    0.00126099    
97    0.832073    0.00126099    
121    0.832073    0.00126099    
13    0.832073    0.00126099    
37    0.832073    0.00126099    
61    0.832073    0.00126099    
85    0.832073    0.00126099    
109    0.832073    0.00126099    
133    0.832073    0.00126099    
3    0.832073    0.00126099    
27    0.832073    0.00126099    
51    0.832073    0.00126099    
75    0.832073    0.00126099    
99    0.832073    0.00126099    
123    0.832073    0.00126099    
15    0.832073    0.00126099    
39    0.832073    0.00126099    
63    0.832073    0.00126099    
87    0.832073    0.00126099    
111    0.832073    0.00126099    
135    0.832073    0.00126099    
5    0.832073    0.00126099    
29    0.832073    0.00126099    
53    0.832073    0.00126099    
77    0.832073    0.00126099    
101    0.832073    0.00126099    
125    0.832073    0.00126099    
17    0.832073    0.00126099    
41    0.832073    0.00126099    
65    0.832073    0.00126099    
89    0.832073    0.00126099    
113    0.832073    0.00126099    
137    0.832073    0.00126099    
7    0.832073    0.00126099    
31    0.832073    0.00126099    
55    0.832073    0.00126099    
79    0.832073    0.00126099    
103    0.832073    0.00126099    
127    0.832073    0.00126099    
19    0.832073    0.00126099    
43    0.832073    0.00126099    
67    0.832073    0.00126099    
91    0.832073    0.00126099    
115    0.832073    0.00126099    
139    0.832073    0.00126099    
9    0.832073    0.00126099    
33    0.832073    0.00126099    
57    0.832073    0.00126099    
81    0.832073    0.00126099    
105    0.832073    0.00126099    
129    0.832073    0.00126099    
21    0.832073    0.00126099    
45    0.832073    0.00126099    
69    0.832073    0.00126099    
93    0.832073    0.00126099    
117    0.832073    0.00126099    
141    0.832073    0.00126099    
11    0.832073    0.00126099    
35    0.832073    0.00126099    
59    0.832073    0.00126099    
83    0.832073    0.00126099    
107    0.832073    0.00126099    
131    0.832073    0.00126099    
23    0.832073    0.00126099    
47    0.832073    0.00126099    
71    0.832073    0.00126099    
95    0.832073    0.00126099    
119    0.832073    0.00126099    
143    0.832073    0.00126099    
