#alpha(site in real lattice)   0up   0dn  1up     1dn
0    0.780555    0.0527775    
24    0.780555    0.0527775    
48    0.780555    0.0527775    
72    0.780555    0.0527775    
96    0.780555    0.0527775    
120    0.780555    0.0527775    
12    0.780556    0.0527775    
36    0.780556    0.0527775    
60    0.780556    0.0527775    
84    0.780556    0.0527775    
108    0.780556    0.0527775    
132    0.780556    0.0527775    
2    0.780555    0.0527775    
26    0.780555    0.0527775    
50    0.780555    0.0527775    
74    0.780555    0.0527775    
98    0.780555    0.0527775    
122    0.780555    0.0527775    
14    0.780556    0.0527775    
38    0.780556    0.0527775    
62    0.780556    0.0527775    
86    0.780556    0.0527775    
110    0.780556    0.0527775    
134    0.780556    0.0527775    
4    0.780555    0.0527775    
28    0.780555    0.0527775    
52    0.780555    0.0527775    
76    0.780555    0.0527775    
100    0.780555    0.0527775    
124    0.780555    0.0527775    
16    0.780556    0.0527775    
40    0.780556    0.0527775    
64    0.780556    0.0527775    
88    0.780556    0.0527775    
112    0.780556    0.0527775    
136    0.780556    0.0527775    
6    0.780555    0.0527775    
30    0.780555    0.0527775    
54    0.780555    0.0527775    
78    0.780555    0.0527775    
102    0.780555    0.0527775    
126    0.780555    0.0527775    
18    0.780556    0.0527775    
42    0.780556    0.0527775    
66    0.780556    0.0527775    
90    0.780556    0.0527775    
114    0.780556    0.0527775    
138    0.780556    0.0527775    
8    0.780555    0.0527775    
32    0.780555    0.0527775    
56    0.780555    0.0527775    
80    0.780555    0.0527775    
104    0.780555    0.0527775    
128    0.780555    0.0527775    
20    0.780556    0.0527775    
44    0.780556    0.0527775    
68    0.780556    0.0527775    
92    0.780556    0.0527775    
116    0.780556    0.0527775    
140    0.780556    0.0527775    
10    0.780555    0.0527775    
34    0.780555    0.0527775    
58    0.780555    0.0527775    
82    0.780555    0.0527775    
106    0.780555    0.0527775    
130    0.780555    0.0527775    
22    0.780556    0.0527775    
46    0.780556    0.0527775    
70    0.780556    0.0527775    
94    0.780556    0.0527775    
118    0.780556    0.0527775    
142    0.780556    0.0527775    
1    0.780556    0.0527775    
25    0.780556    0.0527775    
49    0.780556    0.0527775    
73    0.780556    0.0527775    
97    0.780556    0.0527775    
121    0.780556    0.0527775    
13    0.780556    0.0527775    
37    0.780556    0.0527775    
61    0.780556    0.0527775    
85    0.780556    0.0527775    
109    0.780556    0.0527775    
133    0.780556    0.0527775    
3    0.780556    0.0527775    
27    0.780556    0.0527775    
51    0.780556    0.0527775    
75    0.780556    0.0527775    
99    0.780556    0.0527775    
123    0.780556    0.0527775    
15    0.780556    0.0527775    
39    0.780556    0.0527775    
63    0.780556    0.0527775    
87    0.780556    0.0527775    
111    0.780556    0.0527775    
135    0.780556    0.0527775    
5    0.780556    0.0527775    
29    0.780556    0.0527775    
53    0.780556    0.0527775    
77    0.780556    0.0527775    
101    0.780556    0.0527775    
125    0.780556    0.0527775    
17    0.780556    0.0527775    
41    0.780556    0.0527775    
65    0.780556    0.0527775    
89    0.780556    0.0527775    
113    0.780556    0.0527775    
137    0.780556    0.0527775    
7    0.780556    0.0527775    
31    0.780556    0.0527775    
55    0.780556    0.0527775    
79    0.780556    0.0527775    
103    0.780556    0.0527775    
127    0.780556    0.0527775    
19    0.780556    0.0527775    
43    0.780556    0.0527775    
67    0.780556    0.0527775    
91    0.780556    0.0527775    
115    0.780556    0.0527775    
139    0.780556    0.0527775    
9    0.780556    0.0527775    
33    0.780556    0.0527775    
57    0.780556    0.0527775    
81    0.780556    0.0527775    
105    0.780556    0.0527775    
129    0.780556    0.0527775    
21    0.780556    0.0527775    
45    0.780556    0.0527775    
69    0.780556    0.0527775    
93    0.780556    0.0527775    
117    0.780556    0.0527775    
141    0.780556    0.0527775    
11    0.780556    0.0527775    
35    0.780556    0.0527775    
59    0.780556    0.0527775    
83    0.780556    0.0527775    
107    0.780556    0.0527775    
131    0.780556    0.0527775    
23    0.780556    0.0527775    
47    0.780556    0.0527775    
71    0.780556    0.0527775    
95    0.780556    0.0527775    
119    0.780556    0.0527775    
143    0.780556    0.0527775    
