#alpha(site in real lattice)   0up   0dn  1up     1dn
0    0.454426    0.378907    
24    0.454426    0.378907    
48    0.454426    0.378907    
72    0.454426    0.378907    
96    0.454426    0.378907    
120    0.454426    0.378907    
12    0.454425    0.378909    
36    0.454425    0.378909    
60    0.454425    0.378909    
84    0.454425    0.378909    
108    0.454425    0.378909    
132    0.454425    0.378909    
2    0.454426    0.378907    
26    0.454426    0.378907    
50    0.454426    0.378907    
74    0.454426    0.378907    
98    0.454426    0.378907    
122    0.454426    0.378907    
14    0.454425    0.378909    
38    0.454425    0.378909    
62    0.454425    0.378909    
86    0.454425    0.378909    
110    0.454425    0.378909    
134    0.454425    0.378909    
4    0.454426    0.378907    
28    0.454426    0.378907    
52    0.454426    0.378907    
76    0.454426    0.378907    
100    0.454426    0.378907    
124    0.454426    0.378907    
16    0.454425    0.378909    
40    0.454425    0.378909    
64    0.454425    0.378909    
88    0.454425    0.378909    
112    0.454425    0.378909    
136    0.454425    0.378909    
6    0.454426    0.378907    
30    0.454426    0.378907    
54    0.454426    0.378907    
78    0.454426    0.378907    
102    0.454426    0.378907    
126    0.454426    0.378907    
18    0.454425    0.378909    
42    0.454425    0.378909    
66    0.454425    0.378909    
90    0.454425    0.378909    
114    0.454425    0.378909    
138    0.454425    0.378909    
8    0.454426    0.378907    
32    0.454426    0.378907    
56    0.454426    0.378907    
80    0.454426    0.378907    
104    0.454426    0.378907    
128    0.454426    0.378907    
20    0.454425    0.378909    
44    0.454425    0.378909    
68    0.454425    0.378909    
92    0.454425    0.378909    
116    0.454425    0.378909    
140    0.454425    0.378909    
10    0.454426    0.378907    
34    0.454426    0.378907    
58    0.454426    0.378907    
82    0.454426    0.378907    
106    0.454426    0.378907    
130    0.454426    0.378907    
22    0.454425    0.378909    
46    0.454425    0.378909    
70    0.454425    0.378909    
94    0.454425    0.378909    
118    0.454425    0.378909    
142    0.454425    0.378909    
1    0.454424    0.378909    
25    0.454424    0.378909    
49    0.454424    0.378909    
73    0.454424    0.378909    
97    0.454424    0.378909    
121    0.454424    0.378909    
13    0.454405    0.378928    
37    0.454405    0.378928    
61    0.454405    0.378928    
85    0.454405    0.378928    
109    0.454405    0.378928    
133    0.454405    0.378928    
3    0.454424    0.378909    
27    0.454424    0.378909    
51    0.454424    0.378909    
75    0.454424    0.378909    
99    0.454424    0.378909    
123    0.454424    0.378909    
15    0.454405    0.378928    
39    0.454405    0.378928    
63    0.454405    0.378928    
87    0.454405    0.378928    
111    0.454405    0.378928    
135    0.454405    0.378928    
5    0.454424    0.378909    
29    0.454424    0.378909    
53    0.454424    0.378909    
77    0.454424    0.378909    
101    0.454424    0.378909    
125    0.454424    0.378909    
17    0.454405    0.378928    
41    0.454405    0.378928    
65    0.454405    0.378928    
89    0.454405    0.378928    
113    0.454405    0.378928    
137    0.454405    0.378928    
7    0.454424    0.378909    
31    0.454424    0.378909    
55    0.454424    0.378909    
79    0.454424    0.378909    
103    0.454424    0.378909    
127    0.454424    0.378909    
19    0.454405    0.378928    
43    0.454405    0.378928    
67    0.454405    0.378928    
91    0.454405    0.378928    
115    0.454405    0.378928    
139    0.454405    0.378928    
9    0.454424    0.378909    
33    0.454424    0.378909    
57    0.454424    0.378909    
81    0.454424    0.378909    
105    0.454424    0.378909    
129    0.454424    0.378909    
21    0.454405    0.378928    
45    0.454405    0.378928    
69    0.454405    0.378928    
93    0.454405    0.378928    
117    0.454405    0.378928    
141    0.454405    0.378928    
11    0.454424    0.378909    
35    0.454424    0.378909    
59    0.454424    0.378909    
83    0.454424    0.378909    
107    0.454424    0.378909    
131    0.454424    0.378909    
23    0.454405    0.378928    
47    0.454405    0.378928    
71    0.454405    0.378928    
95    0.454405    0.378928    
119    0.454405    0.378928    
143    0.454405    0.378928    
