# iter   OP_error_   E_class   E_quant    mu_   Total_Particles   OPs_.total_Den
0   0.658880318070903   -1644.81073224706   2764.13062049856    31.0758037637524   120   121.683722620136
1   0.112440057725139   -1589.87824774059   3389.98992099184    31.0958799142689   120   120.673510894229
2   0.0811375433854584   -1708.71482149867   3584.05760272604    31.3791965182813   120   120.294654807459
3   0.0553815969596804   -1897.74568460727   3900.22451467672    31.77428707337   120   119.950331979576
4   0.0372748367116143   -2060.22402217819   4179.74514295513    32.1684364269358   120   119.901072675308
5   0.029827289969956   -2142.5584375834   4322.8109955689    32.3890504749382   120   119.98528731449
6   0.0244182343626513   -2204.10111688468   4432.66971974533    32.5458419847008   120   120.014319590184
7   0.0202167952364165   -2254.77590664839   4524.81935019662    32.6703500661169   120   120.024541829879
8   0.016897349263466   -2296.68485636972   4602.09801927223    32.7710686144461   120   120.026366455497
9   0.0142191126239651   -2331.91203659252   4667.72211358373    32.854513025734   120   120.025295949222
10   0.0120217266812963   -2361.79553387088   4723.85358385343    32.9246968634946   120   120.023216022175
11   0.0101948036510796   -2387.27369534622   4772.0202831895    32.9841793446248   120   120.021107385448
12   0.00865879707883015   -2409.01491211335   4813.34750759406    33.0347635649554   120   120.019194582572
13   0.00735474739572378   -2427.53013759856   4848.69027472776    33.0776709071276   120   120.017629614116
14   0.00623737893061504   -2443.21014629025   4878.73343924616    33.1138901981471   120   120.016250765963
15   0.00531423286941329   -2455.3284975361   4902.43247526857    33.1391752348748   120   120.004526503234
16   0.00446216780127106   -2466.37304370973   4923.75310000119    33.1643442615771   120   120.002514295302
17   0.00370559133113242   -2475.51848323734   4941.42173481699    33.1853259831273   120   120.001485322158
18   0.00291036940725105   -2484.87207516169   4959.49686663679    33.2068100056856   120   120.000993095558
19   0.00225251663349392   -2490.93678084138   4971.1709242754    33.2211513766587   120   120.002312785196
20   0.00172466200623416   -2494.50453815381   4978.12227011878    33.2291039410495   120   120.001117019659
21   0.00137710517761819   -2496.33139548875   4981.69511979414    33.233058009089   120   120.000124896945
22   0.00118401236563098   -2497.16014238752   4983.32243528616    33.2348956100576   120   119.999655588162
23   0.00109237398949584   -2497.51650249839   4984.01388282289    33.2357193634466   120   119.999632458448
24   0.00104930217476607   -2497.68434110215   4984.33242562686    33.236108288098   120   119.999728162787
25   0.00102394555670511   -2497.78660791652   4984.53119971882    33.2363879560491   120   119.999791784826
26   0.00100407945262968   -2497.87110247851   4984.68439191398    33.2365552717302   120   119.999898369349
27   0.000985887374841374   -2497.94318160647   4984.83327178599    33.236782968598   120   119.999867977903
28   0.000968379178943775   -2498.01791588433   4984.97015486345    33.236953678734   120   119.999981392437
29   0.000951033133364767   -2498.08723341675   4985.1048191177    33.2371262567933   120   119.999998317987
30   0.000933916711601041   -2498.1549353325   4985.22977909387    33.237241207108   120   120.00001980961
31   0.000916892104293127   -2498.21744542912   4985.35914823951    33.2374151147655   120   119.999950354491
32   0.000900805873199478   -2498.27985793652   4985.48005765703    33.2375867051473   120   119.999998220185
33   0.000884727995819514   -2498.34139596163   4985.59302900453    33.2377014434197   120   120.000044243196
34   0.000868955847405913   -2498.39696312782   4985.70240525021    33.2378162287968   120   119.999997058826
35   0.000853480631123565   -2498.45156577236   4985.80845919184    33.2379310613006   120   119.999975039627
36   0.000838295755770459   -2498.50436457141   4985.91128276762    33.2380459392906   120   119.999956318619
37   0.000823395032031091   -2498.55558300061   4986.01099565894    33.2381608614899   120   119.999944601196
38   0.000808772431616494   -2498.60524821947   4986.1077074804    33.2382758265984   120   119.999938941851
39   0.000794422089805238   -2498.65342067918   4986.20152486496    33.2383908333654   120   119.99993925275
40   0.0007803382993436   -2498.70015236651   4986.29255035923    33.2385058805744   120   119.999945299244
41   0.000766515504273173   -2498.74549450799   4986.38088280328    33.2386209670443   120   119.999956882603
42   0.000752948294599878   -2498.78949625426   4986.46661743251    33.2387360916286   120   119.999973806349
43   0.000739631401035735   -2498.832205005   4986.54984602295    33.2388512532143   120   119.999995882063
44   0.000726559690024493   -2498.87366643116   4986.63065702191    33.2389664507206   120   120.000022927997
45   0.00071373786065196   -2498.91392454904   4986.70236120586    33.239023464725   120   120.000054769016
46   0.000701144626584092   -2498.94895449349   4986.77169206687    33.2390805080656   120   119.999993609845
47   0.000688774577364011   -2498.98360553386   4986.84564932354    33.2391958034593   120   119.999954696544
48   0.000676639320819619   -2499.02110853425   4986.91392066224    33.2392792492691   120   120.000014477169
49   0.000664723776992826   -2499.05462477647   4986.9788613161    33.2393522346996   120   120.000007747178
50   0.000653025116037718   -2499.08693873848   4987.0415913891    33.2394230614787   120   120.000000312234
51   0.000641539342030102   -2499.11816499823   4987.10201950591    33.2394903351821   120   119.999993934358
52   0.000630262298973398   -2499.14822578618   4987.1600471334    33.2395526704664   120   119.999985794299
53   0.00061918997396391   -2499.17707757703   4987.21557607861    33.2396086959874   120   119.999973928726
54   0.000608318440712846   -2499.20467018594   4987.26850720496    33.2396570532362   120   119.999956247235
55   0.000597639083760629   -2499.23095419427   4987.32277133693    33.239731030468   120   119.999930709373
56   0.000587153148479329   -2499.25829955431   4987.37679350023    33.2398159983555   120   119.999953374884
57   0.000576859143895631   -2499.28528581592   4987.42650047156    33.2398768593132   120   119.9999893579
58   0.00056674530502361   -2499.30975215528   4987.47857354541    33.2399711314733   120   119.999986028925
59   0.000556817295976421   -2499.33614295357   4987.52634475604    33.2400399383038   120   120.000049320645
60   0.000547069128896216   -2499.35956431811   4987.56963576932    33.2400825945705   120   120.000061060876
61   0.000537497915914548   -2499.38088987847   4987.60844315941    33.2400984410598   120   120.00004152877
62   0.000528091156994552   -2499.39994255081   4987.64950712467    33.2401450471485   120   119.999985809879
63   0.000518859556000681   -2499.42080456171   4987.6861465454    33.2401635780142   120   119.999991243363
64   0.000509785737971282   -2499.43864669154   4987.72495964169    33.2402116114301   120   119.999941305739
65   0.000500874163080635   -2499.4583981376   4987.76606606732    33.2402885532182   120   119.999953708075
66   0.000492124751119684   -2499.47914303579   4987.80263193608    33.2403355870456   120   120.000005896064
67   0.000483527435748182   -2499.49696198056   4987.84128269014    33.2404103245356   120   120.000003245664
68   0.000475086747192968   -2499.51661820023   4987.87535643859    33.240453984617   120   120.000059544443
69   0.000466798362358886   -2499.53315754955   4987.90467140359    33.2404659813455   120   120.000055372476
70   0.000458651746535459   -2499.54746365289   4987.9359989689    33.2405039719279   120   120.000011438522
71   0.000450656056403013   -2499.56342490112   4987.96265058593    33.240509205647   120   120.000020587469
72   0.000442795567720544   -2499.57624644921   4987.99122571053    33.2405393474537   120   119.999967275644
73   0.000435074896387948   -2499.59085133857   4988.02184323464    33.2405938866212   120   119.999969212993
74   0.000427494652925297   -2499.60632447455   4988.04766902512    33.2406140906475   120   120.000004006228
75   0.000420044166236065   -2499.61874614353   4988.07532954429    33.2406576569024   120   119.999977162564
76   0.000412725677091334   -2499.63288023783   4988.10493922562    33.2407241043831   120   120.00000261708
77   0.000405538798063359   -2499.64784087367   4988.1296652052    33.2407547303224   120   120.000058721097
78   0.000398481819022093   -2499.65970324368   4988.1493581946    33.2407490440037   120   120.000050902
79   0.000391543757399332   -2499.66916420743   4988.17078563449    33.2407647946362   120   119.999995522636
80   0.000384730706144739   -2499.68014720477   4988.1911673148    33.240776881007   120   119.999986399621
81   0.00037803432173903   -2499.69019686637   4988.21536499525    33.2408275070795   120   119.999964266618
82   0.000371457949782606   -2499.7027241483   4988.23690628117    33.2408599978637   120   120.000010664518
83   0.000364998260965431   -2499.71315964277   4988.25570107298    33.2408745726331   120   120.000015611781
84   0.000358649215071454   -2499.72236490859   4988.27859722633    33.2409296626135   120   119.999999483334
85   0.000352412912343429   -2499.73427866112   4988.29897952403    33.2409672499408   120   120.00005651898
86   0.000346287282000716   -2499.74413998777   4988.3167492213    33.2409875471587   120   120.000072172843
87   0.00034027023775155   -2499.75284363008   4988.33197579572    33.2409907608557   120   120.000067646714
88   0.000334359717919976   -2499.76025202284   4988.34469694319    33.2409770960474   120   120.000039376148
89   0.000328547546789156   -2499.76641537716   4988.36173178936    33.2410049740419   120   119.99998831255
90   0.000322840998031067   -2499.77541773675   4988.37646503113    33.2410163679596   120   120.000012230638
91   0.000317235024381099   -2499.78246901656   4988.38879279911    33.2410114801285   120   119.999995930442
92   0.0003117234797191   -2499.78846672295   4988.40555726667    33.241048726159   120   119.999960724207
93   0.000306310470319718   -2499.79733895181   4988.42013617236    33.2410700746255   120   120.000000668214
94   0.000300993049467746   -2499.80432268773   4988.43242424016    33.2410757224716   120   120.000001236032
95   0.000295766575750472   -2499.81030916762   4988.44926137003    33.2411240803976   120   119.999983612317
96   0.000290637920679935   -2499.81922637793   4988.45724642279    33.2410988943694   120   120.000041872579
97   0.000285589071194494   -2499.82224139534   4988.46970478779    33.2411168011589   120   119.999963832146
98   0.000280634157837481   -2499.82912455195   4988.48018555377    33.2411197596987   120   119.999983797673
99   0.00027576354251263   -2499.83404501969   4988.49532503842    33.2411661770502   120   119.999961649593
100   0.000270977678839305   -2499.84215554862   4988.50853304843    33.2411980116964   120   120.000020883832
101   0.000266276633415605   -2499.84846697243   4988.51969307105    33.2412154489936   120   120.000041593055
102   0.000261658393732785   -2499.85390909692   4988.52886506945    33.2412186706447   120   120.000045932378
103   0.000257121458013263   -2499.85833161266   4988.53607612607    33.2412078570633   120   120.000030139477
104   0.000252664393867217   -2499.86178090689   4988.54135866532    33.2411831870894   120   119.999995178148
105   0.000248280001659229   -2499.86426715894   4988.55152041066    33.2412030563541   120   119.999941148368
106   0.000243975222643093   -2499.86987558228   4988.55993594689    33.2412094156507   120   119.99996595741
107   0.000239745304373096   -2499.87380978236   4988.57326824093    33.2412606590479   120   119.999954356343
108   0.000235586509720688   -2499.88103122357   4988.58491714109    33.241298734733   120   120.000025291917
109   0.000231501800769849   -2499.88658308887   4988.59476291261    33.2413238154916   120   120.000059674196
110   0.000227488805727258   -2499.89138676555   4988.60286121774    33.2413360714073   120   120.000079495527
111   0.000223546327711715   -2499.89529104689   4988.60923515761    33.2413356711825   120   120.000081010012
112   0.000219673118266901   -2499.89834010772   4988.61391322983    33.2413227819943   120   120.000065164979
113   0.000215867947093699   -2499.90054221128   4988.61692241472    33.2412975695073   120   120.000032049771
114   0.000212124608954901   -2499.90191190573   4988.62506645831    33.241318416195   120   119.999981908334
115   0.000208448647968852   -2499.9065311391   4988.63171577814    33.2413272611434   120   120.000012606904
116   0.000204837329814245   -2499.90960166736   4988.63675227846    33.241324266134   120   120.000008888891
117   0.000201288279207184   -2499.91201408297   4988.64167913411    33.2413220596099   120   119.999992033915
118   0.000197800988201267   -2499.91449241184   4988.6465396216    33.2413207735151   120   119.999979327343
119   0.000194373957404654   -2499.91691755813   4988.65197715589    33.2413259139316   120   119.999967822664
120   0.000191006482950049   -2499.91969968695   4988.65811203445    33.2413383588065   120   119.999967278768
121   0.00018769754020014   -2499.92282883685   4988.66505021012    33.2413589726001   120   119.999977374387
122   0.000184446175429324   -2499.92637062042   4988.67289794695    33.2413886046726   120   119.999999604868
123   0.000181253663969277   -2499.93037569315   4988.6749821092    33.2413698716001   120   120.00003510931
124   0.000178112675099944   -2499.93082746626   4988.6780638239    33.2413618436287   120   119.999987414856
125   0.000175027580712569   -2499.93259007253   4988.68238543302    33.2413653101417   120   119.999973189738
126   0.000171996148700432   -2499.9348343215   4988.68801938645    33.241381066167   120   119.999972464362
127   0.000169017674078134   -2499.9377698704   4988.69506707514    33.2414098896701   120   119.999990203935
128   0.000166092305182289   -2499.94141558416   4988.69684545467    33.241394327761   120   120.000026796915
129   0.000163214497359259   -2499.94175529453   4988.70010659183    33.2413933794039   120   119.999985792551
130   0.00016038813336978   -2499.94364761001   4988.70508428062    33.2414077688404   120   119.999983737914
131   0.000157614840818855   -2499.9462593144   4988.70506528158    33.2413800067113   120   120.000000577882
132   0.000154886758348077   -2499.9457268541   4988.71357823457    33.2414272697932   120   119.999943530716
133   0.000152200653862285   -2499.9509467996   4988.7168398423    33.2414288355338   120   120.000026061115
134   0.000149565119692067   -2499.951861157   4988.71967588731    33.2414287139327   120   120.0000067241
135   0.000146975816737878   -2499.95338271091   4988.7224336388    33.2414285958174   120   120.000003376462
136   0.000144431353659984   -2499.95473551568   4988.72509309753    33.2414284802563   120   119.999997346817
137   0.000141931024368416   -2499.95606305333   4988.72766177848    33.2414283673387   120   119.999992031772
138   0.000139474045452595   -2499.9573410866   4988.73014204661    33.2414282569699   120   119.999986804278
139   0.000137059664397512   -2499.9585758944   4988.73253707753    33.2414281490909   120   119.999981771233
140   0.000134687138945662   -2499.95976812731   4988.734849775    33.2414280436384   120   119.999976905961
141   0.000132355740475431   -2499.96091940047   4988.73708297268    33.2414279405518   120   119.999972206388
142   0.000130064753108881   -2499.96203109353   4988.73923940134    33.2414278397722   120   119.999967666191
143   0.000127815182969404   -2499.96310457152   4988.74511287441    33.2414603088006   120   119.999963280052
144   0.000125600941382287   -2499.96641730694   4988.74734123844    33.2414614972484   120   120.000013670758
145   0.000123428400894928   -2499.96709281519   4988.74723003295    33.2414438525163   120   120.000001766826
146   0.000121292315944594   -2499.96689209206   4988.7468651493    33.2414248203957   120   119.999969797894
147   0.000119195504501859   -2499.96671459882   4988.75305853922    33.2414626673116   120   119.999939317962
148   0.000117129976655648   -2499.97046988515   4988.75915792025    33.2414992244233   120   120.000004124609
149   0.000115104557513084   -2499.97338061937   4988.75824984297    33.2414763124978   120   120.000049530732
150   0.000113111223608272   -2499.97225338157   4988.75702260463    33.2414521892722   120   119.999998864203
151   0.000111155227205058   -2499.97174362614   4988.76239998679    33.241485119064   120   119.999963827287
152   0.00010922926279854   -2499.97507540377   4988.76770813904    33.2415169265059   120   120.00002176968
153   0.000107342188462031   -2499.97759579663   4988.76603640481    33.2414894267886   120   120.000060994303
154   0.000105483016648132   -2499.97608813079   4988.76407148643    33.2414608720916   120   120.000004274856
155   0.000103658111729043   -2499.97521156217   4988.76873641065    33.241489521474   120   119.999963406161
156   0.000101862182371167   -2499.97818894647   4988.77335644103    33.2415171944974   120   120.000015712835
157   0.000100104185133901   -2499.98036707358   4988.77102009041    33.2414857013718   120   120.000049494312
158   9.83700430174156e-05   -2499.9785288292   4988.76841326482    33.2414532894482   120   119.999987517126
159   9.66672652672412e-05   -2499.97733297886   4988.77245822317    33.2414782131939   120   119.999941569981
160   9.4992553172493e-05   -2499.98000199541   4988.77647947833    33.2415022877468   120   119.999988971449
161   9.3348818141865e-05   -2499.98188229495   4988.7803420298    33.2415255372719   120   120.000018015041
162   9.17332704039565e-05   -2499.98382532913   4988.78407607025    33.2415479908267   120   120.000049116018
163   9.01528229466927e-05   -2499.98567860879   4988.78090425878    33.2415114571375   120   120.000078595701
164   8.85903592590931e-05   -2499.98340368724   4988.7774868444    33.2414741765635   120   120.000009512945
165   8.70553173423041e-05   -2499.98180850708   4988.78074961374    33.2414943979221   120   119.999957240767
166   8.55472285630008e-05   -2499.98408776637   4988.78401530767    33.2415139307242   120   119.99999843508
167   8.40670814026178e-05   -2499.9855923832   4988.78714816401    33.2415327936428   120   120.000021501324
168   8.26123101435109e-05   -2499.98717244928   4988.79017746635    33.2415510104618   120   120.000046825822
169   8.11921087899135e-05   -2499.98867520208   4988.78632501942    33.2415103848071   120   120.000070726917
170   7.97841749153356e-05   -2499.9860617367   4988.78225025412    33.2414691520583   120   119.999996255948
171   7.83999235625457e-05   -2499.98413959578   4988.78487816828    33.2414855563045   120   119.999938779653
172   7.70418226198883e-05   -2499.98610308388   4988.78753073122    33.2415014025013   120   119.999974947713
173   7.57089413379562e-05   -2499.98730273488   4988.79007143983    33.2415167048487   120   119.999993159464
174   7.43989073111042e-05   -2499.98858827228   4988.79252886109    33.2415314828408   120   120.000013795398
175   7.31116023448455e-05   -2499.98980657694   4988.79490133564    33.2415457542522   120   120.000033168202
176   7.1846579807996e-05   -2499.99098733584   4988.7971925946    33.2415595364437   120   120.000051978339
177   7.06034623309805e-05   -2499.99212684088   4988.79940526892    33.2415728461487   120   120.000070125204
178   6.93948022167004e-05   -2499.99322741528   4988.79476483813    33.2415274812384   120   120.000087653342
179   6.81900673477103e-05   -2499.99022128381   4988.78992893511    33.241481671279   120   120.000006925254
180   6.7003892832673e-05   -2499.98792069399   4988.79182179962    33.2414936548749   120   119.999943424409
181   6.58432085902171e-05   -2499.9895185524   4988.79376447578    33.2415052316922   120   119.999973770633
182   6.47041767571673e-05   -2499.99036511783   4988.79561960669    33.2415164107383   120   119.999986360293
183   6.35846669224773e-05   -2499.9913096558   4988.7974149273    33.241527206528   120   120.000001566361
184   6.24845750743185e-05   -2499.99219863931   4988.79914797595    33.2415376320194   120   120.000015695095
185   6.14035197977568e-05   -2499.99306135517   4988.80082170847    33.2415476999213   120   120.000029440596
186   6.03411789716871e-05   -2499.99389370988   4988.8024380071    33.2415574224732   120   120.000042696141
187   5.92972267379641e-05   -2499.99469765418   4988.803998867    33.2415668115027   120   120.000055500358
188   5.82713445902778e-05   -2499.99547399544   4988.80550618274    33.2415758784322   120   120.000067864717
189   5.72632192667985e-05   -2499.99622370976   4988.80696178994    33.2415846342938   120   120.000079805007
190   5.6290799410592e-05   -2499.99694770399   4988.80159021224    33.2415348714456   120   120.000091335619
191   5.53009980321272e-05   -2499.99357791285   4988.80282545048    33.2415430323698   120   120.000004815834
192   5.43425469611899e-05   -2499.99499506117   4988.80415861598    33.2415509183742   120   120.000033376209
193   5.34025692612393e-05   -2499.9955117704   4988.8054204542    33.2415585328299   120   120.000040513006
194   5.24989223637728e-05   -2499.99616607997   4988.79986641431    33.2415076678476   120   120.000051132765
195   5.15727629689102e-05   -2499.99270066723   4988.80092459098    33.2415147643512   120   119.999963053493
196   5.06788422262751e-05   -2499.99403063493   4988.8020869186    33.2415216224175   120   119.999990231771
197   4.98022509705682e-05   -2499.99446221002   4988.80318374599    33.2415282441539   120   119.999996011219
198   4.89406579209624e-05   -2499.99503447504   4988.80424760371    33.241534638766   120   120.000005324254
199   4.80940114558458e-05   -2499.99555874582   4988.80527409952    33.2415408138361   120   120.000013637068
200   4.72620100923183e-05   -2499.9960701948   4988.80626552128    33.2415467769259   120   120.000021788598
201   4.64444076099673e-05   -2499.99656314788   4988.80722288785    33.2415525352946   120   120.000029637642
202   4.56409532723631e-05   -2499.99703935399   4988.80814740026    33.2415580959611   120   120.000037221323
203   4.48514022785574e-05   -2499.99749918401   4988.80904017887    33.2415634657025   120   120.000044543861
204   4.4075513794171e-05   -2499.99794323649   4988.80990231287    33.2415686510643   120   120.000051615095
205   4.33130512191184e-05   -2499.99837204565   4988.8107348528    33.2415736583676   120   120.000058443478
206   4.25637820477782e-05   -2499.99878613539   4988.81153881348    33.2415784937175   120   120.000065037366
207   4.18274778147401e-05   -2499.99918601023   4988.81231517491    33.2415831630098   120   120.000071404794
208   4.11039140176358e-05   -2499.99957215764   4988.81306488354    33.2415876719386   120   120.000077553526
209   4.03928700496381e-05   -2499.99994504837   4988.81378885339    33.2415920260029   120   120.000083491062
210   3.96941291330873e-05   -2500.00030513704   4988.81448796714    33.2415962305135   120   120.000089224643
211   3.903714025118e-05   -2500.00065286269   4988.80838581997    33.2415420723034   120   120.000094761263
212   3.83346589390261e-05   -2499.99691969637   4988.80891553994    33.2415459884603   120   120.000002452815
213   3.76697806044947e-05   -2499.99798593094   4988.80956737379    33.241549775227   120   120.000025422996
214   3.70182398280575e-05   -2499.9981637559   4988.81017123987    33.241553430957   120   120.000027161183
215   3.63778598204649e-05   -2499.99849080017   4988.81075903454    33.2415569612548   120   120.000032567389
216   3.57485869631485e-05   -2499.99877828999   4988.81132579282    33.2415603702206   120   120.000037108068
217   3.51301968914143e-05   -2499.99906107178   4988.81187324215    33.2415636620536   120   120.000041616661
218   3.45225067270934e-05   -2499.99933320018   4988.81240186152    33.2415668407653   120   120.000045947705
219   3.39253302574164e-05   -2499.99959615424   4988.8129123303    33.241569910238   120   120.000050134017
220   3.33384856703448e-05   -2499.9998500456   4988.81340526505    33.2415728742191   120   120.000054175689
221   3.27981854347921e-05   -2500.00009522221   4988.80710401143    33.2415175180329   120   120.000058078571
222   3.21971065780485e-05   -2499.99626302356   4988.80744145321    33.2415202772934   120   119.999964192384
223   3.16383241607605e-05   -2499.99723362199   4988.80790760471    33.2415229468602   120   119.999985638961
224   3.10911049861789e-05   -2499.99731909174   4988.80833215809    33.2415255237168   120   119.999985905813
225   3.05532709891787e-05   -2499.9975569489   4988.80874679144    33.241528012156   120   119.999989891162
226   3.00247652080733e-05   -2499.99775831122   4988.80914632889    33.2415304150094   120   119.999993059734
227   2.9505398875736e-05   -2499.99795792024   4988.80953229431    33.2415327352514   120   119.999996243299
228   2.89950184278612e-05   -2499.99814972932   4988.80990496999    33.2415349757104   120   119.99999929478
229   2.8493467514285e-05   -2499.99833511969   4988.81026484542    33.2415371391261   120   120.000002245435
230   2.8000593478347e-05   -2499.99851410854   4988.81061235374    33.2415392281426   120   120.000005093854
231   2.75162461314722e-05   -2499.99868695259   4988.81094792049    33.2415412453138   120   120.000007844433
232   2.70402779197936e-05   -2499.99885385595   4988.81127195526    33.241543193106   120   120.000010500369
233   2.65725438385146e-05   -2499.99901502373   4988.81158485387    33.2415450739007   120   120.000013064942
234   2.61129013949498e-05   -2499.99917065255   4988.81188699851    33.241546889998   120   120.000015541281
235   2.56612105653542e-05   -2499.99932093254   4988.81217875825    33.2415486436191   120   120.000017932417
236   2.52173337511149e-05   -2499.99946604728   4988.81246048955    33.2415503369089   120   120.000020241276
237   2.47811357353808e-05   -2499.99960617405   4988.81273253659    33.241551971939   120   120.000022470683
238   2.43524836436522e-05   -2499.99974148406   4988.81299523181    33.2415535507096   120   120.000024623365
239   2.39312469031523e-05   -2499.99987214264   4988.81324889621    33.2415550751527   120   120.000026701958
240   2.35172972015148e-05   -2499.99999830946   4988.81349383975    33.2415565471337   120   120.000028709005
241   2.31105084476241e-05   -2500.0001201387   4988.81373036184    33.2415579684542   120   120.000030646964
242   2.27107567353716e-05   -2500.00023777926   4988.81395875156    33.2415593408542   120   120.000032518208
243   2.23179203012901e-05   -2500.00035137494   4988.81417928809    33.2415606660135   120   120.000034325027
244   2.19318794935661e-05   -2500.0004610646   4988.81439224106    33.2415619455547   120   120.000036069635
245   2.15525167290908e-05   -2500.00056698233   4988.81459787079    33.2415631810449   120   120.000037754169
246   2.11797164614103e-05   -2500.00066925763   4988.81479642875    33.2415643739968   120   120.000039380692
247   2.08133651452099e-05   -2500.00076801557   4988.81498815771    33.2415655258717   120   120.000040951197
248   2.04533512001982e-05   -2500.0008633769   4988.81517329218    33.2415666380808   120   120.000042467609
249   2.00995649771503e-05   -2500.00095545825   4988.81535205857    33.2415677119868   120   120.000043931784
250   1.97518987263261e-05   -2500.00104437225   4988.81552467555    33.2415687489053   120   120.00004534552
251   1.94102465618594e-05   -2500.00113022766   4988.81569135429    33.2415697501074   120   120.000046710549
252   1.90745044319226e-05   -2500.0012131295   4988.8158522987    33.24157071682   120   120.000048028543
253   1.8744570084446e-05   -2500.0012931792   4988.81600770572    33.2415716502283   120   120.000049301121
254   1.84203430386148e-05   -2500.00137047471   4988.81615776549    33.2415725514767   120   120.000050529841
255   1.81017245517134e-05   -2500.00144511062   4988.8163026617    33.2415734216703   120   120.000051716212
256   1.77886175911789e-05   -2500.00151717827   4988.81644257165    33.2415742618764   120   120.00005286169
257   1.74809268030299e-05   -2500.00158676586   4988.81657766663    33.2415750731254   120   120.000053967679
258   1.71785584836171e-05   -2500.00165395858   4988.81670811199    33.2415758564127   120   120.000055035536
259   1.68814205518666e-05   -2500.00171883869   4988.81683406748    33.2415766126992   120   120.000056066574
260   1.65894225200563e-05   -2500.00178148561   4988.81695568731    33.2415773429132   120   120.000057062056
261   1.6302475465586e-05   -2500.00184197607   4988.8170731204    33.2415780479507   120   120.000058023207
262   1.60204920060155e-05   -2500.00190038413   4988.8171865106    33.2415787286774   120   120.000058951206
263   1.57433862704563e-05   -2500.00195678135   4988.81729599679    33.241579385929   120   120.000059847192
264   1.54710738745047e-05   -2500.0020112368   4988.8174017131    33.2415800205125   120   120.000060712268
265   1.52034718933627e-05   -2500.00206381718   4988.81750378904    33.2415806332074   120   120.000061547495
266   1.49404988378153e-05   -2500.00211458693   4988.8176023497    33.2415812247662   120   120.000062353899
267   1.46820746293323e-05   -2500.00216360825   4988.81769751587    33.2415817959158   120   120.000063132474
268   1.44281205743551e-05   -2500.00221094122   4988.81778940416    33.241582347358   120   120.000063884174
269   1.41785593409573e-05   -2500.00225664386   4988.81787812725    33.2415828797706   120   120.000064609926
270   1.39333149350731e-05   -2500.00230077218   4988.81796379388    33.2415833938081   120   120.000065310621
271   1.36923126794057e-05   -2500.0023433803   4988.81804650911    33.2415838901024   120   120.000065987121
272   1.34554791871349e-05   -2500.00238452045   4988.81812637434    33.2415843692638   120   120.00006664026
273   1.32227423419384e-05   -2500.00242424307   4988.81820348756    33.2415848318819   120   120.000067270839
274   1.29940312749065e-05   -2500.00246259691   4988.81827794333    33.2415852785255   120   120.000067879637
275   1.27692763442704e-05   -2500.00249962899   4988.818349833    33.2415857097445   120   120.000068467401
276   1.25484091122142e-05   -2500.00253538475   4988.81841924479    33.2415861260694   120   120.000069034857
277   1.2331362326139e-05   -2500.00256990807   4988.81848626386    33.2415865280127   120   120.000069582703
278   1.21180698959376e-05   -2500.00260324131   4988.81855097246    33.2415869160693   120   120.000070111613
279   1.19084668760871e-05   -2500.00263542538   4988.81861345007    33.2415872907172   120   120.000070622239
280   1.1702489444071e-05   -2500.00266649979   4988.81867377335    33.2415876524178   120   120.000071115213
281   1.15000748820868e-05   -2500.00269650269   4988.81873201636    33.2415880016167   120   120.000071591139
282   1.13011615570827e-05   -2500.00272547093   4988.81878825067    33.2415883387443   120   120.000072050607
283   1.11056889025919e-05   -2500.00275344007   4988.81884254533    33.2415886642161   120   120.000072494181
284   1.0913597400248e-05   -2500.00278044449   4988.81889496703    33.2415889784333   120   120.00007292241
285   1.07248285602493e-05   -2500.00280651734   4988.81894558021    33.2415892817835   120   120.000073335823
286   1.05393249071204e-05   -2500.00283169067   4988.81899444704    33.2415895746408   120   120.000073734928
287   1.03570299569888e-05   -2500.00285599542   4988.81904162762    33.2415898573666   120   120.000074120219
288   1.01778882057524e-05   -2500.00287946145   4988.81908717992    33.2415901303097   120   120.000074492172
289   1.00018451073694e-05   -2500.00290211763   4988.81913115995    33.2415903938071   120   120.000074851247
290   9.82884706088657e-06   -2500.00292399179   4988.81917362181    33.2415906481841   120   120.000075197887
291   9.65884139286001e-06   -2500.00294511086   4988.81921461772    33.2415908937549   120   120.00007553252
292   9.49177633960341e-06   -2500.0029655008   4988.81925419812    33.2415911308228   120   120.00007585556
293   9.32760103470561e-06   -2500.0029851867   4988.81929241171    33.2415913596808   120   120.000076167408
294   9.1662654906105e-06   -2500.00300419279   4988.81932930552    33.2415915806119   120   120.000076468447
295   9.00772058496668e-06   -2500.00302254245   4988.81936492496    33.241591793889   120   120.000076759051
296   8.85191804545174e-06   -2500.00304025828   4988.81939931391    33.241591999776   120   120.00007703958
297   8.69881043462071e-06   -2500.00305736208   4988.81943251468    33.2415921985277   120   120.000077310382
298   8.54835113565288e-06   -2500.00307387492   4988.8194645682    33.2415923903899   120   120.00007757179
299   8.40049433791478e-06   -2500.00308981714   4988.81949551393    33.2415925756002   120   120.00007782413
300   8.25519502424765e-06   -2500.00310520839   4988.81952539002    33.2415927543878   120   120.000078067714
301   8.11240895514924e-06   -2500.00312006762   4988.8195542333    33.2415929269743   120   120.000078302844
302   7.97209265728136e-06   -2500.00313441316   4988.81958207931    33.2415930935734   120   120.000078529812
303   7.83420340834402e-06   -2500.00314826268   4988.81960896239    33.2415932543916   120   120.000078748899
304   7.69869922686744e-06   -2500.00316163327   4988.81963491571    33.2415934096284   120   120.000078960376
305   7.56553885579745e-06   -2500.00317454142   4988.81965997127    33.2415935594762   120   120.000079164508
306   7.43468175295371e-06   -2500.00318700306   4988.81968416    33.241593704121   120   120.000079361547
307   7.3060880768377e-06   -2500.00319903355   4988.81970751175    33.2415938437423   120   120.000079551738
308   7.17971867567672e-06   -2500.00321064775   4988.81973005535    33.2415939785134   120   120.000079735317
309   7.05553507482172e-06   -2500.00322186   4988.81975181863    33.2415941086017   120   120.000079912512
310   6.93349946497022e-06   -2500.00323268415   4988.81977282848    33.2415942341687   120   120.000080083545
311   6.81357469128964e-06   -2500.00324313356   4988.81979311085    33.2415943553707   120   120.000080248627
312   6.6957242415999e-06   -2500.00325322115   4988.81981269083    33.2415944723582   120   120.000080407965
313   6.57991223461291e-06   -2500.00326295938   4988.81983159261    33.2415945852768   120   120.000080561757
314   6.46610341040041e-06   -2500.0032723603   4988.81984983954    33.241594694267   120   120.000080710193
315   6.35426312001373e-06   -2500.00328143552   4988.81986745422    33.2415947994645   120   120.000080853461
316   6.24435731113e-06   -2500.00329019627   4988.81988445842    33.2415949010002   120   120.000080991737
317   6.13635252336414e-06   -2500.00329865339   4988.81990087322    33.2415949990006   120   120.000081125194
318   6.03021587341814e-06   -2500.00330681735   4988.81991671889    33.241595093588   120   120.000081253999
319   5.92591504799811e-06   -2500.00331469826   4988.81993201509    33.2415951848801   120   120.000081378313
320   5.82341829131443e-06   -2500.00332230587   4988.81994678075    33.2415952729911   120   120.000081498291
321   5.72269439805497e-06   -2500.00332964961   4988.81996103417    33.2415953580306   120   120.000081614084
322   5.62371270232742e-06   -2500.00333673858   4988.81997479302    33.241595440105   120   120.000081725835
323   5.52644306889151e-06   -2500.00334358156   4988.81998807435    33.2415955193168   120   120.000081833684
324   5.43085588326931e-06   -2500.00335018704   4988.82000089465    33.2415955957649   120   120.000081937767
325   5.33692204426085e-06   -2500.00335656322   4988.8200132698    33.2415956695449   120   120.000082038214
326   5.24461295334663e-06   -2500.003362718   4988.82002521518    33.2415957407492   120   120.00008213515
327   5.15390050642008e-06   -2500.00336865902   4988.82003674562    33.2415958094668   120   120.000082228698
328   5.06475708629818e-06   -2500.00337439366   4988.82004787543    33.2415958757837   120   120.000082318974
329   4.97715555273297e-06   -2500.00337992905   4988.82005861843    33.2415959397832   120   120.000082406092
330   4.89106923584568e-06   -2500.00338527206   4988.820068988    33.2415960015452   120   120.000082490161
331   4.80647192682658e-06   -2500.00339042932   4988.82007899702    33.2415960611475   120   120.000082571287
332   4.72333786910229e-06   -2500.00339540727   4988.82008865792    33.2415961186646   120   120.000082649572
333   4.64164175343133e-06   -2500.00340021207   4988.82009798276    33.2415961741689   120   120.000082725113
334   4.56135870713828e-06   -2500.00340484972   4988.82010698311    33.24159622773   120   120.000082798007
335   4.48246428826996e-06   -2500.00340932599   4988.8201156702    33.2415962794153   120   120.000082868345
336   4.40493447733852e-06   -2500.00341364646   4988.82012405485    33.2415963292897   120   120.000082936216
337   4.32874567087161e-06   -2500.00341781649   4988.82013214749    33.2415963774161   120   120.000083001705
338   4.25387467269921e-06   -2500.0034218413   4988.82013995824    33.241596423855   120   120.000083064894
339   4.18029868979131e-06   -2500.0034257259   4988.82014749683    33.2415964686649   120   120.000083125865
340   4.10799532109852e-06   -2500.00342947514   4988.82015477265    33.2415965119023   120   120.000083184693
341   4.03694255458093e-06   -2500.0034330937   4988.82016179481    33.2415965536218   120   120.000083241452
342   3.96711875839657e-06   -2500.00343658608   4988.82016857207    33.241596593876   120   120.000083296216
343   3.89850267532632e-06   -2500.00343995667   4988.82017511288    33.2415966327157   120   120.000083349052
344   3.83107341470407e-06   -2500.00344320966   4988.82018142547    33.2415966701901   120   120.000083400029
345   3.76481044914839e-06   -2500.00344634913   4988.82018751768    33.2415967063466   120   120.00008344921
346   3.69969360408598e-06   -2500.003449379   4988.82019339715    33.2415967412309   120   120.000083496658
347   3.63570305595354e-06   -2500.00345230306   4988.82019907126    33.2415967748872   120   120.000083542433
348   3.57281932274165e-06   -2500.00345512498   4988.8202045471    33.2415968073581   120   120.000083586594
349   3.51102326034559e-06   -2500.00345784829   4988.82020983154    33.2415968386848   120   120.000083629196
350   3.45029605508515e-06   -2500.00346047641   4988.82021493119    33.2415968689073   120   120.000083670294
351   3.39061921861784e-06   -2500.00346301263   4988.82021985247    33.2415968980636   120   120.000083709939
352   3.33197458341514e-06   -2500.00346546012   4988.82022460154    33.2415969261911   120   120.000083748184
353   3.27434429538271e-06   -2500.00346782197   4988.82022918439    33.2415969533254   120   120.000083785076
354   3.21771080941509e-06   -2500.00347010114   4988.82023360676    33.2415969795012   120   120.000083820662
355   3.16205688344694e-06   -2500.0034723005   4988.82023787421    33.2415970047516   120   120.000083854988
356   3.1073655748688e-06   -2500.00347442281   4988.82024199211    33.2415970291091   120   120.000083888098
357   3.05362023302778e-06   -2500.00347647074   4988.82024596564    33.2415970526046   120   120.000083920035
358   3.00080449583477e-06   -2500.00347844687   4988.82024979981    33.2415970752682   120   120.000083950838
359   2.94890228372272e-06   -2500.00348035369   4988.82025349947    33.2415970971289   120   120.000083980548
360   2.89789779552534e-06   -2500.00348219361   4988.82025706925    33.2415971182147   120   120.000084009203
361   2.84777550390029e-06   -2500.00348396893   4988.82026051369    33.2415971385525   120   120.000084036839
362   2.79852014933972e-06   -2500.00348568192   4988.82026383712    33.2415971581684   120   120.000084063492
363   2.75011673655913e-06   -2500.00348733471   4988.82026704374    33.2415971770877   120   120.000084089197
364   2.7025505300777e-06   -2500.00348892942   4988.82027013761    33.2415971953346   120   120.000084113987
365   2.65580704840747e-06   -2500.00349046805   4988.82027312266    33.2415972129325   120   120.000084137892
366   2.60987206118831e-06   -2500.00349195255   4988.82027600263    33.2415972299043   120   120.000084160946
367   2.56473158379163e-06   -2500.0034933848   4988.82027878119    33.2415972462716   120   120.000084183176
368   2.52037187426568e-06   -2500.00349476661   4988.82028146189    33.2415972620557   120   120.000084204613
369   2.47677942774041e-06   -2500.00349609975   4988.8202840481    33.2415972772769   120   120.000084225283
370   2.43394097265288e-06   -2500.00349738589   4988.8202865431    33.2415972919549   120   120.000084245214
371   2.39184346756196e-06   -2500.00349862667   4988.82028895008    33.2415973061086   120   120.000084264432
372   2.35047409648809e-06   -2500.00349982368   4988.8202912721    33.2415973197566   120   120.000084282961
373   2.30982026525229e-06   -2500.00350097843   4988.82029351211    33.2415973329163   120   120.000084300825
374   2.26986959739058e-06   -2500.00350209239   4988.82029567297    33.241597345605   120   120.000084318048
375   2.23060992990112e-06   -2500.00350316698   4988.82029775743    33.241597357839   120   120.000084334653
376   2.19202931123057e-06   -2500.00350420358   4988.82029976813    33.2415973696345   120   120.000084350661
377   2.15411599600131e-06   -2500.00350520351   4988.82030170767    33.2415973810067   120   120.000084366093
378   2.11685844176106e-06   -2500.00350616803   4988.82030357852    33.2415973919704   120   120.000084380969
379   2.08024530644197e-06   -2500.00350709839   4988.82030538306    33.24159740254   120   120.000084395309
380   2.04426544361419e-06   -2500.00350799578   4988.82030712362    33.2415974127293   120   120.000084409131
381   2.00890789968109e-06   -2500.00350886135   4988.82030880243    33.2415974225517   120   120.000084422454
382   1.97416191074241e-06   -2500.0035096962   4988.82031042163    33.2415974320201   120   120.000084435296
383   1.94001689850719e-06   -2500.00351050141   4988.8203119833    33.2415974411469   120   120.000084447673
384   1.90646246844083e-06   -2500.00351127801   4988.82031348945    33.2415974499441   120   120.000084459601
385   1.87348840510062e-06   -2500.00351202699   4988.82031494202    33.2415974584233   120   120.000084471097
386   1.84108467091854e-06   -2500.00351274933   4988.8203163429    33.2415974665957   120   120.000084482176
387   1.80924140031691e-06   -2500.00351344596   4988.82031769387    33.2415974744721   120   120.000084492852
388   1.77794889917558e-06   -2500.00351411777   4988.82031899668    33.2415974820628   120   120.000084503139
389   1.74719764150724e-06   -2500.00351476562   4988.82032025301    33.2415974893781   120   120.000084513052
390   1.71697826537014e-06   -2500.00351539037   4988.82032146449    33.2415974964276   120   120.000084522604
391   1.68728157109078e-06   -2500.0035159928   4988.8203226327    33.2415975032206   120   120.000084531807
392   1.65809851796855e-06   -2500.00351657372   4988.82032375914    33.2415975097663   120   120.000084540673
393   1.62942022181073e-06   -2500.00351713386   4988.82032484527    33.2415975160733   120   120.000084549214
394   1.60123795181184e-06   -2500.00351767396   4988.82032589252    33.2415975221501   120   120.000084557444
395   1.5735431286996e-06   -2500.00351819471   4988.82032690222    33.2415975280048   120   120.000084565371
396   1.54632732138663e-06   -2500.0035186968   4988.82032787572    33.2415975336453   120   120.000084573007
397   1.519582244496e-06   -2500.00351918088   4988.82032881427    33.2415975390791   120   120.000084580361
398   1.49329975551536e-06   -2500.00351964758   4988.82032971909    33.2415975443137   120   120.000084587445
399   1.46747185434122e-06   -2500.00352009751   4988.82033059139    33.2415975493559   120   120.000084594268
400   1.44209067675411e-06   -2500.00352053126   4988.82033143229    33.2415975542127   120   120.000084600839
401   1.41714849693154e-06   -2500.0035209494   4988.82033224288    33.2415975588907   120   120.000084607167
402   1.3926377217835e-06   -2500.00352135247   4988.82033302426    33.2415975633961   120   120.00008461326
403   1.36855088911032e-06   -2500.003521741   4988.82033377744    33.2415975677351   120   120.000084619127
404   1.3448806661204e-06   -2500.00352211551   4988.82033450341    33.2415975719137   120   120.000084624776
405   1.32161984721752e-06   -2500.00352247649   4988.82033520312    33.2415975759374   120   120.000084630215
406   1.29876135115276e-06   -2500.00352282442   4988.82033587751    33.241597579812   120   120.000084635451
407   1.27629821881021e-06   -2500.00352315974   4988.82033652746    33.2415975835425   120   120.000084640492
408   1.25422361218599e-06   -2500.00352348292   4988.82033715383    33.2415975871343   120   120.000084645344
409   1.23253081075519e-06   -2500.00352379437   4988.82033775746    33.2415975905922   120   120.000084650014
410   1.21121321112353e-06   -2500.00352409451   4988.82033833915    33.2415975939209   120   120.00008465451
411   1.19026432339229e-06   -2500.00352438373   4988.82033889968    33.2415975971253   120   120.000084658835
412   1.16967776973046e-06   -2500.00352466244   4988.82033943977    33.2415976002095   120   120.000084662998
413   1.14944728356854e-06   -2500.00352493098   4988.82033996016    33.2415976031781   120   120.000084667005
414   1.12956670654427e-06   -2500.00352518973   4988.82034046156    33.241597606035   120   120.000084670859
415   1.11002998503344e-06   -2500.00352543903   4988.82034094462    33.2415976087843   120   120.000084674567
416   1.09083117316266e-06   -2500.00352567921   4988.82034141001    33.24159761143   120   120.000084678135
417   1.0719644255223e-06   -2500.0035259106   4988.82034185833    33.2415976139755   120   120.000084681567
418   1.05342399835185e-06   -2500.0035261335   4988.8203422902    33.2415976164247   120   120.000084684868
419   1.03520424829525e-06   -2500.00352634822   4988.82034270619    33.2415976187809   120   120.000084688042
420   1.01729962827283e-06   -2500.00352655505   4988.82034310688    33.2415976210475   120   120.000084691096
421   9.99704687442198e-07   -2500.00352675427   4988.82034349281    33.2415976232277   120   120.000084694032
422   9.8241406967376e-07   -2500.00352694615   4988.82034386451    33.2415976253247   120   120.000084696855
423   9.65422511470194e-07   -2500.00352713094   4988.82034422246    33.2415976273413   120   120.00008469957
424   9.48724840119767e-07   -2500.00352730891   4988.82034456716    33.2415976292806   120   120.000084702179
425   9.32315972696861e-07   -2500.00352748029   4988.82034489911    33.2415976311454   120   120.000084704688
426   9.1619091300212e-07   -2500.00352764531   4988.82034521871    33.2415976329382   120   120.000084707098
427   9.00344753111197e-07   -2500.00352780421   4988.82034552645    33.2415976346618   120   120.000084709416
428   8.8477266864619e-07   -2500.00352795721   4988.82034582273    33.2415976363187   120   120.000084711642
429   8.69469919245276e-07   -2500.0035281045   4988.82034610794    33.2415976379111   120   120.000084713782
430   8.54431845955686e-07   -2500.0035282463   4988.82034638252    33.2415976394416   120   120.000084715837
431   8.39653871872206e-07   -2500.0035283828   4988.82034664682    33.2415976409124   120   120.000084717812
432   8.25131497596189e-07   -2500.00352851419   4988.82034690121    33.2415976423256   120   120.000084719708
433   8.10860302002685e-07   -2500.00352864066   4988.82034714605    33.2415976436833   120   120.000084721529
434   7.9683594051167e-07   -2500.00352876238   4988.82034738169    33.2415976449876   120   120.000084723279
435   7.83054144461595e-07   -2500.00352887951   4988.82034760843    33.2415976462404   120   120.000084724958
436   7.69510717972611e-07   -2500.00352899224   4988.82034782662    33.2415976474435   120   120.00008472657
437   7.56201538085598e-07   -2500.0035291007   4988.82034803657    33.241597648599   120   120.000084728117
438   7.43122553428979e-07   -2500.00352920506   4988.82034823855    33.2415976497083   120   120.000084729603
439   7.30269782386548e-07   -2500.00352930546   4988.82034843285    33.2415976507733   120   120.000084731027
440   7.17639311728076e-07   -2500.00352940205   4988.82034861977    33.2415976517956   120   120.000084732395
441   7.05227297525462e-07   -2500.00352949497   4988.82034879954    33.2415976527768   120   120.000084733707
442   6.93029960639007e-07   -2500.00352958433   4988.82034897246    33.2415976537183   120   120.000084734965
443   6.810435881247e-07   -2500.00352967028   4988.82034913875    33.2415976546217   120   120.000084736172
444   6.6926453126073e-07   -2500.00352975294   4988.82034929865    33.2415976554883   120   120.000084737328
445   6.57689203767308e-07   -2500.00352983242   4988.8203494524    33.2415976563196   120   120.000084738437
446   6.46314082177888e-07   -2500.00352990884   4988.82034960022    33.2415976571168   120   120.0000847395
447   6.35135703533579e-07   -2500.00352998232   4988.82034974233    33.2415976578811   120   120.000084740519
448   6.24150665551626e-07   -2500.00353005295   4988.82034987892    33.2415976586139   120   120.000084741495
449   6.13355623042315e-07   -2500.00353012084   4988.82035001022    33.2415976593163   120   120.000084742429
450   6.02747290764041e-07   -2500.0035301861   4988.82035013638    33.2415976599894   120   120.000084743325
451   5.92322439095423e-07   -2500.0035302488   4988.82035025762    33.2415976606343   120   120.000084744182
452   5.82077894420572e-07   -2500.00353030906   4988.82035037413    33.2415976612521   120   120.000084745003
453   5.72010538036491e-07   -2500.00353036696   4988.82035048604    33.2415976618438   120   120.000084745788
454   5.62117305435183e-07   -2500.00353042258   4988.82035059354    33.2415976624103   120   120.00008474654
455   5.52395184468556e-07   -2500.00353047601   4988.82035069681    33.2415976629527   120   120.000084747259
456   5.42841216396741e-07   -2500.00353052733   4988.82035079598    33.2415976634718   120   120.000084747946
457   5.33452491905293e-07   -2500.00353057661   4988.8203508912    33.2415976639686   120   120.000084748604
458   5.2422615353374e-07   -2500.00353062393   4988.82035098262    33.2415976644437   120   120.000084749232
459   5.15159392711365e-07   -2500.00353066937   4988.82035107039    33.2415976648982   120   120.000084749833
460   5.06249448933093e-07   -2500.00353071298   4988.82035115464    33.2415976653328   120   120.000084750406
461   4.97493609837813e-07   -2500.00353075485   4988.8203512355    33.2415976657482   120   120.000084750954
462   4.88889210383997e-07   -2500.00353079502   4988.82035131307    33.2415976661451   120   120.000084751477
463   4.80433630754918e-07   -2500.00353083357   4988.82035138751    33.2415976665243   120   120.000084751976
464   4.72124297560978e-07   -2500.00353087056   4988.82035145891    33.2415976668864   120   120.000084752452
465   4.6395868079027e-07   -2500.00353090604   4988.8203515274    33.2415976672321   120   120.000084752906
466   4.5593429497616e-07   -2500.00353094006   4988.82035159307    33.2415976675621   120   120.000084753339
467   4.48048697346086e-07   -2500.00353097269   4988.82035165604    33.2415976678769   120   120.000084753752
468   4.40299487041331e-07   -2500.00353100397   4988.8203517164    33.2415976681772   120   120.000084754145
469   4.32684305993864e-07   -2500.00353103397   4988.82035177426    33.2415976684634   120   120.000084754519
470   4.25200835091135e-07   -2500.00353106271   4988.82035182969    33.2415976687362   120   120.000084754875
471   4.17846796450381e-07   -2500.00353109025   4988.82035188281    33.2415976689961   120   120.000084755214
472   4.10619951530054e-07   -2500.00353111664   4988.82035193368    33.2415976692435   120   120.000084755536
473   4.03518100770712e-07   -2500.00353114191   4988.82035198241    33.2415976694789   120   120.000084755841
474   3.96539081762486e-07   -2500.00353116612   4988.82035202906    33.241597669703   120   120.000084756132
475   3.89680769870878e-07   -2500.00353118929   4988.82035207373    33.241597669916   120   120.000084756408
476   3.82941077676672e-07   -2500.00353121147   4988.82035211647    33.2415976701184   120   120.00008475667
477   3.76317953359797e-07   -2500.0035312327   4988.82035215736    33.2415976703106   120   120.000084756918
478   3.69809381091189e-07   -2500.00353125301   4988.82035219647    33.2415976704932   120   120.000084757153
479   3.63413378748813e-07   -2500.00353127244   4988.82035223389    33.2415976706663   120   120.000084757375
480   3.5712800027475e-07   -2500.00353129102   4988.82035226964    33.2415976708305   120   120.000084757585
481   3.50951332039854e-07   -2500.00353130879   4988.82035230383    33.241597670986   120   120.000084757785
482   3.44881493258438e-07   -2500.00353132576   4988.8203523365    33.2415976711332   120   120.000084757973
483   3.38916636976699e-07   -2500.00353134198   4988.82035236771    33.2415976712725   120   120.00008475815
484   3.33054947076107e-07   -2500.00353135748   4988.8203523975    33.2415976714042   120   120.000084758317
485   3.27294638931321e-07   -2500.00353137227   4988.82035242595    33.2415976715286   120   120.000084758474
486   3.21633959342932e-07   -2500.00353138639   4988.82035245308    33.2415976716459   120   120.000084758622
487   3.16071184848685e-07   -2500.00353139987   4988.82035247899    33.2415976717566   120   120.000084758761
488   3.10604622529938e-07   -2500.00353141272   4988.82035250368    33.2415976718608   120   120.000084758891
489   3.05232607971769e-07   -2500.00353142498   4988.82035252722    33.2415976719588   120   120.000084759014
490   2.99953506518121e-07   -2500.00353143667   4988.82035254964    33.2415976720509   120   120.000084759128
491   2.94765709492982e-07   -2500.0035314478   4988.82035257101    33.2415976721373   120   120.000084759235
492   2.89667639555169e-07   -2500.0035314584   4988.82035259135    33.2415976722183   120   120.000084759334
493   2.84657743827921e-07   -2500.0035314685   4988.82035261071    33.2415976722941   120   120.000084759427
494   2.79734497345793e-07   -2500.0035314781   4988.82035262912    33.2415976723649   120   120.000084759513
495   2.74896401808976e-07   -2500.00353148724   4988.82035264662    33.241597672431   120   120.000084759593
496   2.70141983568923e-07   -2500.00353149592   4988.82035266325    33.2415976724925   120   120.000084759666
497   2.65469796742435e-07   -2500.00353150418   4988.82035267904    33.2415976725496   120   120.000084759735
498   2.60878417403547e-07   -2500.00353151201   4988.82035269404    33.2415976726025   120   120.000084759797
499   2.56366449572444e-07   -2500.00353151945   4988.82035270826    33.2415976726515   120   120.000084759854
500   2.51932518938217e-07   -2500.0035315265   4988.82035272173    33.2415976726966   120   120.000084759906
501   2.47575275254037e-07   -2500.00353153318   4988.8203527345    33.2415976727381   120   120.000084759953
502   2.43293393294582e-07   -2500.00353153951   4988.82035274658    33.2415976727761   120   120.000084759996
503   2.39085568399451e-07   -2500.0035315455   4988.820352758    33.2415976728107   120   120.000084760034
504   2.34950520835358e-07   -2500.00353155117   4988.82035276881    33.2415976728422   120   120.000084760068
505   2.30886990880157e-07   -2500.00353155653   4988.82035277901    33.2415976728706   120   120.000084760098
506   2.26893742134433e-07   -2500.00353156158   4988.82035278862    33.2415976728961   120   120.000084760124
507   2.22969559034563e-07   -2500.00353156635   4988.82035279769    33.2415976729189   120   120.000084760147
508   2.19113246637119e-07   -2500.00353157084   4988.82035280623    33.241597672939   120   120.000084760167
509   2.15323631456222e-07   -2500.00353157507   4988.82035281426    33.2415976729566   120   120.000084760182
510   2.1159955977288e-07   -2500.00353157905   4988.82035282181    33.2415976729718   120   120.000084760195
511   2.0793989789975e-07   -2500.00353158278   4988.82035282888    33.2415976729847   120   120.000084760205
512   2.04343531959945e-07   -2500.00353158629   4988.82035283551    33.2415976729955   120   120.000084760212
513   2.0080936653917e-07   -2500.00353158957   4988.82035284171    33.2415976730041   120   120.000084760216
514   1.97336327423886e-07   -2500.00353159263   4988.8203528475    33.2415976730108   120   120.000084760218
515   1.9392335509231e-07   -2500.0035315955   4988.82035285289    33.2415976730156   120   120.000084760218
516   1.90569412619253e-07   -2500.00353159817   4988.82035285791    33.2415976730187   120   120.000084760215
517   1.8727347821053e-07   -2500.00353160065   4988.82035286257    33.2415976730201   120   120.000084760209
518   1.84034548568114e-07   -2500.00353160295   4988.82035286688    33.2415976730198   120   120.000084760202
519   1.80851637775477e-07   -2500.00353160509   4988.82035287087    33.2415976730181   120   120.000084760193
520   1.77723777030079e-07   -2500.00353160706   4988.82035287455    33.2415976730148   120   120.000084760182
521   1.74650014445411e-07   -2500.00353160887   4988.82035287792    33.2415976730103   120   120.000084760169
522   1.71629413561756e-07   -2500.00353161053   4988.820352881    33.2415976730044   120   120.000084760154
523   1.68661055873005e-07   -2500.00353161206   4988.82035288382    33.2415976729974   120   120.000084760138
524   1.65744036820099e-07   -2500.00353161344   4988.82035288637    33.2415976729891   120   120.000084760121
525   1.62877469241797e-07   -2500.0035316147   4988.82035288866    33.2415976729797   120   120.000084760102
526   1.60060480127231e-07   -2500.00353161583   4988.82035289073    33.2415976729694   120   120.000084760082
527   1.57292212740965e-07   -2500.00353161684   4988.82035289256    33.241597672958   120   120.000084760061
528   1.54571823139636e-07   -2500.00353161774   4988.82035289417    33.2415976729458   120   120.000084760038
529   1.51898484062894e-07   -2500.00353161853   4988.82035289559    33.2415976729327   120   120.000084760015
530   1.49271381405867e-07   -2500.00353161922   4988.8203528968    33.2415976729187   120   120.00008475999
531   1.46689715746023e-07   -2500.00353161981   4988.82035289782    33.241597672904   120   120.000084759964
532   1.44152701324064e-07   -2500.00353162031   4988.82035289867    33.2415976728886   120   120.000084759938
533   1.41659565427476e-07   -2500.00353162072   4988.82035289934    33.2415976728726   120   120.000084759911
534   1.39209549161496e-07   -2500.00353162105   4988.82035289986    33.2415976728559   120   120.000084759883
535   1.36801906885294e-07   -2500.00353162129   4988.82035290022    33.2415976728386   120   120.000084759854
536   1.34435906227664e-07   -2500.00353162146   4988.82035290043    33.2415976728208   120   120.000084759825
537   1.3211082605667e-07   -2500.00353162156   4988.8203529005    33.2415976728025   120   120.000084759795
538   1.29825959329066e-07   -2500.00353162159   4988.82035290045    33.2415976727837   120   120.000084759765
539   1.27580609914837e-07   -2500.00353162155   4988.82035290026    33.2415976727645   120   120.000084759734
540   1.25374095029336e-07   -2500.00353162145   4988.82035289996    33.2415976727449   120   120.000084759702
541   1.23205742835345e-07   -2500.00353162129   4988.82035289956    33.2415976727249   120   120.00008475967
542   1.21074892358228e-07   -2500.00353162107   4988.82035289903    33.2415976727046   120   120.000084759638
543   1.18980896333132e-07   -2500.00353162081   4988.82035289841    33.241597672684   120   120.000084759605
544   1.16923116508714e-07   -2500.00353162049   4988.82035289771    33.2415976726631   120   120.000084759572
545   1.14900926426873e-07   -2500.00353162013   4988.82035289689    33.241597672642   120   120.000084759539
546   1.12913711316802e-07   -2500.00353161972   4988.82035289601    33.2415976726207   120   120.000084759506
547   1.10960865493264e-07   -2500.00353161927   4988.82035289504    33.2415976725991   120   120.000084759473
548   1.09041795085351e-07   -2500.00353161878   4988.820352894    33.2415976725774   120   120.000084759439
549   1.07155915459752e-07   -2500.00353161825   4988.82035289288    33.2415976725555   120   120.000084759405
550   1.05302652903612e-07   -2500.00353161769   4988.8203528917    33.2415976725335   120   120.000084759371
551   1.0348144310055e-07   -2500.00353161709   4988.82035289047    33.2415976725113   120   120.000084759337
552   1.01691731306273e-07   -2500.00353161647   4988.82035288916    33.2415976724891   120   120.000084759303
553   9.99329730593302e-08   -2500.00353161581   4988.82035288781    33.2415976724669   120   120.000084759269
