# iter   OP_error_   E_class   E_quant    mu_   Total_Particles   OPs_.total_Den
0   0.663897377119548   -3289.62146449411   5399.9909899006    62.6564711686092   120   121.683722620136
1   0.103646820793936   -3115.19429462288   6580.08130834903    62.436750843092   120   120.673475374684
2   0.068282948376174   -3307.17991037074   6900.43507805235    62.9637367208445   120   120.299623099515
3   0.0453784898425675   -3621.96516255408   7432.73219906583    63.6384629739431   120   119.951762525481
4   0.0276626532273544   -3926.43024099721   7961.58664250547    64.4152067591648   120   119.878570194328
5   0.0205348722549031   -4088.57780899807   8245.24397680254    64.880528067255   120   119.977134150454
6   0.0157512975538728   -4204.44622749253   8454.05123768692    65.1978711594526   120   120.013664038035
7   0.0121752986306629   -4299.52783153975   8629.03869413643    65.4482206380515   120   120.027217713711
8   0.00947388653852172   -4377.88912835333   8775.51933480509    65.6495595550155   120   120.030532045471
9   0.00739477599883129   -4443.74715309412   8900.03225435542    65.8162936229205   120   120.030202465484
10   0.00577156621109435   -4499.91605688225   9007.17579946046    65.957243042828   120   120.028632513188
11   0.00449230430776805   -4548.33052836013   9100.19377008527    66.0781014771651   120   120.026826280754
12   0.00347976246792847   -4590.35504063087   9181.39075334541    66.1824411157627   120   120.025150536013
13   0.0026780734103921   -4626.95169904403   9252.46939574865    66.2729414775822   120   120.023460685191
14   0.00204690667093874   -4658.85520438219   9314.7130760669    66.351612363788   120   120.021838749937
15   0.0015601616377786   -4683.47936609925   9364.05135101818    66.4050428572262   120   120.006110559132
16   0.00114983723534966   -4709.23790934626   9414.69029194918    66.4678655171399   120   120.004025907016
17   0.00084825040321309   -4732.02417464389   9459.61542370091    66.5233236482163   120   120.002164317566
18   0.000760303268550561   -4739.9260393526   9475.37876096899    66.5413974590052   120   119.999443786418
19   0.000722626642445336   -4743.44570026936   9482.26847841973    66.5504362490064   120   120.000034347278
20   0.000684488308312134   -4747.25999065343   9489.77979534892    66.5599206807319   120   120.000113032101
21   0.000648452048616359   -4751.09562539304   9497.33657714485    66.5692930842502   120   120.000052424774
22   0.000616532912747997   -4754.77714457515   9504.60735664089    66.5783306544601   120   119.999923176334
23   0.000589419740654858   -4758.17742606132   9511.31853283279    66.5866986333829   120   119.999869346402
24   0.000566988362333828   -4761.22892989268   9517.33526286085    66.5941737286608   120   119.999849173791
25   0.00054852781399838   -4763.92765745091   9522.65851406672    66.6007559435814   120   119.99980113571
26   0.000533158418965459   -4766.31950549947   9527.39027758049    66.6066686666214   120   119.999730896099
27   0.000520166070817269   -4768.46970253153   9531.62868972735    66.6119116643835   120   119.999722423036
28   0.000512759701073795   -4768.66658501972   9532.00091959879    66.6124681143442   120   119.999870722806
29   0.00050602114435041   -4768.85063532593   9532.36406631937    66.6130246435475   120   119.999930473159
30   0.000499339442244367   -4769.03180042121   9532.70538025648    66.6134694457645   120   120.000019764282
31   0.000492778944439376   -4769.20043888038   9533.03795907684    66.6139142969321   120   120.000019806736
32   0.000486362309629178   -4769.36633992518   9533.34929412758    66.614247422752   120   120.000047214492
33   0.000480038591938962   -4769.52003837631   9533.65242557293    66.6145805935529   120   119.999985376622
34   0.000473799178210652   -4769.67125366249   9533.96074162768    66.6150256027624   120   119.999950176675
35   0.000467706871134527   -4769.82607521357   9534.24859495077    66.6153588900428   120   120.000014328942
36   0.000461698471139936   -4769.96789366571   9534.5288419336    66.6156922170411   120   119.999975036749
37   0.000455792562085838   -4770.10774771141   9534.80193143537    66.6160255956124   120   119.999964249046
38   0.000449982729742522   -4770.24369791868   9535.06800684795    66.6163590221561   120   119.999957151057
39   0.000444266949474423   -4770.37621846449   9535.32726188118    66.6166924959618   120   119.999958127349
40   0.000438642672395896   -4770.50533075776   9535.5798748715    66.6170260158233   120   119.999966129307
41   0.000433107528536547   -4770.63113757927   9535.82602114551    66.6173595806631   120   119.999981127285
42   0.000427659226211122   -4770.75372361969   9536.06587091149    66.6176931894151   120   120.000002907823
43   0.000422319875738481   -4770.87317411672   9536.28663439287    66.6179150577678   120   120.000031297718
44   0.000417046955095231   -4770.98179695586   9536.5013373661    66.6181369583116   120   119.999971549435
45   0.000411834740084861   -4771.08894810745   9536.72330480631    66.6184706844548   120   119.99993557079
46   0.000406712718352545   -4771.20075176062   9536.93978308978    66.6188044596039   120   119.999996896084
47   0.000401687098537844   -4771.30832907866   9537.13775838849    66.6190264888293   120   120.000047174881
48   0.000396723194310729   -4771.40564719735   9537.33027961895    66.6192485467953   120   120.000011828788
49   0.000391833915161754   -4771.50174395194   9537.51769212105    66.6194706433723   120   119.999999037223
50   0.000387014978472727   -4771.59501815199   9537.70009347609    66.6196927757186   120   119.999988469956
51   0.000382265141374682   -4771.68584878539   9537.87762296233    66.6199149433689   120   119.999983746353
52   0.000377582789996674   -4771.77424362998   9538.05040796619    66.6201371454435   120   119.999984026421
53   0.000372966424811532   -4771.86027760512   9538.21857405069    66.6203593811636   120   119.999989305937
54   0.000368414592116661   -4771.94401110011   9538.38224320136    66.6205816497551   120   119.999999429045
55   0.000363925889526405   -4772.02550526404   9538.54153426416    66.6208039504658   120   120.000014272293
56   0.000359498963336717   -4772.10481920899   9538.69656297197    66.6210262825615   120   120.000033710179
57   0.000355151789180713   -4772.18201058579   9538.83448323    66.6211368620818   120   120.000057621464
58   0.000350850437980512   -4772.24935899909   9538.96827390704    66.6212474618889   120   119.99999129799
59   0.000346592016587043   -4772.31619789919   9539.11121169261    66.6214698756675   120   119.999946733613
60   0.000342399495020382   -4772.38862699008   9539.25049058002    66.6216923271396   120   119.999997513029
61   0.000338278492965503   -4772.45774090142   9539.37304817658    66.6218030216779   120   120.000035311735
62   0.000334201089262254   -4772.5174829246   9539.49189138183    66.6219137341911   120   119.999985601466
63   0.000330164369927225   -4772.57687042547   9539.6202795813    66.6221362580524   120   119.999956633363
64   0.000326202075091092   -4772.64205596838   9539.73243695011    66.6222470338876   120   120.00002270417
65   0.000322280872911282   -4772.69634047302   9539.84112131786    66.6223578238975   120   119.999980768057
66   0.000318399389667451   -4772.75072136054   9539.95963014516    66.6225804238573   120   119.999963048966
67   0.000314585990187571   -4772.81097783535   9540.06217123997    66.6226912740048   120   120.000039383035
68   0.00031081277374729   -4772.86047570345   9540.16149794956    66.6228021366554   120   120.000007559319
69   0.000307088764421458   -4772.9101967101   9540.25794029535    66.6229130243825   120   119.999999659815
70   0.000303411039691439   -4772.95814149071   9540.35153117855    66.6230239342329   120   119.999990956141
71   0.000299779067037287   -4773.00472987682   9540.44235634119    66.623134866148   120   119.999985960906
72   0.000296192030860286   -4773.04992933274   9540.53048933887    66.6232458195459   120   119.999983736066
73   0.000292649177315422   -4773.09379052702   9540.61600370019    66.6233567939552   120   119.999984362728
74   0.000289149771873667   -4773.13634746256   9540.69897072376    66.6234677888971   120   119.999987734277
75   0.000285693101676093   -4773.17763613833   9540.77945994634    66.6235788039068   120   119.999993781469
76   0.000282278474873452   -4773.21769109617   9540.85753911197    66.6236898385292   120   120.000002430366
77   0.000278905219596556   -4773.25654609328   9540.93327423258    66.6238008923196   120   120.000013610131
78   0.000275572683214333   -4773.29423400395   9541.00672962977    66.6239119648431   120   120.000027251514
79   0.000272293752826617   -4773.33078686437   9541.06500620914    66.6239112724641   120   120.000043287079
80   0.000269032166546424   -4773.35845759663   9541.13399989142    66.6240223715001   120   119.999967046078
81   0.000265818054747606   -4773.39433642154   9541.20110631511    66.6241334991583   120   120.000005207131
82   0.000262654021761223   -4773.42743980344   9541.25317185349    66.6241328586327   120   120.000024658972
83   0.00025950823387944   -4773.45207211143   9541.31613491127    66.6242440087138   120   119.999955547531
84   0.000256406805443751   -4773.48493856835   9541.37737760848    66.6243551861835   120   119.999999931677
85   0.000253352769743318   -4773.51512456274   9541.42374350643    66.6243545943474   120   120.000025564508
86   0.000250317760795315   -4773.53691898397   9541.48116699043    66.6244657919997   120   119.999962435924
87   0.000247324209639396   -4773.56702773861   9541.53702574403    66.6245770159534   120   120.000012642058
88   0.000244375526106692   -4773.5945334154   9541.57815922248    66.6245764695385   120   120.000043931554
89   0.000241454062491776   -4773.61372299935   9541.61753585608    66.6245759283673   120   119.999986299994
90   0.000238560833073942   -4773.63352197135   9541.66836569309    66.6246871859916   120   119.999947241107
91   0.00023570423573937   -4773.66007166016   9541.71778190133    66.6247984665912   120   120.000001258029
92   0.000232889224643961   -4773.68442186636   9541.75266348702    66.624797975882   120   120.000039900476
93   0.000230100901027501   -4773.7004896742   9541.78596611992    66.6247974890641   120   119.999988730243
94   0.000227340543060317   -4773.71726692192   9541.83089687241    66.6249087997963   120   119.99995607596
95   0.00022461367168206   -4773.74087987299   9541.87458384185    66.6250201322728   120   120.000016291066
96   0.000221925417339589   -4773.7623782991   9541.90390157976    66.6250196922417   120   120.000060957137
97   0.000219263436465266   -4773.77567661638   9541.93180169698    66.6250192549256   120   120.000015635254
98   0.000216633253762246   -4773.78976475976   9541.95852423189    66.6250188308134   120   119.99998866111
99   0.000214032954626289   -4773.80298792074   9541.98406752573    66.6250184176323   120   119.999959781224
100   0.000211459195130153   -4773.81567623481   9542.02143683237    66.6251297986827   120   119.999932728488
101   0.000208914612652138   -4773.83556803793   9542.05779046199    66.6252412001325   120   120.000001373976
102   0.000206404635689072   -4773.85340866019   9542.0799902352    66.6252408274082   120   120.00005366384
103   0.000203920458596308   -4773.86316579506   9542.10098365301    66.6252404558314   120   120.0000158443
104   0.000201465676424947   -4773.87381624867   9542.12100489212    66.6252400959135   120   119.999996132166
105   0.000199038714423622   -4773.88370432065   9542.14004696257    66.6252397454164   120   119.99997430225
106   0.000196639406070404   -4773.89315712451   9542.15814684285    66.6252394044811   120   119.999954088982
107   0.000194267409056476   -4773.90213140329   9542.17533237001    66.6252390728117   120   119.99993475824
108   0.000191922188322936   -4773.91065252418   9542.2045954143    66.6253505333864   120   119.999916410544
109   0.000189600795762733   -4773.92651177286   9542.23308858055    66.6254620124874   120   119.999993604348
110   0.000187309187324746   -4773.94044045958   9542.2476668455    66.6254617155725   120   120.000054163803
111   0.0001850429721822   -4773.94640497516   9542.26127169832    66.6254614180016   120   120.000024365701
112   0.000182803339418555   -4773.95337877666   9542.27413104188    66.6254611303263   120   120.000012430824
113   0.000180589114581791   -4773.95970306754   9542.28623187854    66.6254608503458   120   119.999998140221
114   0.000178400108095623   -4773.96570197422   9542.29760531744    66.6254605782391   120   119.999985234747
115   0.000176236029288818   -4773.97132931391   9542.30827347216    66.6254603137467   120   119.999972986402
116   0.000174096603331247   -4773.97660760331   9542.31825937846    66.6254600566961   120   119.999961501703
117   0.000171981559075755   -4773.98154616584   9542.3275851644    66.6254598069033   120   119.999950732264
118   0.000169890629133382   -4773.98615641991   9542.33627240965    66.6254595641912   120   119.999940659373
119   0.000167823550076778   -4773.99044903561   9542.34434209659    66.625459328386   120   119.999931259532
120   0.000165780062189462   -4773.99443447412   9542.35181463674    66.625459099318   120   119.999922510867
121   0.000163759909386438   -4773.99812289579   9542.35870988307    66.6254588768212   120   119.999914391919
122   0.000161767364909004   -4774.00152418577   9542.37801062048    66.6255704439141   120   119.999906881847
123   0.00015978826548118   -4774.0124272728   9542.38389686658    66.6255702437652   120   119.999994574205
124   0.000157836268479664   -4774.01377915592   9542.38905366403    66.6255700385647   120   119.999970681831
125   0.000155907099114701   -4774.01660435347   9542.39374753907    66.6255698413788   120   119.999968259118
126   0.0001540000289828   -4774.01885683213   9542.39794935712    66.6255696495968   120   119.999962463376
127   0.000152114817750997   -4774.02092851789   9542.40168453515    66.6255694635326   120   119.999957907456
128   0.000150251238962596   -4774.02275624392   9542.40496776265    66.6255692829589   120   119.999953709795
129   0.000148409059251205   -4774.02436146856   9542.40781518706    66.6255691077531   120   119.999950014449
130   0.000146595117241808   -4774.02574959169   9542.42320568466    66.6256807209552   120   119.999946774702
131   0.000144788043418699   -4774.03470809285   9542.42531535756    66.6256805657659   120   120.000038594059
132   0.000143008557018024   -4774.03418191101   9542.42682561106    66.6256804043974   120   120.000018687624
133   0.000141249798167956   -4774.03519379285   9542.42799934343    66.6256802499429   120   120.000020114495
134   0.000139511372036243   -4774.03569588159   9542.42880389003    66.6256800998158   120   120.000018035528
135   0.000137793000666287   -4774.03607834891   9542.42926123218    66.6256799543542   120   120.000017067293
136   0.000136094488804354   -4774.03627631645   9542.42938270849    66.6256798133549   120   120.000016331839
137   0.000134415621926807   -4774.03630957345   9542.42918120106    66.6256796767182   120   120.00001597673
138   0.000132756193488254   -4774.03618189352   9542.42866887431    66.6256795443289   120   120.000015958672
139   0.00013111599782862   -4774.03589982415   9542.42785760746    66.6256794160774   120   120.000016270428
140   0.000129494831785157   -4774.03546918668   9542.42675892493    66.625679291856   120   120.000016898475
141   0.000127892494275245   -4774.03489573459   9542.42538401948    66.6256791715599   120   120.000017830889
142   0.00012630878633204   -4774.034185036   9542.42374375835    66.6256790550865   120   120.000019055865
143   0.000124743511048432   -4774.03334250059   9542.42184869206    66.6256789423355   120   120.000020561984
144   0.000123196473539144   -4774.03237337963   9542.41970906246    66.6256788332092   120   120.000022338147
145   0.000121667480903089   -4774.03128277081   9542.41733481074    66.6256787276118   120   120.000024373585
146   0.000120156342187719   -4774.03007562205   9542.41473558528    66.6256786254502   120   120.000026657842
147   0.000118662868354819   -4774.02875673546   9542.41192074924    66.6256785266332   120   120.000029180768
148   0.000117186872246336   -4774.02733077107   9542.40889938789    66.6256784310718   120   120.000031932513
149   0.000115728168555707   -4774.02580225056   9542.40568031599    66.625678338679   120   120.00003490352
150   0.000114286573794436   -4774.02417556087   9542.40227208479    66.62567824937   120   120.000038084514
151   0.000112861906266832   -4774.02245495771   9542.39868298887    66.625678163062   120   120.000041466497
152   0.00011145398603854   -4774.020644569   9542.39492107301    66.625678079674   120   120.00004504074
153   0.000110062634914789   -4774.0187483982   9542.39099413861    66.6256779991272   120   120.000048798777
154   0.00010868767641131   -4774.01677032763   9542.38690975022    66.6256779213444   120   120.000052732396
155   0.000107328935733095   -4774.01471412163   9542.38267524163    66.6256778462505   120   120.000056833634
156   0.000105986239748832   -4774.01258342965   9542.3782977222    66.625677773772   120   120.000061094772
157   0.000104659416970908   -4774.01038178934   9542.37378408258    66.6256777038373   120   120.000065508323
158   0.000103348297532545   -4774.00811262948   9542.36914100068    66.6256776363764   120   120.000070067032
159   0.000102052713168497   -4774.00577927288   9542.36437494719    66.625677571321   120   120.000074763868
160   0.000100772497194623   -4774.00338493921   9542.35949219128    66.6256775086047   120   120.000079592014
161   9.9507484489719e-05   -4774.00093274773   9542.35449880582    66.6256774481625   120   120.000084544869
162   9.82575114764435e-05   -4773.99842572   9542.3494006727    66.625677389931   120   120.000089616034
163   9.70304884165739e-05   -4773.99586678247   9542.33124007628    66.6255655506754   120   120.000094799314
164   9.58015918196998e-05   -4773.98547949954   9542.32586113817    66.6255654869915   120   120.000005475317
165   9.45945560354501e-05   -4773.98432884371   9542.32060258731    66.6255654364868   120   120.0000284043
166   9.34032274862397e-05   -4773.9814021907   9542.31522071462    66.6255653858803   120   120.000030508766
167   9.22259711578311e-05   -4773.97875688597   9542.30976695806    66.6255653375815   120   120.000036606165
168   9.10628470755787e-05   -4773.97601212912   9542.30423751475    66.6255652910761   120   120.000042060741
169   8.99136540812674e-05   -4773.97324183628   9542.29863869661    66.6255652463965   120   120.000047731152
170   8.87866752034981e-05   -4773.97043500586   9542.28001140141    66.6254534203025   120   120.000053451314
171   8.76559134553505e-05   -4773.95981715697   9542.27419853251    66.625453369401   120   119.999964633429
172   8.65462818025461e-05   -4773.95845213952   9542.26853783953    66.6254533313096   120   119.999988032391
173   8.54514596531683e-05   -4773.95532696597   9542.2627845126    66.6254532927561   120   119.999990573879
174   8.43696384915725e-05   -4773.95249839368   9542.25698896706    66.6254532561591   120   119.999997075754
175   8.33009119656418e-05   -4773.94958512598   9542.25114639559    66.6254532210132   120   120.000002903549
176   8.22450841992741e-05   -4773.94666057533   9542.24526213556    66.6254531873594   120   120.000008916919
177   8.120202325046e-05   -4773.94371325589   9542.23933948144    66.6254531551382   120   120.00001495082
178   8.01715860005451e-05   -4773.94074744377   9542.23338196225    66.6254531243101   120   120.00002103151
179   7.91536331599416e-05   -4773.93776440184   9542.2273929207    66.6254530948333   120   120.000027149715
180   7.81480262494664e-05   -4773.93476588417   9542.22137559586    66.6254530666676   120   120.000033302942
181   7.71546281858519e-05   -4773.93175348426   9542.21533311152    66.6254530397737   120   120.000039487576
182   7.6173303155211e-05   -4773.92872875854   9542.2092684822    66.6254530141134   120   120.000045700353
183   7.52039166273703e-05   -4773.92569320524   9542.20318461562    66.6254529896494   120   120.000051938084
184   7.42463353377003e-05   -4773.92264827019   9542.19708431591    66.6254529663454   120   120.000058197695
185   7.33004272839951e-05   -4773.91959534746   9542.19097028658    66.6254529441662   120   120.000064476223
186   7.23660617123276e-05   -4773.91653578108   9542.18484513326    66.6254529230772   120   120.00007077081
187   7.14431091101038e-05   -4773.91347086633   9542.17871136652    66.6254529030449   120   120.000077078701
188   7.05314411970752e-05   -4773.91040185122   9542.17257140472    66.6254528840366   120   120.000083397242
189   6.96411758197018e-05   -4773.90732993779   9542.15346440752    66.6253410828494   120   120.000089723873
190   6.87406245510259e-05   -4773.89647715974   9542.14723066417    66.6253410561049   120   120.000001443989
191   6.78603426643861e-05   -4773.89490649512   9542.14120616918    66.6253410414417   120   120.000025317706
192   6.69927347795328e-05   -4773.89160407716   9542.13514396165    66.6253410256056   120   120.000028274629
193   6.61355476555094e-05   -4773.88862554785   9542.12909250499    66.6253410110343   120   120.000035133555
194   6.5288955109201e-05   -4773.88558866195   9542.12304506831    66.6253409972399   120   120.0000412625
195   6.44639827331596e-05   -4773.88256586692   9542.10404202044    66.6252292011099   120   120.000047523025
196   6.3626033095106e-05   -4773.87176566593   9542.09792274683    66.6252291792543   120   119.999959140232
197   6.2808535661199e-05   -4773.870253202   9542.0920229678    66.6252291693195   120   119.999982903898
198   6.20031080996216e-05   -4773.86701401053   9542.08609524476    66.6252291580548   120   119.999985739394
199   6.12073841095928e-05   -4773.86410356634   9542.08018763301    66.6252291479023   120   119.999992466566
200   6.04215556502313e-05   -4773.86113941264   9542.07429299538    66.6252291383782   120   119.999998453813
201   5.96454447407265e-05   -4773.85819379534   9542.06841441372    66.6252291295454   120   120.000004563122
202   5.88789518530589e-05   -4773.85525410799   9542.06255299089    66.6252291213652   120   120.00001063185
203   5.81219636211502e-05   -4773.85232353522   9542.05671012803    66.6252291138188   120   120.000016688553
204   5.73743707012503e-05   -4773.84940228093   9542.0508871019    66.6252291068845   120   120.000022726199
205   5.66360642785482e-05   -4773.84649107082   9542.0450851459    66.6252291005416   120   120.000028744464
206   5.59069367343979e-05   -4773.84359050009   9542.03930543691    66.62522909477   120   120.000034741845
207   5.5186881509422e-05   -4773.84070115616   9542.0335490997    66.6252290895503   120   120.000040717125
208   5.44757931202423e-05   -4773.83782359672   9542.02781720806    66.6252290848633   120   120.000046669103
209   5.37735671459808e-05   -4773.83495835481   9542.02211078647    66.6252290806907   120   120.000052596635
210   5.3080100223702e-05   -4773.83210593877   9542.01643081148    66.6252290770144   120   120.000058498632
211   5.23952900376076e-05   -4773.82926683315   9542.01077821339    66.6252290738169   120   120.00006437405
212   5.17190353150475e-05   -4773.82644149947   9542.00515387754    66.6252290710813   120   120.000070221901
213   5.10512358161358e-05   -4773.82363037687   9541.99955864575    66.6252290687912   120   120.000076041237
214   5.03917923262911e-05   -4773.82083388284   9541.99399331775    66.6252290669303   120   120.000081831161
215   4.97406066508541e-05   -4773.81805241394   9541.98845865237    66.6252290654833   120   120.000087590819
216   4.9113193160561e-05   -4773.81528634638   9541.96999244912    66.6251172812641   120   120.000093319399
217   4.84616672590397e-05   -4773.80475706246   9541.9644328643    66.6251172709097   120   120.000004405269
218   4.78325001150354e-05   -4773.80352639027   9541.95911483225    66.6251172720754   120   120.000027606525
219   4.72136195224424e-05   -4773.80058005661   9541.95378977053    66.6251172715221   120   120.000029858175
220   4.66022389213359e-05   -4773.79797281136   9541.94850474966    66.6251172717026   120   120.000035978672
221   4.59986099079331e-05   -4773.79532175157   9541.94325165546    66.6251172721438   120   120.000041338116
222   4.54025686284429e-05   -4773.79269862592   9541.9380326276    66.6251172729186   120   120.000046799366
223   4.48317118926742e-05   -4773.79009036179   9541.91988500014    66.625005490828   120   120.000052200806
224   4.42319989542137e-05   -4773.77972075322   9541.91464661786    66.6250054825146   120   119.999962961393
225   4.36559339730075e-05   -4773.77865095875   9541.90965230465    66.6250054856357   120   119.999985832972
226   4.30896402082705e-05   -4773.77586677279   9541.90465323743    66.6250054869547   120   119.999987752734
227   4.25302175577313e-05   -4773.77342278726   9541.89969629414    66.625005488927   120   119.999993538706
228   4.19779291056791e-05   -4773.77093601518   9541.89477316743    66.625005491082   120   119.999998561374
229   4.14326162395492e-05   -4773.76847810609   9541.88988581175    66.6250054934948   120   120.000003683753
230   4.08942090030954e-05   -4773.76603589604   9541.88503423757    66.6250054961395   120   120.000008744436
231   4.03626217313583e-05   -4773.76361202546   9541.88021878898    66.6250054990092   120   120.00001377312
232   3.98377728464481e-05   -4773.76120617254   9541.87543971978    66.6250055020939   120   120.00001876389
233   3.93195810453565e-05   -4773.75881855406   9541.87069727362    66.6250055053844   120   120.000023717499
234   3.8807966021698e-05   -4773.7564492729   9541.86599166995    66.6250055088717   120   120.000028633489
235   3.83028483187739e-05   -4773.7540984402   9541.86132310746    66.6250055125472   120   120.000033511654
236   3.78041493490653e-05   -4773.75176615303   9541.85669176444    66.6250055164025   120   120.000038351767
237   3.73117913815265e-05   -4773.749452499   9541.85209779957    66.6250055204293   120   120.00004315363
238   3.68256975354435e-05   -4773.74715755579   9541.84754135249    66.6250055246198   120   120.000047917067
239   3.63457917731474e-05   -4773.74488139172   9541.84302254455    66.6250055289663   120   120.00005264192
240   3.58719988921863e-05   -4773.74262406598   9541.83854147953    66.6250055334614   120   120.000057328051
241   3.54042445196472e-05   -4773.74038562901   9541.83409824425    66.6250055380979   120   120.000061975339
242   3.49424551027774e-05   -4773.73816612281   9541.82969290902    66.6250055428688   120   120.000066583684
243   3.44865579030659e-05   -4773.73596558124   9541.82532552854    66.6250055477672   120   120.000071153002
244   3.40364809895692e-05   -4773.73378403032   9541.82099614225    66.6250055527868   120   120.000075683225
245   3.35921532319432e-05   -4773.73162148853   9541.81670477502    66.6250055579212   120   120.000080174301
246   3.31535042906033e-05   -4773.72947796709   9541.8124514376    66.6250055631641   120   120.000084626194
247   3.27204646127575e-05   -4773.72735347023   9541.80823612728    66.6250055685097   120   120.000089038884
248   3.23199809006329e-05   -4773.72524799547   9541.79109615007    66.6248937907813   120   120.000093412362
249   3.18701598501557e-05   -4773.71538270452   9541.78686839816    66.6248937866253   120   120.000003137013
250   3.14507812724712e-05   -4773.71481871095   9541.78288755743    66.6248937937058   120   120.000024968143
251   3.10397648734473e-05   -4773.71254173528   9541.77890423931    66.6248937987922   120   120.000025845147
252   3.06337209200643e-05   -4773.71060604467   9541.77496490418    66.6248938043458   120   120.000030585379
253   3.02329523617074e-05   -4773.70862846652   9541.7710608199    66.6248938099017   120   120.000034560163
254   2.9837315578076e-05   -4773.70668043245   9541.76719353587    66.624893815541   120   120.000038632859
255   2.94467617861794e-05   -4773.70474857897   9541.76336267193    66.6248938212431   120   120.000042642515
256   2.90612253520765e-05   -4773.70283535192   9541.75956819637    66.6248938270063   120   120.000046619235
257   2.86806447097143e-05   -4773.70094024286   9541.7558100016    66.624893832826   120   120.000050557502
258   2.83370540408419e-05   -4773.69906328892   9541.73912537249    66.624782055527   120   120.000054458454
259   2.79334784095235e-05   -4773.68942563116   9541.73535096183    66.6247820517575   120   119.999963712698
260   2.75644529365381e-05   -4773.68908824369   9541.73182149092    66.624782059183   120   119.999985074747
261   2.72033537568777e-05   -4773.68703689607   9541.7282874552    66.6247820645742   120   119.999985485029
262   2.68466132924539e-05   -4773.6853257761   9541.72479524717    66.624782070394   120   119.999989760518
263   2.64945383108136e-05   -4773.68357168627   9541.7213360626    66.6247820761789   120   119.999993272759
264   2.61469916794431e-05   -4773.68184601991   9541.71791138363    66.6247820820112   120   119.999996885151
265   2.58039315461191e-05   -4773.6801353808   9541.71452076597    66.6247820878716   120   120.000000436822
266   2.54652991309472e-05   -4773.67844218287   9541.71116411719    66.6247820937599   120   120.000003957943
267   2.51310396539952e-05   -4773.67676588756   9541.707841272    66.6247820996724   120   120.000007443062
268   2.48010983453294e-05   -4773.67510650344   9541.70455207194    66.6247821056063   120   120.000010893379
269   2.44754211943052e-05   -4773.67346393364   9541.70129635074    66.6247821115588   120   120.000014308861
270   2.41539547996474e-05   -4773.67183809773   9541.69807393736    66.624782117527   120   120.000017689712
271   2.3836646391551e-05   -4773.67022890915   9541.69488465582    66.6247821235084   120   120.000021036096
272   2.35234438175829e-05   -4773.66863627955   9541.6917283255    66.6247821295002   120   120.000024348194
273   2.32142955403446e-05   -4773.66706011818   9541.68860476135    66.6247821355001   120   120.000027626187
274   2.2909150628256e-05   -4773.6655003321   9541.68551377414    66.6247821415057   120   120.000030870265
275   2.26079587516789e-05   -4773.66395682631   9541.68245517064    66.6247821475147   120   120.000034080618
276   2.23106701767618e-05   -4773.66242950384   9541.67942875396    66.6247821535249   120   120.000037257443
277   2.20172357561893e-05   -4773.66091826587   9541.67643432365    66.6247821595341   120   120.000040400941
278   2.17276069274881e-05   -4773.65942301183   9541.67347167595    66.6247821655404   120   120.000043511316
279   2.14417357040164e-05   -4773.65794363953   9541.67054060397    66.6247821715419   120   120.000046588775
280   2.11595746696573e-05   -4773.65648004522   9541.66764089785    66.6247821775364   120   120.000049633529
281   2.08810769734136e-05   -4773.65503212369   9541.6647723451    66.6247821835224   120   120.000052645793
282   2.06061963234557e-05   -4773.6535997684   9541.66193473061    66.6247821894981   120   120.000055625784
283   2.03348869807194e-05   -4773.65218287153   9541.65912783686    66.6247821954618   120   120.000058573722
284   2.00671037527398e-05   -4773.65078132408   9541.65635144415    66.6247822014119   120   120.00006148983
285   1.98028019898272e-05   -4773.64939501596   9541.65360533065    66.6247822073469   120   120.000064374331
286   1.9541937576609e-05   -4773.64802383606   9541.65088927276    66.6247822132653   120   120.000067227454
287   1.92844669289867e-05   -4773.64666767234   9541.64820304499    66.6247822191657   120   120.000070049429
288   1.90303469861619e-05   -4773.64532641188   9541.64554642037    66.6247822250467   120   120.000072840484
289   1.87795352067426e-05   -4773.64399994098   9541.64291917037    66.6247822309072   120   120.000075600855
290   1.85319895626691e-05   -4773.64268814523   9541.64032106519    66.6247822367458   120   120.000078330775
291   1.82876685328747e-05   -4773.64139090954   9541.63775187379    66.6247822425614   120   120.000081030481
292   1.80465310989515e-05   -4773.64010811827   9541.63521136409    66.6247822483529   120   120.000083700209
293   1.78085367393031e-05   -4773.63883965524   9541.63269930311    66.6247822541191   120   120.000086340199
294   1.75736454235329e-05   -4773.63758540378   9541.63021545692    66.6247822598591   120   120.000088950689
295   1.73418176069642e-05   -4773.63634524684   9541.62775959099    66.624782265572   120   120.000091531921
296   1.71130142268928e-05   -4773.63511906704   9541.62533147013    66.6247822712567   120   120.000094084135
297   1.69471281948796e-05   -4773.63390674666   9541.60996842467    66.624670493741   120   120.000096607575
298   1.66645450135963e-05   -4773.62492948495   9541.60750657818    66.624670489677   120   120.000004494111
299   1.64405932697063e-05   -4773.62524792686   9541.60528085935    66.6246704967329   120   120.000024495695
300   1.6223762528552e-05   -4773.62384803223   9541.60304154901    66.6246705016826   120   120.000023555628
301   1.60094879033971e-05   -4773.62278382193   9541.60083495928    66.6246705069917   120   120.000026489663
302   1.57980840761894e-05   -4773.62167208358   9541.59865219033    66.6246705121996   120   120.000028669854
303   1.5589431383843e-05   -4773.62058415613   9541.5964946393    66.6246705173913   120   120.000030959599
304   1.5383509575006e-05   -4773.61950660324   9541.59436178287    66.6246705225502   120   120.000033198142
305   1.51802807974415e-05   -4773.61844179935   9541.59225345585    66.6246705276786   120   120.000035415734
306   1.49797110449805e-05   -4773.61738917018   9541.59016942635    66.6246705327755   120   120.000037607006
307   1.47817660963899e-05   -4773.61634869143   9541.58810947507    66.6246705378404   120   120.00003977323
308   1.45864122708928e-05   -4773.61532023632   9541.58607338069    66.6246705428727   120   120.000041914438
309   1.43936162820577e-05   -4773.61430369732   9541.58406092252    66.624670547872   120   120.000044030897
310   1.42033452575399e-05   -4773.61329896351   9541.58207188023    66.6246705528378   120   120.000046122825
311   1.40155667321072e-05   -4773.61230592477   9541.58010603389    66.6246705577697   120   120.000048190452
312   1.3830248642129e-05   -4773.61132447113   9541.57816316409    66.6246705626673   120   120.000050234005
313   1.3647359321556e-05   -4773.61035449286   9541.57624305188    66.6246705675302   120   120.000052253712
314   1.34668674963493e-05   -4773.60939588049   9541.57434547902    66.6246705723582   120   120.000054249796
315   1.33679321707797e-05   -4773.60844852489   9541.55950785871    66.6245587939792   120   120.000056222485
316   1.31138703318742e-05   -4773.59973367328   9541.55756618603    66.6245587890463   120   119.999963563943
317   1.29357775696346e-05   -4773.60031188399   9541.55585552269    66.624558795228   120   119.999983025216
318   1.27647987084391e-05   -4773.59916921398   9541.554126135    66.6245587992987   120   119.999981550499
319   1.25958171442349e-05   -4773.59835965599   9541.55242436343    66.6245588037247   120   119.999983955078
320   1.24291233592201e-05   -4773.59750002027   9541.55074133011    66.6245588080455   120   119.999985611123
321   1.22646061802347e-05   -4773.59666165446   9541.54907845643    66.6245588123468   120   119.999987381971
322   1.21022520333087e-05   -4773.59583113496   9541.54743524371    66.6245588166124   120   119.99998910685
323   1.19420301852404e-05   -4773.59501084854   9541.54581155238    66.6245588208451   120   119.999990815988
324   1.17839135704912e-05   -4773.59420023381   9541.54420717687    66.6245588250441   120   119.999992503986
325   1.16278748471367e-05   -4773.59339927967   9541.54262192491    66.6245588292095   120   119.99999417209
326   1.14738871321633e-05   -4773.59260787293   9541.54105560286    66.6245588333409   120   119.999995820308
327   1.13219238584743e-05   -4773.59182591998   9541.53950801837    66.6245588374384   120   119.999997448874
328   1.11719587963217e-05   -4773.5910533241   9541.53797898008    66.6245588415018   120   119.999999057982
329   1.10239660462618e-05   -4773.59028998974   9541.53646829752    66.624558845531   120   120.000000647831
330   1.08779200338994e-05   -4773.58953582169   9541.53497578136    66.624558849526   120   120.000002218618
331   1.0733795507517e-05   -4773.58879072532   9541.53350124318    66.6245588534867   120   120.000003770538
332   1.05915675336827e-05   -4773.58805460649   9541.5320444958    66.624558857413   120   120.000005303786
333   1.04512114933042e-05   -4773.58732737162   9541.53060535297    66.6245588613049   120   120.000006818557
334   1.03127030788544e-05   -4773.58660892766   9541.52918362969    66.6245588651625   120   120.000008315042
335   1.01760182886168e-05   -4773.58589918215   9541.52777914201    66.6245588689856   120   120.000009793435
336   1.00411334261919e-05   -4773.58519804316   9541.5263917072    66.6245588727744   120   120.000011253925
337   9.90802509323973e-06   -4773.58450541939   9541.52502114366    66.6245588765288   120   120.000012696701
338   9.77667018824847e-06   -4773.58382122009   9541.52366727101    66.6245588802488   120   120.000014121951
339   9.64704590319204e-06   -4773.58314535515   9541.5223299101    66.6245588839346   120   120.000015529863
340   9.51912971847205e-06   -4773.58247773502   9541.52100888298    66.6245588875861   120   120.000016920621
341   9.39289940011282e-06   -4773.5818182708   9541.51970401298    66.6245588912034   120   120.000018294411
342   9.26833299675312e-06   -4773.58116687421   9541.5184151246    66.6245588947866   120   120.000019651415
343   9.14540883637255e-06   -4773.58052345758   9541.51714204371    66.6245588983357   120   120.000020991815
344   9.02410552172863e-06   -4773.5798879339   9541.51588459739    66.6245589018509   120   120.000022315792
345   8.90440192807213e-06   -4773.57926021678   9541.51464261405    66.6245589053323   120   120.000023623524
346   8.78627719925191e-06   -4773.57864022048   9541.51341592334    66.6245589087799   120   120.00002491519
347   8.66971074522838e-06   -4773.57802785991   9541.51220435631    66.6245589121939   120   120.000026190966
348   8.5546822380343e-06   -4773.57742305065   9541.51100774524    66.6245589155744   120   120.000027451028
349   8.44117160963847e-06   -4773.57682570893   9541.50982592378    66.6245589189215   120   120.000028695549
350   8.32915904712675e-06   -4773.57623575163   9541.50865872689    66.6245589222354   120   120.000029924701
351   8.21862499086914e-06   -4773.57565309631   9541.50750599089    66.6245589255161   120   120.000031138656
352   8.10955013158305e-06   -4773.57507766118   9541.50636755342    66.6245589287639   120   120.000032337583
353   8.00191540637327e-06   -4773.57450936516   9541.50524325344    66.6245589319789   120   120.000033521652
354   7.89570199620553e-06   -4773.57394812782   9541.50413293131    66.6245589351612   120   120.000034691028
355   7.7908913226847e-06   -4773.57339386937   9541.50303642871    66.6245589383111   120   120.000035845878
356   7.68746504597423e-06   -4773.57284651076   9541.5019535887    66.6245589414286   120   120.000036986365
357   7.58540506123211e-06   -4773.57230597358   9541.50088425568    66.624558944514   120   120.000038112653
358   7.48469349417424e-06   -4773.57177218011   9541.49982827539    66.6245589475674   120   120.000039224902
359   7.38531270103415e-06   -4773.57124505329   9541.49878549497    66.624558950589   120   120.000040323273
360   7.28724526461216e-06   -4773.57072451678   9541.49775576286    66.624558953579   120   120.000041407925
361   7.19047399093019e-06   -4773.57021049489   9541.49673892894    66.6245589565376   120   120.000042479015
362   7.09498190689622e-06   -4773.5697029126   9541.49573484438    66.624558959465   120   120.000043536697
363   7.00075225754858e-06   -4773.5692016956   9541.49474336174    66.6245589623613   120   120.000044581128
364   6.90776850279176e-06   -4773.56870677024   9541.49376433491    66.6245589652269   120   120.000045612459
365   6.81601431644879e-06   -4773.56821806356   9541.49279761918    66.6245589680618   120   120.000046630843
366   6.72547358172996e-06   -4773.56773550326   9541.49184307115    66.6245589708662   120   120.00004763643
367   6.63613038957894e-06   -4773.56725901773   9541.49090054878    66.6245589736405   120   120.000048629367
368   6.54796903610673e-06   -4773.56678853603   9541.48996991141    66.6245589763848   120   120.000049609804
369   6.46097401905869e-06   -4773.56632398791   9541.48905101965    66.6245589790993   120   120.000050577886
370   6.37513003661236e-06   -4773.56586530375   9541.48814373553    66.6245589817842   120   120.000051533757
371   6.29042198473181e-06   -4773.56541241465   9541.48724792236    66.6245589844398   120   120.00005247756
372   6.20683495399239e-06   -4773.56496525234   9541.4863634448    66.6245589870663   120   120.000053409439
373   6.1243542267605e-06   -4773.56452374922   9541.48549016884    66.6245589896638   120   120.000054329533
374   6.04296527630089e-06   -4773.56408783839   9541.48462796181    66.6245589922326   120   120.000055237981
375   5.96265376411628e-06   -4773.56365745356   9541.48377669228    66.624558994773   120   120.00005613492
376   5.88340553607701e-06   -4773.56323252913   9541.48293623022    66.624558997285   120   120.000057020489
377   5.80520662096662e-06   -4773.56281300014   9541.48210644688    66.6245589997692   120   120.000057894821
378   5.72804322989283e-06   -4773.56239880229   9541.48128721478    66.6245590022255   120   120.000058758049
379   5.6519017504631e-06   -4773.56198987193   9541.48047840774    66.6245590046542   120   120.000059610307
380   5.57676874792983e-06   -4773.56158614605   9541.47967990089    66.6245590070556   120   120.000060451727
381   5.50263096175521e-06   -4773.56118756229   9541.47889157065    66.6245590094299   120   120.000061282436
382   5.42947530199515e-06   -4773.56079405892   9541.47811329465    66.6245590117773   120   120.000062102564
383   5.35728884920975e-06   -4773.56040557486   9541.47734495186    66.624559014098   120   120.000062912237
384   5.28605885175913e-06   -4773.56002204966   9541.47658642244    66.6245590163923   120   120.000063711582
385   5.21577272296231e-06   -4773.55964342348   9541.4758375879    66.6245590186604   120   120.000064500723
386   5.14641803949567e-06   -4773.55926963714   9541.47509833086    66.6245590209026   120   120.000065279782
387   5.07798254022394e-06   -4773.55890063204   9541.47436853527    66.624559023119   120   120.000066048882
388   5.01045412201637e-06   -4773.55853635024   9541.47364808632    66.62455902531   120   120.000066808143
389   4.94382083938545e-06   -4773.55817673438   9541.47293687039    66.6245590274757   120   120.000067557685
390   4.87807090241358e-06   -4773.55782172773   9541.47223477504    66.6245590296163   120   120.000068297626
391   4.81319267542154e-06   -4773.55747127417   9541.47154168908    66.6245590317321   120   120.000069028082
392   4.74917467208728e-06   -4773.55712531815   9541.47085750251    66.6245590338234   120   120.000069749169
393   4.6860055566896e-06   -4773.55678380477   9541.4701821065    66.6245590358902   120   120.000070461001
394   4.62367414043443e-06   -4773.55644667968   9541.46951539342    66.624559037933   120   120.000071163692
395   4.56216938165068e-06   -4773.55611388914   9541.46885725684    66.6245590399519   120   120.000071857352
396   4.50148038081043e-06   -4773.55578537998   9541.4682075914    66.6245590419471   120   120.000072542093
397   4.44159638111949e-06   -4773.55546109963   9541.46756629301    66.6245590439189   120   120.000073218025
398   4.38250676626487e-06   -4773.5551409961   9541.46693325862    66.6245590458675   120   120.000073885254
399   4.32420105767897e-06   -4773.55482501794   9541.4663083864    66.6245590477931   120   120.000074543889
400   4.26666891374181e-06   -4773.5545131143   9541.46569157562    66.6245590496959   120   120.000075194035
401   4.2099001284891e-06   -4773.55420523488   9541.46508272665    66.6245590515762   120   120.000075835797
402   4.15388462738755e-06   -4773.55390132995   9541.46448174096    66.6245590534341   120   120.000076469278
403   4.09861246907591e-06   -4773.55360135032   9541.4638885212    66.62455905527   120   120.000077094581
404   4.04407384135413e-06   -4773.55330524736   9541.46330297104    66.6245590570841   120   120.000077711807
405   3.99025905975234e-06   -4773.55301297299   9541.46272499525    66.6245590588764   120   120.000078321056
406   3.93715856695421e-06   -4773.55272447965   9541.46215449965    66.6245590606474   120   120.000078922427
407   3.88476293054224e-06   -4773.55243972034   9541.46159139122    66.6245590623971   120   120.000079516017
408   3.83306284064295e-06   -4773.55215864859   9541.46103557788    66.6245590641258   120   120.000080101924
409   3.78204911035644e-06   -4773.55188121844   9541.46048696865    66.6245590658338   120   120.000080680244
410   3.7317126714205e-06   -4773.55160738446   9541.45994547362    66.6245590675212   120   120.00008125107
411   3.68204457565153e-06   -4773.55133710178   9541.45941100384    66.6245590691883   120   120.000081814496
412   3.63303599161586e-06   -4773.55107032596   9541.45888347143    66.6245590708351   120   120.000082370615
413   3.58467820174159e-06   -4773.55080701315   9541.45836278952    66.6245590724621   120   120.000082919518
414   3.53696260502494e-06   -4773.55054711996   9541.45784887221    66.6245590740694   120   120.000083461296
415   3.48988071256398e-06   -4773.55029060352   9541.45734163463    66.6245590756572   120   120.000083996036
416   3.44342414490823e-06   -4773.55003742144   9541.45684099286    66.6245590772257   120   120.000084523829
417   3.39758463452056e-06   -4773.54978753183   9541.45634686395    66.6245590787751   120   120.000085044761
418   3.35235402113822e-06   -4773.54954089329   9541.45585916599    66.6245590803055   120   120.000085558918
419   3.30772425146221e-06   -4773.54929746489   9541.4553778179    66.6245590818174   120   120.000086066386
420   3.26368737816965e-06   -4773.54905720621   9541.45490273969    66.6245590833107   120   120.000086567248
421   3.22023555798191e-06   -4773.54882007725   9541.45443385219    66.6245590847858   120   120.000087061588
422   3.17736105055917e-06   -4773.54858603852   9541.45397107725    66.6245590862427   120   120.000087549488
423   3.13505621702174e-06   -4773.54835505099   9541.45351433752    66.6245590876818   120   120.00008803103
424   3.09331351847116e-06   -4773.54812707607   9541.45306355672    66.6245590891032   120   120.000088506293
425   3.05212551549989e-06   -4773.54790207565   9541.45261865932    66.6245590905071   120   120.000088975358
426   3.01148486612589e-06   -4773.54768001204   9541.45217957082    66.6245590918937   120   120.000089438302
427   2.97138432467163e-06   -4773.54746084803   9541.45174621749    66.6245590932632   120   120.000089895204
428   2.93181674109002e-06   -4773.54724454682   9541.45131852655    66.6245590946157   120   120.000090346139
429   2.8927750584409e-06   -4773.54703107207   9541.45089642605    66.6245590959516   120   120.000090791183
430   2.85425231351392e-06   -4773.54682038788   9541.45047984493    66.6245590972708   120   120.000091230412
431   2.8162416336196e-06   -4773.54661245874   9541.45006871291    66.6245590985738   120   120.000091663899
432   2.77873623730326e-06   -4773.54640724961   9541.44966296065    66.6245590998605   120   120.000092091717
433   2.74172943172778e-06   -4773.54620472584   9541.44926251959    66.6245591011313   120   120.000092513939
434   2.70521461174731e-06   -4773.5460048532   9541.44886732195    66.6245591023862   120   120.000092930634
435   2.66918526033788e-06   -4773.54580759788   9541.44847730087    66.6245591036255   120   120.000093341875
436   2.63363494427394e-06   -4773.54561292648   9541.44809239021    66.6245591048494   120   120.000093747731
437   2.59855731719083e-06   -4773.54542080599   9541.44771252464    66.624559106058   120   120.00009414827
438   2.56394611513005e-06   -4773.5452312038   9541.44733763968    66.6245591072515   120   120.00009454356
439   2.52979515590496e-06   -4773.54504408772   9541.44696767159    66.62455910843   120   120.000094933669
440   2.49609834035654e-06   -4773.5448594259   9541.44660255735    66.6245591095938   120   120.000095318662
441   2.46284964764127e-06   -4773.54467718692   9541.44624223482    66.624559110743   120   120.000095698605
442   2.43004313821095e-06   -4773.54449733974   9541.44588664248    66.6245591118778   120   120.000096073563
443   2.39767294942655e-06   -4773.54431985367   9541.44553571972    66.6245591129983   120   120.0000964436
444   2.36573329596787e-06   -4773.54414469842   9541.44518940654    66.6245591141047   120   120.000096808779
445   2.33421846966411e-06   -4773.54397184405   9541.44484764371    66.6245591151973   120   120.000097169161
446   2.30312283662075e-06   -4773.54380126101   9541.44451037277    66.624559116276   120   120.00009752481
447   2.27244083793294e-06   -4773.54363292008   9541.44417753588    66.6245591173412   120   120.000097875785
448   2.24216698698087e-06   -4773.54346679243   9541.44384907605    66.6245591183929   120   120.000098222147
449   2.21229587064567e-06   -4773.54330284957   9541.44352493683    66.6245591194313   120   120.000098563954
450   2.18282214659061e-06   -4773.54314106336   9541.44320506261    66.6245591204566   120   120.000098901266
451   2.15374054279059e-06   -4773.542981406   9541.44288939837    66.624559121469   120   120.000099234142
452   2.62184567847872e-06   -4773.54282385005   9541.42961569861    66.6244473392963   120   120.000099562636
453   2.11429469307957e-06   -4773.53488983113   9541.42921971221    66.6244473305934   120   120.000005279683
454   2.0660866291362e-06   -4773.53623972235   9541.42903698604    66.6244473330283   120   120.000023133491
455   2.03811515249389e-06   -4773.53585990882   9541.42881784212    66.624447333376   120   120.000020070836
456   2.01089248711132e-06   -4773.53580435108   9541.42860880219    66.6244473341031   120   120.000020905504
457   1.98410473086877e-06   -4773.53568997466   9541.428401148    66.6244473347495   120   120.000021009895
458   1.95766496149131e-06   -4773.53558819993   9541.42819646382    66.6244473354013   120   120.000021247078
459   1.93157885487639e-06   -4773.53548568655   9541.427994413    66.6244473360424   120   120.000021456137
460   1.90583962086556e-06   -4773.53538490188   9541.42779501765    66.6244473366761   120   120.000021667124
461   1.88044303795109e-06   -4773.53528536546   9541.42759823346    66.6244473373017   120   120.000021874479
462   1.85538448469398e-06   -4773.53518714682   9541.427404029    66.6244473379196   120   120.00002207928
463   1.83065948485145e-06   -4773.53509021319   9541.42721237093    66.6244473385297   120   120.000022281366
464   1.80626360589919e-06   -4773.53499455111   9541.42702322668    66.6244473391322   120   120.000022480809
465   1.78219247766421e-06   -4773.53490014372   9541.42683656406    66.6244473397272   120   120.000022677635
466   1.75844178573018e-06   -4773.53480697508   9541.42665235129    66.6244473403147   120   120.000022871879
467   1.73500727385519e-06   -4773.53471502927   9541.42647055694    66.6244473408948   120   120.000023063575
468   1.71188474213307e-06   -4773.53462429063   9541.42629114997    66.6244473414677   120   120.000023252755
469   1.68907004563434e-06   -4773.53453474367   9541.42611409972    66.6244473420333   120   120.000023439451
470   1.66655909484233e-06   -4773.53444637306   9541.42593937591    66.6244473425919   120   120.000023623695
471   1.64434785369567e-06   -4773.53435916371   9541.42576694864    66.6244473431434   120   120.000023805519
472   1.62243233976137e-06   -4773.53427310067   9541.42559678839    66.6244473436879   120   120.000023984953
473   1.60080862439816e-06   -4773.5341881692   9541.42542886592    66.6244473442256   120   120.000024162028
474   1.57947282886367e-06   -4773.53410435474   9541.42526315245    66.6244473447565   120   120.000024336775
475   1.55842112805509e-06   -4773.53402164289   9541.4250996195    66.6244473452806   120   120.000024509224
476   1.53764974518067e-06   -4773.53394001944   9541.42493823895    66.6244473457982   120   120.000024679404
477   1.51715495531984e-06   -4773.53385947037   9541.42477898302    66.6244473463091   120   120.000024847345
478   1.49693308234267e-06   -4773.5337799818   9541.42462182433    66.6244473468137   120   120.000025013075
479   1.47698049850965e-06   -4773.53370154004   9541.42446673575    66.6244473473118   120   120.000025176623
480   1.45729362355295e-06   -4773.53362413159   9541.42431369055    66.6244473478036   120   120.000025338017
481   1.43786892630101e-06   -4773.53354774307   9541.42416266229    66.6244473482891   120   120.000025497285
482   1.41870292074233e-06   -4773.53347236129   9541.42401362492    66.6244473487685   120   120.000025654454
483   1.39979216826249e-06   -4773.53339797325   9541.42386655263    66.6244473492418   120   120.000025809553
484   1.38113327482385e-06   -4773.53332456608   9541.42372141997    66.624447349709   120   120.000025962606
485   1.36272289193866e-06   -4773.53325212706   9541.42357820187    66.6244473501703   120   120.000026113641
486   1.34455771493647e-06   -4773.53318064367   9541.42343687344    66.6244473506257   120   120.000026262684
487   1.32663448380551e-06   -4773.5331101035   9541.42329741021    66.6244473510753   120   120.000026409761
488   1.30894998088143e-06   -4773.53304049433   9541.42315978798    66.6244473515192   120   120.000026554898
489   1.29150103195683e-06   -4773.53297180408   9541.42302398284    66.6244473519574   120   120.000026698118
490   1.2742845043102e-06   -4773.53290402081   9541.4228899712    66.6244473523899   120   120.000026839448
491   1.257297306174e-06   -4773.53283713275   9541.42275772978    66.6244473528169   120   120.000026978911
492   1.24053638840313e-06   -4773.53277112827   9541.42262723554    66.6244473532385   120   120.000027116532
493   1.22399874167161e-06   -4773.53270599588   9541.42249846576    66.6244473536547   120   120.000027252336
494   1.20768139518979e-06   -4773.53264172424   9541.42237139803    66.6244473540655   120   120.000027386346
495   1.19158141892174e-06   -4773.53257830215   9541.42224601016    66.6244473544711   120   120.000027518584
496   1.17569592201995e-06   -4773.53251571855   9541.42212228031    66.6244473548715   120   120.000027649074
497   1.16002205082985e-06   -4773.53245396252   9541.42200018687    66.6244473552667   120   120.000027777839
498   1.14455699033259e-06   -4773.53239302329   9541.42187970852    66.6244473556568   120   120.000027904902
499   1.12929796286684e-06   -4773.5323328902   9541.4217608242    66.6244473560419   120   120.000028030284
500   1.11424222656905e-06   -4773.53227355276   9541.42164351314    66.6244473564221   120   120.000028154007
501   1.09938707695007e-06   -4773.53221500057   9541.42152775476    66.6244473567974   120   120.000028276093
502   1.0847298455953e-06   -4773.5321572234   9541.42141352887    66.6244473571678   120   120.000028396563
503   1.0702678990815e-06   -4773.53210021112   9541.42130081538    66.6244473575334   120   120.000028515439
504   1.05599863937087e-06   -4773.53204395375   9541.42118959459    66.6244473578944   120   120.000028632741
505   1.0419195009685e-06   -4773.53198844144   9541.42107984697    66.6244473582506   120   120.00002874849
506   1.0280279556345e-06   -4773.53193366443   9541.42097155327    66.6244473586023   120   120.000028862706
507   1.01432150592823e-06   -4773.53187961312   9541.42086469449    66.6244473589495   120   120.000028975408
508   1.00079768885528e-06   -4773.53182627803   9541.42075925185    66.6244473592921   120   120.000029086618
509   9.87454074083717e-07   -4773.53177364977   9541.42065520681    66.6244473596304   120   120.000029196354
510   9.74288263508211e-07   -4773.5317217191   9541.42055254108    66.6244473599642   120   120.000029304635
511   9.61297890411224e-07   -4773.53167047689   9541.42045123659    66.6244473602937   120   120.000029411482
512   9.48480619729811e-07   -4773.53161991412   9541.42035127553    66.6244473606189   120   120.000029516912
513   9.35834147769157e-07   -4773.53157002189   9541.42025264029    66.62444736094   120   120.000029620944
514   9.23356200957987e-07   -4773.53152079142   9541.42015531348    66.6244473612568   120   120.000029723596
515   9.11044535861334e-07   -4773.53147221403   9541.42005927795    66.6244473615696   120   120.000029824887
516   8.98896939247781e-07   -4773.53142428115   9541.41996451677    66.6244473618783   120   120.000029924834
517   8.86911227764713e-07   -4773.53137698434   9541.41987101321    66.624447362183   120   120.000030023454
518   8.7508524527714e-07   -4773.53133031524   9541.41977875077    66.6244473624837   120   120.000030120766
519   8.63416866163972e-07   -4773.53128426561   9541.41968771315    66.6244473627805   120   120.000030216787
520   8.51903991759757e-07   -4773.53123882734   9541.41959788427    66.6244473630735   120   120.000030311533
521   8.4054455225956e-07   -4773.53119399238   9541.41950924826    66.6244473633626   120   120.000030405022
522   8.29336504974356e-07   -4773.5311497528   9541.41942178942    66.624447363648   120   120.000030497268
523   8.18277834123806e-07   -4773.5311061008   9541.41933549232    66.6244473639297   120   120.00003058829
524   8.07366550272658e-07   -4773.53106302863   9541.41925034165    66.6244473642077   120   120.000030678103
525   7.96600691880123e-07   -4773.53102052869   9541.41916632235    66.6244473644821   120   120.000030766723
526   7.85978321847385e-07   -4773.53097859344   9541.41908341952    66.6244473647529   120   120.000030854165
527   7.75497530561053e-07   -4773.53093721546   9541.41900161849    66.6244473650202   120   120.000030940446
528   7.65156432083253e-07   -4773.5308963874   9541.41892090474    66.6244473652839   120   120.00003102558
529   7.54953166360845e-07   -4773.53085610204   9541.41884126398    66.6244473655443   120   120.000031109582
530   7.44885897993163e-07   -4773.53081635223   9541.41876268205    66.6244473658012   120   120.000031192469
531   7.34952816387368e-07   -4773.53077713091   9541.41868514502    66.6244473660548   120   120.000031274253
532   7.25152133701071e-07   -4773.53073843112   9541.41860863912    66.6244473663051   120   120.00003135495
533   7.15482087108732e-07   -4773.530700246   9541.41853315077    66.6244473665521   120   120.000031434573
534   7.0594093738761e-07   -4773.53066256876   9541.41845866653    66.6244473667959   120   120.000031513138
535   6.96526967224357e-07   -4773.5306253927   9541.41838517321    66.6244473670365   120   120.000031590657
536   6.87238483249113e-07   -4773.53058871122   9541.41831265768    66.6244473672739   120   120.000031667146
537   6.78073813600797e-07   -4773.53055251778   9541.4182411071    66.6244473675083   120   120.000031742617
538   6.69031309912597e-07   -4773.53051680597   9541.41817050867    66.6244473677395   120   120.000031817084
539   6.60109344392598e-07   -4773.53048156941   9541.41810084991    66.6244473679677   120   120.00003189056
540   6.51306312169954e-07   -4773.53044680183   9541.41803211833    66.624447368193   120   120.000031963058
541   6.42620628593532e-07   -4773.53041249706   9541.41796430174    66.6244473684153   120   120.000032034591
542   6.34050730733213e-07   -4773.53037864896   9541.41789738805    66.6244473686346   120   120.000032105172
543   6.25595076628385e-07   -4773.53034525152   9541.4178313653    66.6244473688512   120   120.000032174813
544   6.17252143522574e-07   -4773.53031229879   9541.41776622178    66.6244473690648   120   120.000032243528
545   6.09020430820735e-07   -4773.53027978487   9541.41770194583    66.6244473692757   120   120.000032311327
546   6.00898456324607e-07   -4773.53024770399   9541.41763852598    66.6244473694837   120   120.000032378223
547   5.92884758689968e-07   -4773.5302160504   9541.41757595092    66.6244473696891   120   120.000032444228
548   5.84977895417688e-07   -4773.53018481846   9541.41751420948    66.6244473698917   120   120.000032509354
549   5.77176442793181e-07   -4773.5301540026   9541.41745329063    66.6244473700918   120   120.000032573613
550   5.69478996935236e-07   -4773.53012359732   9541.41739318351    66.6244473702891   120   120.000032637016
551   5.61884172032759e-07   -4773.53009359718   9541.41733387736    66.6244473704839   120   120.000032699574
552   5.54390601058228e-07   -4773.53006399682   9541.41727536159    66.6244473706761   120   120.000032761298
553   5.46996934807312e-07   -4773.53003479095   9541.41721762572    66.6244473708658   120   120.000032822199
554   5.3970184272136e-07   -4773.53000597435   9541.41716065944    66.624447371053   120   120.00003288229
555   5.32504010906054e-07   -4773.52997754186   9541.41710445257    66.6244473712377   120   120.000032941579
556   5.25402143495237e-07   -4773.52994948841   9541.41704899504    66.62444737142   120   120.000033000077
557   5.18394962385192e-07   -4773.52992180896   9541.41699427691    66.6244473715999   120   120.000033057796
558   5.11481205127227e-07   -4773.52989449858   9541.41694028842    66.6244473717774   120   120.000033114746
559   5.04659628164113e-07   -4773.52986755235   9541.41688701987    66.6244473719526   120   120.000033170936
560   4.97929001616477e-07   -4773.52984096547   9541.41683446174    66.6244473721255   120   120.000033226376
561   4.91288115042085e-07   -4773.52981473317   9541.41678260461    66.624447372296   120   120.000033281078
562   4.84735772273204e-07   -4773.52978885075   9541.41673143917    66.6244473724644   120   120.00003333505
563   4.78270792632669e-07   -4773.52976331357   9541.41668095626    66.6244473726305   120   120.000033388302
564   4.7189201260302e-07   -4773.52973811705   9541.41663114683    66.6244473727944   120   120.000033440844
565   4.65598283959543e-07   -4773.52971325667   9541.41658200196    66.6244473729562   120   120.000033492685
566   4.59388472254249e-07   -4773.52968872798   9541.41653351281    66.6244473731159   120   120.000033543834
567   4.53261460298686e-07   -4773.52966452658   9541.4164856707    66.6244473732734   120   120.000033594301
568   4.47216143882692e-07   -4773.52964064813   9541.41643846705    66.6244473734289   120   120.000033644094
569   4.41251434785248e-07   -4773.52961708833   9541.41639189333    66.6244473735822   120   120.000033693223
570   4.35366258817048e-07   -4773.52959384296   9541.41634594128    66.6244473737336   120   120.000033741696
571   4.29559555432957e-07   -4773.52957090785   9541.41630060255    66.624447373883   120   120.000033789523
572   4.23830279403909e-07   -4773.52954827887   9541.41625586906    66.6244473740303   120   120.000033836711
573   4.18177398258934e-07   -4773.52952595197   9541.41621173271    66.6244473741758   120   120.000033883269
574   4.12599894850884e-07   -4773.52950392312   9541.41616818564    66.6244473743193   120   120.000033929206
575   4.07096763733097e-07   -4773.52948218838   9541.41612521996    66.624447374461   120   120.000033974529
576   4.01667013923681e-07   -4773.52946074384   9541.416082828    66.6244473746007   120   120.000034019247
577   3.96309667203075e-07   -4773.52943958563   9541.41604100212    66.6244473747386   120   120.000034063368
578   3.91023759142877e-07   -4773.52941870997   9541.41599973478    66.6244473748747   120   120.000034106901
579   3.858083366877e-07   -4773.52939811308   9541.41595901857    66.624447375009   120   120.000034149851
580   3.80662461516769e-07   -4773.52937779126   9541.41591884617    66.6244473751415   120   120.000034192229
581   3.75585205498843e-07   -4773.52935774087   9541.41587921033    66.6244473752722   120   120.00003423404
582   3.70575655061737e-07   -4773.52933795829   9541.41584010394    66.6244473754013   120   120.000034275293
583   3.65632906685384e-07   -4773.52931843996   9541.41580151994    66.6244473755286   120   120.000034315994
584   3.60756071391859e-07   -4773.52929918237   9541.4157634514    66.6244473756542   120   120.000034356152
585   3.55944268800791e-07   -4773.52928018204   9541.41572589146    66.6244473757782   120   120.000034395774
586   3.51196633780755e-07   -4773.52926143557   9541.41568883335    66.6244473759005   120   120.000034434867
587   3.46512309760207e-07   -4773.52924293956   9541.4156522704    66.6244473760212   120   120.000034473437
588   3.41890453594083e-07   -4773.52922469069   9541.41561619599    66.6244473761402   120   120.000034511491
589   3.37330231921295e-07   -4773.52920668567   9541.41558060368    66.6244473762578   120   120.000034549038
590   3.32830823709504e-07   -4773.52918892127   9541.415545487    66.6244473763737   120   120.000034586082
591   3.28391418012087e-07   -4773.52917139425   9541.41551083966    66.6244473764881   120   120.000034622631
592   3.24011215314466e-07   -4773.52915410149   9541.41547665539    66.6244473766011   120   120.000034658692
593   3.19689425714286e-07   -4773.52913703985   9541.41544292801    66.6244473767125   120   120.000034694271
594   3.15425271219974e-07   -4773.52912020626   9541.41540965147    66.6244473768224   120   120.000034729375
595   3.11217983434246e-07   -4773.52910359769   9541.41537681976    66.6244473769309   120   120.000034764009
596   3.07066803801899e-07   -4773.52908721113   9541.41534442694    66.6244473770379   120   120.000034798181
597   3.02970985185132e-07   -4773.52907104363   9541.41531246716    66.6244473771435   120   120.000034831895
598   2.98929788466114e-07   -4773.52905509227   9541.41528093469    66.6244473772477   120   120.000034865159
599   2.94942486171517e-07   -4773.52903935418   9541.41524982382    66.6244473773505   120   120.000034897978
600   2.91008359943254e-07   -4773.52902382651   9541.41521912892    66.624447377452   120   120.000034930359
601   2.87126700185443e-07   -4773.52900850646   9541.41518884443    66.6244473775521   120   120.000034962306
602   2.83296808023076e-07   -4773.52899339126   9541.41515896493    66.6244473776509   120   120.000034993827
603   2.79517992744403e-07   -4773.52897847818   9541.415129485    66.6244473777484   120   120.000035024925
604   2.75789574165474e-07   -4773.52896376454   9541.41510039931    66.6244473778445   120   120.000035055608
605   2.72110880034528e-07   -4773.52894924766   9541.4150717026    66.6244473779394   120   120.000035085881
606   2.68481246722681e-07   -4773.52893492494   9541.41504338973    66.6244473780331   120   120.000035115749
607   2.64900021388697e-07   -4773.52892079378   9541.41501545553    66.6244473781255   120   120.000035145217
608   2.61366557320544e-07   -4773.52890685163   9541.41498789496    66.6244473782166   120   120.000035174291
609   2.57880219407948e-07   -4773.52889309597   9541.41496070305    66.6244473783065   120   120.000035202976
610   2.5444037751769e-07   -4773.5288795243   9541.41493387491    66.6244473783953   120   120.000035231278
611   2.51046413001757e-07   -4773.52886613419   9541.41490740564    66.6244473784829   120   120.000035259201
612   2.47697713553754e-07   -4773.5288529232   9541.41488129048    66.6244473785693   120   120.000035286751
613   2.44393676205887e-07   -4773.52883988895   9541.41485552471    66.6244473786546   120   120.000035313931
614   2.41133704538348e-07   -4773.52882702908   9541.41483010365    66.6244473787387   120   120.000035340749
615   2.3791721181005e-07   -4773.52881434126   9541.41480502274    66.6244473788217   120   120.000035367207
616   2.34743618118263e-07   -4773.52880182321   9541.41478027741    66.6244473789036   120   120.000035393312
617   2.31612351251183e-07   -4773.52878947265   9541.41475586316    66.6244473789844   120   120.000035419067
618   2.28522847179464e-07   -4773.52877728735   9541.41473177561    66.6244473790642   120   120.000035444478
619   2.25474549160548e-07   -4773.5287652651   9541.4147080104    66.6244473791428   120   120.000035469549
620   2.22466906965044e-07   -4773.52875340374   9541.41468456324    66.6244473792204   120   120.000035494284
621   2.19499379429649e-07   -4773.5287417011   9541.41466142986    66.624447379297   120   120.000035518688
622   2.16571431204279e-07   -4773.52873015508   9541.41463860607    66.6244473793726   120   120.000035542765
623   2.13682534575821e-07   -4773.52871876359   9541.41461608773    66.6244473794472   120   120.000035566521
624   2.10832168527215e-07   -4773.52870752455   9541.4145938708    66.6244473795207   120   120.000035589958
625   2.08019819900819e-07   -4773.52869643594   9541.41457195124    66.6244473795934   120   120.000035613082
626   2.05244981249418e-07   -4773.52868549575   9541.41455032505    66.624447379665   120   120.000035635896
627   2.0250715303527e-07   -4773.52867470199   9541.41452898835    66.6244473797357   120   120.000035658405
628   1.99805841069461e-07   -4773.52866405272   9541.41450793726    66.6244473798054   120   120.000035680613
629   1.97140558792348e-07   -4773.528653546   9541.41448716797    66.6244473798742   120   120.000035702523
630   1.94510825404808e-07   -4773.52864317992   9541.41446667674    66.6244473799421   120   120.00003572414
631   1.91916167216748e-07   -4773.52863295262   9541.4144464598    66.6244473800091   120   120.000035745468
632   1.89356116745912e-07   -4773.52862286223   9541.41442651352    66.6244473800751   120   120.00003576651
633   1.86830211647586e-07   -4773.52861290692   9541.4144068343    66.6244473801403   120   120.00003578727
634   1.84337997450854e-07   -4773.52860308491   9541.41438741855    66.6244473802047   120   120.000035807753
635   1.81879024138454e-07   -4773.5285933944   9541.41436826276    66.6244473802682   120   120.000035827961
636   1.79452849364166e-07   -4773.52858383362   9541.41434936345    66.6244473803308   120   120.000035847899
637   1.77059034976787e-07   -4773.52857440087   9541.41433071719    66.6244473803926   120   120.00003586757
638   1.74697149599847e-07   -4773.52856509442   9541.41431232061    66.6244473804536   120   120.000035886977
639   1.72366767689872e-07   -4773.52855591259   9541.41429417037    66.6244473805137   120   120.000035906124
640   1.70067468818861e-07   -4773.5285468537   9541.41427626318    66.6244473805731   120   120.000035925016
641   1.67798838708432e-07   -4773.52853791612   9541.41425859581    66.6244473806317   120   120.000035943654
642   1.6556046859516e-07   -4773.52852909823   9541.414241165    66.6244473806895   120   120.000035962042
643   1.63351954072138e-07   -4773.52852039842   9541.41422396763    66.6244473807465   120   120.000035980185
644   1.6117289811341e-07   -4773.52851181512   9541.4142070006    66.6244473808027   120   120.000035998084
645   1.59022906994291e-07   -4773.52850334678   9541.41419026078    66.6244473808582   120   120.000036015744
646   1.56901593342669e-07   -4773.52849499185   9541.41417374518    66.624447380913   120   120.000036033167
647   1.5480857504489e-07   -4773.52848674882   9541.41415745077    66.624447380967   120   120.000036050357
648   1.52743474466683e-07   -4773.52847861619   9541.41414137458    66.6244473810204   120   120.000036067317
649   1.50705919429197e-07   -4773.52847059249   9541.41412551374    66.6244473810729   120   120.000036084049
650   1.48695542379385e-07   -4773.52846267626   9541.41410986535    66.6244473811248   120   120.000036100557
651   1.46711980985034e-07   -4773.52845486606   9541.41409442656    66.624447381176   120   120.000036116845
652   1.4475487782405e-07   -4773.52844716048   9541.4140791946    66.6244473812266   120   120.000036132914
653   1.42823879420522e-07   -4773.52843955812   9541.41406416664    66.6244473812764   120   120.000036148768
654   1.40918638619099e-07   -4773.52843205759   9541.41404934001    66.6244473813256   120   120.000036164409
655   1.3903881105335e-07   -4773.52842465754   9541.41403471198    66.6244473813741   120   120.000036179841
656   1.37184057877712e-07   -4773.52841735663   9541.41402027993    66.624447381422   120   120.000036195066
657   1.35354044850531e-07   -4773.52841015351   9541.41400604122    66.6244473814692   120   120.000036210087
658   1.33548442708716e-07   -4773.5284030469   9541.41399199328    66.6244473815159   120   120.000036224907
659   1.31766924846786e-07   -4773.5283960355   9541.41397813352    66.6244473815619   120   120.000036239529
660   1.30009169956889e-07   -4773.52838911802   9541.41396445946    66.6244473816072   120   120.000036253954
661   1.28274862186773e-07   -4773.52838229323   9541.4139509686    66.624447381652   120   120.000036268187
662   1.26563687880701e-07   -4773.52837555987   9541.4139376585    66.6244473816961   120   120.000036282228
663   1.24875339297216e-07   -4773.52836891673   9541.4139245267    66.6244473817397   120   120.000036296082
664   1.23209511399529e-07   -4773.5283623626   9541.41391157088    66.6244473817827   120   120.00003630975
665   1.21565903816838e-07   -4773.52835589628   9541.41389878867    66.6244473818251   120   120.000036323234
666   1.1994422054629e-07   -4773.52834951661   9541.4138861777    66.624447381867   120   120.000036336539
667   1.18344169079495e-07   -4773.52834322242   9541.41387373573    66.6244473819083   120   120.000036349664
668   1.16765460487902e-07   -4773.52833701257   9541.41386146047    66.624447381949   120   120.000036362614
669   1.15207811066357e-07   -4773.52833088593   9541.41384934972    66.6244473819892   120   120.000036375391
670   1.13670939011001e-07   -4773.52832484139   9541.41383740123    66.6244473820289   120   120.000036387996
671   1.12154567750343e-07   -4773.52831887784   9541.41382561285    66.624447382068   120   120.000036400432
672   1.10658423555328e-07   -4773.52831299421   9541.41381398248    66.6244473821066   120   120.000036412702
673   1.09182236548805e-07   -4773.52830718943   9541.41380250792    66.6244473821447   120   120.000036424807
674   1.07725741052508e-07   -4773.52830146244   9541.41379118719    66.6244473821823   120   120.00003643675
675   1.06288673974011e-07   -4773.52829581219   9541.41378001812    66.6244473822194   120   120.000036448533
676   1.0487077645416e-07   -4773.52829023767   9541.41376899876    66.6244473822559   120   120.000036460158
677   1.03471792530413e-07   -4773.52828473786   9541.4137581271    66.624447382292   120   120.000036471628
678   1.02091470300947e-07   -4773.52827931175   9541.41374740113    66.6244473823277   120   120.000036482943
679   1.00729560177511e-07   -4773.52827395837   9541.41373681891    66.6244473823628   120   120.000036494107
680   9.93858179702895e-08   -4773.52826867674   9541.41372637854    66.6244473823974   120   120.000036505121
