0   0   0   -2.864   -2.864   -2.86456   -2.86456   3.07829   3.07829   3.078   3.078   
1   2   1   -2.97263   -2.97263   -2.82276   -2.82276   3.05156   3.05156   3.12156   3.12156   
2   4   2   -3.11913   -3.11913   -2.66308   -2.66308   2.90285   2.90285   3.18069   3.18069   
3   6   3   -3.34594   -3.34594   -2.38986   -2.38986   2.65198   2.65198   3.27473   3.27473   
4   8   4   -3.61749   -3.61749   -2.00892   -2.00892   2.30939   2.30939   3.3845   3.3845   
5   10   5   -3.89287   -3.89287   -1.53108   -1.53108   1.88368   1.88368   3.49322   3.49322   
6   12   6   -4.12938   -4.12938   -0.976353   -0.976353   1.38509   1.38509   3.58562   3.58562   
7   14   7   -4.28861   -4.28861   -0.37431   -0.37431   0.827233   0.827233   3.64887   3.64887   
8   16   8   -4.3432   -4.3432   0.219869   0.219869   0.219869   0.219869   3.67326   3.67326   
9   15   9   -4.29207   -4.29207   -0.357252   -0.357252   0.813644   0.813644   3.64506   3.64506   
10   14   10   -4.14725   -4.14725   -0.914522   -0.914522   1.32004   1.32004   3.57601   3.57601   
11   13   11   -3.97363   -3.97363   -1.34394   -1.34394   1.68203   1.68203   3.49246   3.49246   
12   12   12   -3.88965   -3.88965   -1.51455   -1.51455   1.81867   1.81867   3.45141   3.45141   
13   11   11   -3.87435   -3.87435   -1.54626   -1.54626   1.84962   1.84962   3.44607   3.44607   
14   10   10   -3.82934   -3.82934   -1.63608   -1.63608   1.93719   1.93719   3.43023   3.43023   
15   9   9   -3.7572   -3.7572   -1.77053   -1.77053   2.06806   2.06806   3.40452   3.40452   
16   8   8   -3.66217   -3.66217   -1.93309   -1.93309   2.22596   2.22596   3.36998   3.36998   
17   7   7   -3.54996   -3.54996   -2.10808   -2.10808   2.39551   2.39551   3.32822   3.32822   
18   6   6   -3.42759   -3.42759   -2.28228   -2.28228   2.56388   2.56388   3.28144   3.28144   
19   5   5   -3.30303   -3.30303   -2.44514   -2.44514   2.72091   2.72091   3.23247   3.23247   
20   4   4   -3.18483   -3.18483   -2.58846   -2.58846   2.8588   2.8588   3.18472   3.18472   
21   3   3   -3.08156   -3.08156   -2.70598   -2.70598   2.97165   2.97165   3.14196   3.14196   
22   2   2   -3.00115   -3.00115   -2.79307   -2.79307   3.0551   3.0551   3.10803   3.10803   
23   1   1   -2.95007   -2.95007   -2.84655   -2.84655   3.08572   3.08572   3.10673   3.10673   
24   0   0   -2.864   -2.864   -2.86456   -2.86456   3.07829   3.07829   3.078   3.078   
# Gamma-->K-->M-->Gamma
