#k1  k2  Akw_up(w_target)    Akw_dn(w_target)
0  0  0.00970021  0.00970022
0  1  0.00969117  0.00979019
0  2  0.00966428  0.0100666
0  3  0.00962013  0.0105496
0  4  0.0095597  0.0112766
0  5  0.0094843  0.0123079
0  6  0.00939556  0.0137375
0  7  0.00929534  0.0157121
0  8  0.0091857  0.0184646
0  9  0.00906881  0.0223773
0  10  0.00894694  0.0281048
0  11  0.00882235  0.0368341
0  12  0.00869729  0.0508795
0  13  0.00857391  0.0752069
0  14  0.00845426  0.121961
0  15  0.00834023  0.227094
0  16  0.00823358  0.53579
0  17  0.00813586  2.14089
0  18  0.00804843  57.0546
0  19  0.00797249  3.56738
0  20  0.00790903  1.0089
0  21  0.00785884  0.530681
0  22  0.00782256  0.367803
0  23  0.00780061  0.302811
0  24  0.00779327  0.284806
0  25  0.00780061  0.302811
0  26  0.00782256  0.367803
0  27  0.00785884  0.530681
0  28  0.00790903  1.0089
0  29  0.00797249  3.56738
0  30  0.00804843  57.0546
0  31  0.00813586  2.14089
0  32  0.00823358  0.53579
0  33  0.00834023  0.227094
0  34  0.00845426  0.121961
0  35  0.00857391  0.0752069
0  36  0.00869729  0.0508795
0  37  0.00882235  0.0368341
0  38  0.00894694  0.0281048
0  39  0.00906881  0.0223773
0  40  0.0091857  0.0184646
0  41  0.00929534  0.0157121
0  42  0.00939556  0.0137375
0  43  0.0094843  0.0123079
0  44  0.0095597  0.0112766
0  45  0.00962013  0.0105496
0  46  0.00966428  0.0100666
0  47  0.00969117  0.00979019
0  48  0.00970021  0.00970022

1  0  0.00979018  0.00969119
1  1  0.00978097  0.00978098
1  2  0.00975354  0.0100568
1  3  0.00970852  0.0105388
1  4  0.0096469  0.0112643
1  5  0.00957003  0.0122931
1  6  0.00947957  0.013719
1  7  0.00937743  0.0156881
1  8  0.0092657  0.018432
1  9  0.00914661  0.0223305
1  10  0.00902248  0.028034
1  11  0.00889561  0.0367198
1  12  0.00876829  0.05068
1  13  0.00864271  0.0748221
1  14  0.00852095  0.121111
1  15  0.00840494  0.224796
1  16  0.00829646  0.527003
1  17  0.00819708  2.06859
1  18  0.00810819  53.2868
1  19  0.00803098  3.74665
1  20  0.00796647  1.03699
1  21  0.00791547  0.54169
1  22  0.00787859  0.37428
1  23  0.00785629  0.307707
1  24  0.00784883  0.28929
1  25  0.00785629  0.307707
1  26  0.00787859  0.37428
1  27  0.00791547  0.54169
1  28  0.00796647  1.03699
1  29  0.00803098  3.74665
1  30  0.00810819  53.2868
1  31  0.00819708  2.06859
1  32  0.00829646  0.527003
1  33  0.00840494  0.224796
1  34  0.00852095  0.121111
1  35  0.00864271  0.0748221
1  36  0.00876829  0.05068
1  37  0.00889561  0.0367198
1  38  0.00902248  0.028034
1  39  0.00914661  0.0223305
1  40  0.0092657  0.018432
1  41  0.00937743  0.0156881
1  42  0.00947957  0.013719
1  43  0.00957003  0.0122931
1  44  0.0096469  0.0112643
1  45  0.00970852  0.0105388
1  46  0.00975354  0.0100568
1  47  0.00978097  0.00978098
1  48  0.00979018  0.00969119

2  0  0.0100665  0.0096643
2  1  0.0100568  0.00975356
2  2  0.0100277  0.0100277
2  3  0.00997994  0.0105067
2  4  0.00991461  0.0112274
2  5  0.00983315  0.0122491
2  6  0.00973733  0.0136642
2  7  0.00962919  0.0156168
2  8  0.00951097  0.0183349
2  9  0.00938505  0.0221918
2  10  0.00925388  0.0278243
2  11  0.00911991  0.0363818
2  12  0.00898556  0.0500915
2  13  0.00885314  0.0736913
2  14  0.00872484  0.118627
2  15  0.00860269  0.218142
2  16  0.00848853  0.502028
2  17  0.00838401  1.87319
2  18  0.00829058  41.04
2  19  0.00820947  4.36754
2  20  0.00814173  1.1281
2  21  0.00808818  0.576643
2  22  0.00804948  0.394649
2  23  0.00802608  0.323037
2  24  0.00801825  0.303311
2  25  0.00802608  0.323037
2  26  0.00804948  0.394649
2  27  0.00808818  0.576643
2  28  0.00814173  1.1281
2  29  0.00820947  4.36754
2  30  0.00829058  41.04
2  31  0.00838401  1.87319
2  32  0.00848853  0.502028
2  33  0.00860269  0.218142
2  34  0.00872484  0.118627
2  35  0.00885314  0.0736913
2  36  0.00898556  0.0500915
2  37  0.00911991  0.0363818
2  38  0.00925388  0.0278243
2  39  0.00938505  0.0221918
2  40  0.00951097  0.0183349
2  41  0.00962919  0.0156168
2  42  0.00973733  0.0136642
2  43  0.00983315  0.0122491
2  44  0.00991461  0.0112274
2  45  0.00997994  0.0105067
2  46  0.0100277  0.0100277
2  47  0.0100568  0.00975356
2  48  0.0100665  0.0096643

3  0  0.0105496  0.00962015
3  1  0.0105388  0.00970853
3  2  0.0105067  0.00997995
3  3  0.0104541  0.0104541
3  4  0.0103821  0.011167
3  5  0.0102923  0.0121769
3  6  0.0101868  0.0135744
3  7  0.0100679  0.0155001
3  8  0.00993801  0.0181764
3  9  0.00979981  0.0219656
3  10  0.00965602  0.0274834
3  11  0.00950933  0.0358344
3  12  0.00936241  0.0491429
3  13  0.00921778  0.0718813
3  14  0.00907781  0.114694
3  15  0.00894471  0.207797
3  16  0.00882046  0.464553
3  17  0.00870681  1.60611
3  18  0.00860531  25.114
3  19  0.00851728  5.77376
3  20  0.0084438  1.30656
3  21  0.00838575  0.642069
3  22  0.00834382  0.43203
3  23  0.00831847  0.350917
3  24  0.00830999  0.328742
3  25  0.00831847  0.350917
3  26  0.00834382  0.43203
3  27  0.00838575  0.642069
3  28  0.0084438  1.30656
3  29  0.00851728  5.77376
3  30  0.00860531  25.114
3  31  0.00870681  1.60611
3  32  0.00882046  0.464553
3  33  0.00894471  0.207797
3  34  0.00907781  0.114694
3  35  0.00921778  0.0718813
3  36  0.00936241  0.0491429
3  37  0.00950933  0.0358344
3  38  0.00965602  0.0274834
3  39  0.00979981  0.0219656
3  40  0.00993801  0.0181764
3  41  0.0100679  0.0155001
3  42  0.0101868  0.0135744
3  43  0.0102923  0.0121769
3  44  0.0103821  0.011167
3  45  0.0104541  0.0104541
3  46  0.0105067  0.00997995
3  47  0.0105388  0.00970853
3  48  0.0105496  0.00962015

4  0  0.0112766  0.00955971
4  1  0.0112642  0.00964691
4  2  0.0112274  0.00991463
4  3  0.011167  0.0103821
4  4  0.0110844  0.0110844
4  5  0.0109816  0.0120784
4  6  0.0108609  0.0134519
4  7  0.010725  0.0153414
4  8  0.0105768  0.0179612
4  9  0.0104194  0.0216593
4  10  0.0102558  0.0270235
4  11  0.0100893  0.0350998
4  12  0.00992283  0.047879
4  13  0.00975921  0.0694943
4  14  0.00960116  0.109587
4  15  0.00945111  0.194709
4  16  0.00931126  0.419426
4  17  0.00918354  1.32213
4  18  0.00906963  13.5563
4  19  0.00897094  9.07228
4  20  0.00888865  1.62995
4  21  0.00882371  0.751932
4  22  0.00877682  0.4928
4  23  0.00874848  0.395582
4  24  0.00873901  0.369309
4  25  0.00874848  0.395582
4  26  0.00877682  0.4928
4  27  0.00882371  0.751932
4  28  0.00888865  1.62995
4  29  0.00897094  9.07228
4  30  0.00906963  13.5563
4  31  0.00918354  1.32213
4  32  0.00931126  0.419426
4  33  0.00945111  0.194709
4  34  0.00960116  0.109587
4  35  0.00975921  0.0694943
4  36  0.00992283  0.047879
4  37  0.0100893  0.0350998
4  38  0.0102558  0.0270235
4  39  0.0104194  0.0216593
4  40  0.0105768  0.0179612
4  41  0.010725  0.0153414
4  42  0.0108609  0.0134519
4  43  0.0109816  0.0120784
4  44  0.0110844  0.0110844
4  45  0.011167  0.0103821
4  46  0.0112274  0.00991463
4  47  0.0112642  0.00964691
4  48  0.0112766  0.00955971

5  0  0.0123079  0.00948432
5  1  0.0122931  0.00957004
5  2  0.0122491  0.00983316
5  3  0.0121769  0.0102923
5  4  0.0120784  0.0109816
5  5  0.0119559  0.0119559
5  6  0.0118123  0.0133
5  7  0.0116509  0.0151447
5  8  0.0114752  0.0176954
5  9  0.011289  0.0212826
5  10  0.0110961  0.0264606
5  11  0.0109  0.0342064
5  12  0.0107045  0.046356
5  13  0.0105129  0.0666551
5  14  0.0103281  0.103632
5  15  0.0101532  0.179926
5  16  0.00999046  0.371412
5  17  0.00984215  1.05998
5  18  0.00971012  7.28431
5  19  0.00959592  18.6048
5  20  0.00950083  2.23712
5  21  0.00942586  0.934857
5  22  0.00937178  0.589149
5  23  0.00933912  0.464879
5  24  0.0093282  0.431852
5  25  0.00933912  0.464879
5  26  0.00937178  0.589149
5  27  0.00942586  0.934857
5  28  0.00950083  2.23712
5  29  0.00959592  18.6048
5  30  0.00971012  7.28431
5  31  0.00984215  1.05998
5  32  0.00999046  0.371412
5  33  0.0101532  0.179926
5  34  0.0103281  0.103632
5  35  0.0105129  0.0666551
5  36  0.0107045  0.046356
5  37  0.0109  0.0342064
5  38  0.0110961  0.0264606
5  39  0.011289  0.0212826
5  40  0.0114752  0.0176954
5  41  0.0116509  0.0151447
5  42  0.0118123  0.0133
5  43  0.0119559  0.0119559
5  44  0.0120784  0.0109816
5  45  0.0121769  0.0102923
5  46  0.0122491  0.00983316
5  47  0.0122931  0.00957004
5  48  0.0123079  0.00948432

6  0  0.0137375  0.00939557
6  1  0.013719  0.00947958
6  2  0.0136642  0.00973734
6  3  0.0135744  0.0101868
6  4  0.0134519  0.0108609
6  5  0.0132999  0.0118123
6  6  0.0131221  0.0131222
6  7  0.0129228  0.0149154
6  8  0.0127064  0.0173864
6  9  0.0124777  0.0208465
6  10  0.0122414  0.0258129
6  11  0.0120021  0.0331868
6  12  0.0117641  0.0446364
6  13  0.0115316  0.0634984
6  14  0.0113082  0.0971599
6  15  0.0110972  0.164439
6  16  0.0109015  0.324326
6  17  0.0107237  0.838179
6  18  0.0105657  4.11677
6  19  0.0104293  51.2968
6  20  0.010316  3.51519
6  21  0.0102267  1.25325
6  22  0.0101624  0.745094
6  23  0.0101236  0.573578
6  24  0.0101107  0.529076
6  25  0.0101236  0.573578
6  26  0.0101624  0.745094
6  27  0.0102267  1.25325
6  28  0.010316  3.51519
6  29  0.0104293  51.2968
6  30  0.0105657  4.11677
6  31  0.0107237  0.838179
6  32  0.0109015  0.324326
6  33  0.0110972  0.164439
6  34  0.0113082  0.0971599
6  35  0.0115316  0.0634984
6  36  0.0117641  0.0446364
6  37  0.0120021  0.0331868
6  38  0.0122414  0.0258129
6  39  0.0124777  0.0208465
6  40  0.0127064  0.0173864
6  41  0.0129228  0.0149154
6  42  0.0131221  0.0131222
6  43  0.0132999  0.0118123
6  44  0.0134519  0.0108609
6  45  0.0135744  0.0101868
6  46  0.0136642  0.00973734
6  47  0.013719  0.00947958
6  48  0.0137375  0.00939557

7  0  0.015712  0.00929535
7  1  0.015688  0.00937744
7  2  0.0156167  0.0096292
7  3  0.0155001  0.0100679
7  4  0.0153413  0.010725
7  5  0.0151447  0.0116509
7  6  0.0149154  0.0129228
7  7  0.0146589  0.014659
7  8  0.0143816  0.0170424
7  9  0.0140895  0.0203635
7  10  0.0137889  0.0251004
7  11  0.0134857  0.032075
7  12  0.0131855  0.0427842
7  13  0.0128933  0.0601558
7  14  0.0126136  0.0904771
7  15  0.0123505  0.149067
7  16  0.0121074  0.280705
7  17  0.011887  0.660275
7  18  0.011692  2.47794
7  19  0.011524  41.7296
7  20  0.0113847  6.8615
7  21  0.0112753  1.86137
7  22  0.0111965  1.01191
7  23  0.011149  0.751279
7  24  0.0111332  0.685981
7  25  0.011149  0.751279
7  26  0.0111965  1.01191
7  27  0.0112753  1.86137
7  28  0.0113847  6.8615
7  29  0.011524  41.7296
7  30  0.011692  2.47794
7  31  0.011887  0.660275
7  32  0.0121074  0.280705
7  33  0.0123505  0.149067
7  34  0.0126136  0.0904771
7  35  0.0128933  0.0601558
7  36  0.0131855  0.0427842
7  37  0.0134857  0.032075
7  38  0.0137889  0.0251004
7  39  0.0140895  0.0203635
7  40  0.0143816  0.0170424
7  41  0.0146589  0.014659
7  42  0.0149154  0.0129228
7  43  0.0151447  0.0116509
7  44  0.0153413  0.010725
7  45  0.0155001  0.0100679
7  46  0.0156167  0.0096292
7  47  0.015688  0.00937744
7  48  0.015712  0.00929535

8  0  0.0184646  0.00918571
8  1  0.0184319  0.00926571
8  2  0.0183349  0.00951098
8  3  0.0181764  0.00993802
8  4  0.0179612  0.0105768
8  5  0.0176954  0.0114752
8  6  0.0173864  0.0127064
8  7  0.0170423  0.0143816
8  8  0.0166718  0.0166719
8  9  0.0162835  0.0198464
8  10  0.0158859  0.0243431
8  11  0.0154868  0.0309049
8  12  0.0150937  0.0408604
8  13  0.014713  0.0567472
8  14  0.0143506  0.0838412
8  15  0.0140111  0.134416
8  16  0.0136989  0.241894
8  17  0.0134171  0.52195
8  18  0.0131685  1.58398
8  19  0.0129552  12.0341
8  20  0.0127788  19.8952
8  21  0.0126405  3.2246
8  22  0.0125411  1.51401
8  23  0.0124813  1.06361
8  24  0.0124613  0.956593
8  25  0.0124813  1.06361
8  26  0.0125411  1.51401
8  27  0.0126405  3.2246
8  28  0.0127788  19.8952
8  29  0.0129552  12.0341
8  30  0.0131685  1.58398
8  31  0.0134171  0.52195
8  32  0.0136989  0.241894
8  33  0.0140111  0.134416
8  34  0.0143506  0.0838412
8  35  0.014713  0.0567472
8  36  0.0150937  0.0408604
8  37  0.0154868  0.0309049
8  38  0.0158859  0.0243431
8  39  0.0162835  0.0198464
8  40  0.0166718  0.0166719
8  41  0.0170423  0.0143816
8  42  0.0173864  0.0127064
8  43  0.0176954  0.0114752
8  44  0.0179612  0.0105768
8  45  0.0181764  0.00993802
8  46  0.0183349  0.00951098
8  47  0.0184319  0.00926571
8  48  0.0184646  0.00918571

9  0  0.0223773  0.00906882
9  1  0.0223305  0.00914663
9  2  0.0221917  0.00938506
9  3  0.0219656  0.00979982
9  4  0.0216593  0.0104194
9  5  0.0212825  0.011289
9  6  0.0208465  0.0124777
9  7  0.0203635  0.0140896
9  8  0.0198463  0.0162836
9  9  0.0193076  0.0193077
9  10  0.0187595  0.0235604
9  11  0.0182129  0.0297081
9  12  0.017678  0.0389199
9  13  0.0171634  0.0533741
9  14  0.0166765  0.0774511
9  15  0.0162232  0.120873
9  16  0.0158086  0.208333
9  17  0.0154363  0.416123
9  18  0.0151094  1.0681
9  19  0.0148301  4.7411
9  20  0.0145999  63.6313
9  21  0.0144199  7.28208
9  22  0.0142908  2.61738
9  23  0.0142133  1.67935
9  24  0.0141874  1.47481
9  25  0.0142133  1.67935
9  26  0.0142908  2.61738
9  27  0.0144199  7.28208
9  28  0.0145999  63.6313
9  29  0.0148301  4.7411
9  30  0.0151094  1.0681
9  31  0.0154363  0.416123
9  32  0.0158086  0.208333
9  33  0.0162232  0.120873
9  34  0.0166765  0.0774511
9  35  0.0171634  0.0533741
9  36  0.017678  0.0389199
9  37  0.0182129  0.0297081
9  38  0.0187595  0.0235604
9  39  0.0193076  0.0193077
9  40  0.0198463  0.0162836
9  41  0.0203635  0.0140896
9  42  0.0208465  0.0124777
9  43  0.0212825  0.011289
9  44  0.0216593  0.0104194
9  45  0.0219656  0.00979982
9  46  0.0221917  0.00938506
9  47  0.0223305  0.00914663
9  48  0.0223773  0.00906882

10  0  0.0281048  0.00894695
10  1  0.028034  0.00902249
10  2  0.0278243  0.00925389
10  3  0.0274834  0.00965603
10  4  0.0270235  0.0102559
10  5  0.0264605  0.0110961
10  6  0.0258129  0.0122414
10  7  0.0251004  0.013789
10  8  0.024343  0.0158859
10  9  0.0235604  0.0187595
10  10  0.0227705  0.0227705
10  11  0.0219896  0.0285132
10  12  0.0212317  0.0370097
10  13  0.0205085  0.0501176
10  14  0.0198295  0.0714472
10  15  0.0192023  0.108649
10  16  0.0186325  0.179883
10  17  0.0181242  0.335673
10  18  0.0176805  0.754583
10  19  0.0173031  2.39066
10  20  0.0169935  17.6775
10  21  0.0167522  27.4659
10  22  0.0165798  5.78636
10  23  0.0164762  3.14213
10  24  0.0164417  2.64782
10  25  0.0164762  3.14213
10  26  0.0165798  5.78636
10  27  0.0167522  27.4659
10  28  0.0169935  17.6775
10  29  0.0173031  2.39066
10  30  0.0176805  0.754583
10  31  0.0181242  0.335673
10  32  0.0186325  0.179883
10  33  0.0192023  0.108649
10  34  0.0198295  0.0714472
10  35  0.0205085  0.0501176
10  36  0.0212317  0.0370097
10  37  0.0219896  0.0285132
10  38  0.0227705  0.0227705
10  39  0.0235604  0.0187595
10  40  0.024343  0.0158859
10  41  0.0251004  0.013789
10  42  0.0258129  0.0122414
10  43  0.0264605  0.0110961
10  44  0.0270235  0.0102559
10  45  0.0274834  0.00965603
10  46  0.0278243  0.00925389
10  47  0.028034  0.00902249
10  48  0.0281048  0.00894695

11  0  0.036834  0.00882236
11  1  0.0367197  0.00889562
11  2  0.0363818  0.00911992
11  3  0.0358344  0.00950934
11  4  0.0350997  0.0100893
11  5  0.0342064  0.0109001
11  6  0.0331867  0.0120021
11  7  0.032075  0.0134858
11  8  0.0309048  0.0154869
11  9  0.0297081  0.018213
11  10  0.0285132  0.0219896
11  11  0.0273445  0.0273446
11  12  0.0262225  0.0351682
11  13  0.025163  0.0470376
11  14  0.0241784  0.065918
11  15  0.0232773  0.0978129
11  16  0.0224659  0.156089
11  17  0.021748  0.274525
11  18  0.0211257  0.555212
11  19  0.0205998  1.40485
11  20  0.0201705  5.46749
11  21  0.0198375  49.0212
11  22  0.0196001  20.81
11  23  0.0194579  7.98407
11  24  0.0194106  6.19568
11  25  0.0194579  7.98407
11  26  0.0196001  20.81
11  27  0.0198375  49.0212
11  28  0.0201705  5.46749
11  29  0.0205998  1.40485
11  30  0.0211257  0.555212
11  31  0.021748  0.274525
11  32  0.0224659  0.156089
11  33  0.0232773  0.0978129
11  34  0.0241784  0.065918
11  35  0.025163  0.0470376
11  36  0.0262225  0.0351682
11  37  0.0273445  0.0273446
11  38  0.0285132  0.0219896
11  39  0.0297081  0.018213
11  40  0.0309048  0.0154869
11  41  0.032075  0.0134858
11  42  0.0331867  0.0120021
11  43  0.0342064  0.0109001
11  44  0.0350997  0.0100893
11  45  0.0358344  0.00950934
11  46  0.0363818  0.00911992
11  47  0.0367197  0.00889562
11  48  0.036834  0.00882236

12  0  0.0508794  0.0086973
12  1  0.0506799  0.0087683
12  2  0.0500914  0.00898557
12  3  0.0491428  0.00936242
12  4  0.047879  0.00992284
12  5  0.0463559  0.0107045
12  6  0.0446364  0.0117641
12  7  0.0427841  0.0131855
12  8  0.0408603  0.0150937
12  9  0.0389198  0.0176781
12  10  0.0370097  0.0212317
12  11  0.0351682  0.0262225
12  12  0.0334247  0.0334247
12  13  0.0318007  0.0441757
12  14  0.0303107  0.0609094
12  15  0.0289637  0.0883437
12  16  0.0277642  0.136368
12  17  0.0267136  0.227883
12  18  0.0258109  0.42339
12  19  0.0250541  0.914884
12  20  0.0244402  2.50334
12  21  0.0239665  10.3309
12  22  0.0236302  57.6134
12  23  0.0234293  36.551
12  24  0.0233625  24.6247
12  25  0.0234293  36.551
12  26  0.0236302  57.6134
12  27  0.0239665  10.3309
12  28  0.0244402  2.50334
12  29  0.0250541  0.914884
12  30  0.0258109  0.42339
12  31  0.0267136  0.227883
12  32  0.0277642  0.136368
12  33  0.0289637  0.0883437
12  34  0.0303107  0.0609094
12  35  0.0318007  0.0441757
12  36  0.0334247  0.0334247
12  37  0.0351682  0.0262225
12  38  0.0370097  0.0212317
12  39  0.0389198  0.0176781
12  40  0.0408603  0.0150937
12  41  0.0427841  0.0131855
12  42  0.0446364  0.0117641
12  43  0.0463559  0.0107045
12  44  0.047879  0.00992284
12  45  0.0491428  0.00936242
12  46  0.0500914  0.00898557
12  47  0.0506799  0.0087683
12  48  0.0508794  0.0086973

13  0  0.0752067  0.00857392
13  1  0.074822  0.00864272
13  2  0.0736911  0.00885315
13  3  0.0718811  0.00921779
13  4  0.0694941  0.00975923
13  5  0.066655  0.0105129
13  6  0.0634983  0.0115316
13  7  0.0601557  0.0128933
13  8  0.0567471  0.0147131
13  9  0.053374  0.0171635
13  10  0.0501175  0.0205085
13  11  0.0470376  0.0251631
13  12  0.0441756  0.0318007
13  13  0.0415571  0.0415572
13  14  0.0391949  0.0564356
13  15  0.0370924  0.0801621
13  16  0.0352466  0.120121
13  17  0.0336505  0.192113
13  18  0.0322945  0.333294
13  19  0.0311686  0.64189
13  20  0.0302628  1.41817
13  21  0.0295682  3.74619
13  22  0.0290776  11.9117
13  23  0.0287855  34.4981
13  24  0.0286885  49.7646
13  25  0.0287855  34.4981
13  26  0.0290776  11.9117
13  27  0.0295682  3.74619
13  28  0.0302628  1.41817
13  29  0.0311686  0.64189
13  30  0.0322945  0.333294
13  31  0.0336505  0.192113
13  32  0.0352466  0.120121
13  33  0.0370924  0.0801621
13  34  0.0391949  0.0564356
13  35  0.0415571  0.0415572
13  36  0.0441756  0.0318007
13  37  0.0470376  0.0251631
13  38  0.0501175  0.0205085
13  39  0.053374  0.0171635
13  40  0.0567471  0.0147131
13  41  0.0601557  0.0128933
13  42  0.0634983  0.0115316
13  43  0.066655  0.0105129
13  44  0.0694941  0.00975923
13  45  0.0718811  0.00921779
13  46  0.0736911  0.00885315
13  47  0.074822  0.00864272
13  48  0.0752067  0.00857392

14  0  0.12196  0.00845427
14  1  0.121111  0.00852096
14  2  0.118627  0.00872485
14  3  0.114694  0.00907782
14  4  0.109587  0.00960117
14  5  0.103632  0.0103282
14  6  0.0971597  0.0113082
14  7  0.0904769  0.0126136
14  8  0.083841  0.0143506
14  9  0.0774509  0.0166765
14  10  0.0714471  0.0198295
14  11  0.0659179  0.0241784
14  12  0.0609093  0.0303107
14  13  0.0564356  0.0391949
14  14  0.0524888  0.0524889
14  15  0.0490472  0.0731598
14  16  0.0460811  0.106792
14  17  0.0435578  0.164515
14  18  0.0414447  0.269979
14  19  0.0397114  0.476945
14  20  0.038331  0.915158
14  21  0.0372811  1.90196
14  22  0.0365439  4.09119
14  23  0.0361067  7.82756
14  24  0.0359618  10.222
14  25  0.0361067  7.82756
14  26  0.0365439  4.09119
14  27  0.0372811  1.90196
14  28  0.038331  0.915158
14  29  0.0397114  0.476945
14  30  0.0414447  0.269979
14  31  0.0435578  0.164515
14  32  0.0460811  0.106792
14  33  0.0490472  0.0731598
14  34  0.0524888  0.0524889
14  35  0.0564356  0.0391949
14  36  0.0609093  0.0303107
14  37  0.0659179  0.0241784
14  38  0.0714471  0.0198295
14  39  0.0774509  0.0166765
14  40  0.083841  0.0143506
14  41  0.0904769  0.0126136
14  42  0.0971597  0.0113082
14  43  0.103632  0.0103282
14  44  0.109587  0.00960117
14  45  0.114694  0.00907782
14  46  0.118627  0.00872485
14  47  0.121111  0.00852096
14  48  0.12196  0.00845427

15  0  0.227093  0.00834024
15  1  0.224795  0.00840495
15  2  0.218141  0.0086027
15  3  0.207797  0.00894472
15  4  0.194708  0.00945112
15  5  0.179926  0.0101532
15  6  0.164439  0.0110972
15  7  0.149067  0.0123505
15  8  0.134415  0.0140112
15  9  0.120873  0.0162232
15  10  0.108648  0.0192023
15  11  0.0978127  0.0232773
15  12  0.0883436  0.0289638
15  13  0.080162  0.0370924
15  14  0.0731597  0.0490473
15  15  0.0672179  0.067218
15  16  0.0622199  0.0958955
15  17  0.0580575  0.143105
15  18  0.0546351  0.224452
15  19  0.051871  0.371169
15  20  0.0496976  0.645522
15  21  0.0480611  1.16
15  22  0.0469206  2.04524
15  23  0.0462476  3.17781
15  24  0.0460251  3.77174
15  25  0.0462476  3.17781
15  26  0.0469206  2.04524
15  27  0.0480611  1.16
15  28  0.0496976  0.645522
15  29  0.051871  0.371169
15  30  0.0546351  0.224452
15  31  0.0580575  0.143105
15  32  0.0622199  0.0958955
15  33  0.0672179  0.067218
15  34  0.0731597  0.0490473
15  35  0.080162  0.0370924
15  36  0.0883436  0.0289638
15  37  0.0978127  0.0232773
15  38  0.108648  0.0192023
15  39  0.120873  0.0162232
15  40  0.134415  0.0140112
15  41  0.149067  0.0123505
15  42  0.164439  0.0110972
15  43  0.179926  0.0101532
15  44  0.194708  0.00945112
15  45  0.207797  0.00894472
15  46  0.218141  0.0086027
15  47  0.224795  0.00840495
15  48  0.227093  0.00834024

16  0  0.535788  0.00823359
16  1  0.527001  0.00829647
16  2  0.502026  0.00848854
16  3  0.464551  0.00882047
16  4  0.419425  0.00931127
16  5  0.371411  0.00999047
16  6  0.324325  0.0109015
16  7  0.280704  0.0121074
16  8  0.241893  0.0136989
16  9  0.208333  0.0158086
16  10  0.179883  0.0186325
16  11  0.156089  0.022466
16  12  0.136368  0.0277643
16  13  0.120121  0.0352467
16  14  0.106792  0.0460812
16  15  0.0958954  0.06222
16  16  0.0870226  0.0870226
16  17  0.0798369  0.126426
16  18  0.0740675  0.191117
16  19  0.0694992  0.300259
16  20  0.0659647  0.486341
16  21  0.0633368  0.794243
16  22  0.0615225  1.24712
16  23  0.0604583  1.73963
16  24  0.0601076  1.97122
16  25  0.0604583  1.73963
16  26  0.0615225  1.24712
16  27  0.0633368  0.794243
16  28  0.0659647  0.486341
16  29  0.0694992  0.300259
16  30  0.0740675  0.191117
16  31  0.0798369  0.126426
16  32  0.0870226  0.0870226
16  33  0.0958954  0.06222
16  34  0.106792  0.0460812
16  35  0.120121  0.0352467
16  36  0.136368  0.0277643
16  37  0.156089  0.022466
16  38  0.179883  0.0186325
16  39  0.208333  0.0158086
16  40  0.241893  0.0136989
16  41  0.280704  0.0121074
16  42  0.324325  0.0109015
16  43  0.371411  0.00999047
16  44  0.419425  0.00931127
16  45  0.464551  0.00882047
16  46  0.502026  0.00848854
16  47  0.527001  0.00829647
16  48  0.535788  0.00823359

17  0  2.14087  0.00813586
17  1  2.06858  0.00819709
17  2  1.87317  0.00838402
17  3  1.6061  0.00870682
17  4  1.32212  0.00918355
17  5  1.05998  0.00984216
17  6  0.838175  0.0107237
17  7  0.660272  0.0118871
17  8  0.521948  0.0134171
17  9  0.416122  0.0154363
17  10  0.335672  0.0181242
17  11  0.274524  0.021748
17  12  0.227883  0.0267136
17  13  0.192113  0.0336505
17  14  0.164515  0.0435579
17  15  0.143105  0.0580575
17  16  0.126426  0.079837
17  17  0.113414  0.113414
17  18  0.103286  0.166388
17  19  0.0954684  0.25115
17  20  0.0895423  0.385894
17  21  0.0852057  0.589809
17  22  0.0822462  0.860033
17  23  0.0805236  1.12567
17  24  0.079958  1.24273
17  25  0.0805236  1.12567
17  26  0.0822462  0.860033
17  27  0.0852057  0.589809
17  28  0.0895423  0.385894
17  29  0.0954684  0.25115
17  30  0.103286  0.166388
17  31  0.113414  0.113414
17  32  0.126426  0.079837
17  33  0.143105  0.0580575
17  34  0.164515  0.0435579
17  35  0.192113  0.0336505
17  36  0.227883  0.0267136
17  37  0.274524  0.021748
17  38  0.335672  0.0181242
17  39  0.416122  0.0154363
17  40  0.521948  0.0134171
17  41  0.660272  0.0118871
17  42  0.838175  0.0107237
17  43  1.05998  0.00984216
17  44  1.32212  0.00918355
17  45  1.6061  0.00870682
17  46  1.87317  0.00838402
17  47  2.06858  0.00819709
17  48  2.14087  0.00813586

18  0  57.054  0.00804844
18  1  53.2861  0.0081082
18  2  41.0393  0.00829059
18  3  25.1136  0.00860532
18  4  13.5561  0.00906963
18  5  7.28424  0.00971013
18  6  4.11674  0.0105657
18  7  2.47792  0.011692
18  8  1.58397  0.0131685
18  9  1.0681  0.0151094
18  10  0.754581  0.0176805
18  11  0.55521  0.0211257
18  12  0.423389  0.0258109
18  13  0.333294  0.0322946
18  14  0.269979  0.0414448
18  15  0.224451  0.0546351
18  16  0.191116  0.0740675
18  17  0.166388  0.103286
18  18  0.147911  0.147911
18  19  0.13411  0.216377
18  20  0.123916  0.319544
18  21  0.116602  0.465804
18  22  0.111682  0.64606
18  23  0.108845  0.811767
18  24  0.107918  0.881812
18  25  0.108845  0.811767
18  26  0.111682  0.64606
18  27  0.116602  0.465804
18  28  0.123916  0.319544
18  29  0.13411  0.216377
18  30  0.147911  0.147911
18  31  0.166388  0.103286
18  32  0.191116  0.0740675
18  33  0.224451  0.0546351
18  34  0.269979  0.0414448
18  35  0.333294  0.0322946
18  36  0.423389  0.0258109
18  37  0.55521  0.0211257
18  38  0.754581  0.0176805
18  39  1.0681  0.0151094
18  40  1.58397  0.0131685
18  41  2.47792  0.011692
18  42  4.11674  0.0105657
18  43  7.28424  0.00971013
18  44  13.5561  0.00906963
18  45  25.1136  0.00860532
18  46  41.0393  0.00829059
18  47  53.2861  0.0081082
18  48  57.054  0.00804844

19  0  3.56741  0.0079725
19  1  3.74668  0.00803099
19  2  4.36758  0.00820948
19  3  5.77381  0.00851728
19  4  9.07238  0.00897095
19  5  18.605  0.00959593
19  6  51.2974  0.0104293
19  7  41.7291  0.011524
19  8  12.034  0.0129552
19  9  4.74107  0.0148301
19  10  2.39065  0.0173032
19  11  1.40484  0.0205998
19  12  0.914881  0.0250541
19  13  0.641889  0.0311686
19  14  0.476944  0.0397114
19  15  0.371168  0.051871
19  16  0.300259  0.0694993
19  17  0.251149  0.0954684
19  18  0.216377  0.13411
19  19  0.191471  0.191471
19  20  0.173661  0.274442
19  21  0.16119  0.386531
19  22  0.152946  0.517712
19  23  0.148246  0.632863
19  24  0.146718  0.680191
19  25  0.148246  0.632863
19  26  0.152946  0.517712
19  27  0.16119  0.386531
19  28  0.173661  0.274442
19  29  0.191471  0.191471
19  30  0.216377  0.13411
19  31  0.251149  0.0954684
19  32  0.300259  0.0694993
19  33  0.371168  0.051871
19  34  0.476944  0.0397114
19  35  0.641889  0.0311686
19  36  0.914881  0.0250541
19  37  1.40484  0.0205998
19  38  2.39065  0.0173032
19  39  4.74107  0.0148301
19  40  12.034  0.0129552
19  41  41.7291  0.011524
19  42  51.2974  0.0104293
19  43  18.605  0.00959593
19  44  9.07238  0.00897095
19  45  5.77381  0.00851728
19  46  4.36758  0.00820948
19  47  3.74668  0.00803099
19  48  3.56741  0.0079725

20  0  1.0089  0.00790903
20  1  1.037  0.00796648
20  2  1.1281  0.00814174
20  3  1.30656  0.0084438
20  4  1.62996  0.00888866
20  5  2.23713  0.00950083
20  6  3.51521  0.010316
20  7  6.86155  0.0113847
20  8  19.8954  0.0127788
20  9  63.6313  0.0145999
20  10  17.6774  0.0169935
20  11  5.46746  0.0201705
20  12  2.50333  0.0244403
20  13  1.41816  0.0302628
20  14  0.915157  0.038331
20  15  0.645521  0.0496976
20  16  0.48634  0.0659648
20  17  0.385894  0.0895424
20  18  0.319544  0.123916
20  19  0.274442  0.173661
20  20  0.243431  0.243432
20  21  0.222338  0.334402
20  22  0.208674  0.436999
20  23  0.200984  0.524198
20  24  0.1985  0.559354
20  25  0.200984  0.524198
20  26  0.208674  0.436999
20  27  0.222338  0.334402
20  28  0.243431  0.243432
20  29  0.274442  0.173661
20  30  0.319544  0.123916
20  31  0.385894  0.0895424
20  32  0.48634  0.0659648
20  33  0.645521  0.0496976
20  34  0.915157  0.038331
20  35  1.41816  0.0302628
20  36  2.50333  0.0244403
20  37  5.46746  0.0201705
20  38  17.6774  0.0169935
20  39  63.6313  0.0145999
20  40  19.8954  0.0127788
20  41  6.86155  0.0113847
20  42  3.51521  0.010316
20  43  2.23713  0.00950083
20  44  1.62996  0.00888866
20  45  1.30656  0.0084438
20  46  1.1281  0.00814174
20  47  1.037  0.00796648
20  48  1.0089  0.00790903

21  0  0.530682  0.00785885
21  1  0.541691  0.00791548
21  2  0.576644  0.00808819
21  3  0.64207  0.00838576
21  4  0.751934  0.00882371
21  5  0.934859  0.00942587
21  6  1.25326  0.0102267
21  7  1.86137  0.0112753
21  8  3.22461  0.0126405
21  9  7.28212  0.0144199
21  10  27.4661  0.0167523
21  11  49.0209  0.0198375
21  12  10.3309  0.0239665
21  13  3.74617  0.0295683
21  14  1.90196  0.0372811
21  15  1.16  0.0480611
21  16  0.794242  0.0633369
21  17  0.589809  0.0852058
21  18  0.465803  0.116602
21  19  0.386531  0.16119
21  20  0.334402  0.222338
21  21  0.300064  0.300064
21  22  0.27831  0.385471
21  23  0.266237  0.456458
21  24  0.262364  0.484705
21  25  0.266237  0.456458
21  26  0.27831  0.385471
21  27  0.300064  0.300064
21  28  0.334402  0.222338
21  29  0.386531  0.16119
21  30  0.465803  0.116602
21  31  0.589809  0.0852058
21  32  0.794242  0.0633369
21  33  1.16  0.0480611
21  34  1.90196  0.0372811
21  35  3.74617  0.0295683
21  36  10.3309  0.0239665
21  37  49.0209  0.0198375
21  38  27.4661  0.0167523
21  39  7.28212  0.0144199
21  40  3.22461  0.0126405
21  41  1.86137  0.0112753
21  42  1.25326  0.0102267
21  43  0.934859  0.00942587
21  44  0.751934  0.00882371
21  45  0.64207  0.00838576
21  46  0.576644  0.00808819
21  47  0.541691  0.00791548
21  48  0.530682  0.00785885

22  0  0.367803  0.00782256
22  1  0.37428  0.0078786
22  2  0.39465  0.00804949
22  3  0.432031  0.00834383
22  4  0.492801  0.00877682
22  5  0.58915  0.00937179
22  6  0.745096  0.0101624
22  7  1.01192  0.0111965
22  8  1.51402  0.0125411
22  9  2.61739  0.0142909
22  10  5.78638  0.0165798
22  11  20.8101  0.0196001
22  12  57.6132  0.0236302
22  13  11.9116  0.0290777
22  14  4.09118  0.0365439
22  15  2.04523  0.0469206
22  16  1.24712  0.0615225
22  17  0.860032  0.0822462
22  18  0.646059  0.111682
22  19  0.517712  0.152947
22  20  0.436999  0.208674
22  21  0.385471  0.27831
22  22  0.353516  0.353516
22  23  0.336016  0.415116
22  24  0.330438  0.439419
22  25  0.336016  0.415116
22  26  0.353516  0.353516
22  27  0.385471  0.27831
22  28  0.436999  0.208674
22  29  0.517712  0.152947
22  30  0.646059  0.111682
22  31  0.860032  0.0822462
22  32  1.24712  0.0615225
22  33  2.04523  0.0469206
22  34  4.09118  0.0365439
22  35  11.9116  0.0290777
22  36  57.6132  0.0236302
22  37  20.8101  0.0196001
22  38  5.78638  0.0165798
22  39  2.61739  0.0142909
22  40  1.51402  0.0125411
22  41  1.01192  0.0111965
22  42  0.745096  0.0101624
22  43  0.58915  0.00937179
22  44  0.492801  0.00877682
22  45  0.432031  0.00834383
22  46  0.39465  0.00804949
22  47  0.37428  0.0078786
22  48  0.367803  0.00782256

23  0  0.302811  0.00780062
23  1  0.307707  0.0078563
23  2  0.323038  0.00802609
23  3  0.350917  0.00831848
23  4  0.395583  0.00874849
23  5  0.46488  0.00933913
23  6  0.573578  0.0101236
23  7  0.751281  0.011149
23  8  1.06361  0.0124813
23  9  1.67935  0.0142133
23  10  3.14214  0.0164762
23  11  7.9841  0.019458
23  12  36.5512  0.0234294
23  13  34.498  0.0287855
23  14  7.82754  0.0361067
23  15  3.17781  0.0462476
23  16  1.73963  0.0604584
23  17  1.12567  0.0805236
23  18  0.811767  0.108845
23  19  0.632862  0.148246
23  20  0.524198  0.200984
23  21  0.456458  0.266237
23  22  0.415116  0.336016
23  23  0.392697  0.392697
23  24  0.385585  0.414951
23  25  0.392697  0.392697
23  26  0.415116  0.336016
23  27  0.456458  0.266237
23  28  0.524198  0.200984
23  29  0.632862  0.148246
23  30  0.811767  0.108845
23  31  1.12567  0.0805236
23  32  1.73963  0.0604584
23  33  3.17781  0.0462476
23  34  7.82754  0.0361067
23  35  34.498  0.0287855
23  36  36.5512  0.0234294
23  37  7.9841  0.019458
23  38  3.14214  0.0164762
23  39  1.67935  0.0142133
23  40  1.06361  0.0124813
23  41  0.751281  0.011149
23  42  0.573578  0.0101236
23  43  0.46488  0.00933913
23  44  0.395583  0.00874849
23  45  0.350917  0.00831848
23  46  0.323038  0.00802609
23  47  0.307707  0.0078563
23  48  0.302811  0.00780062

24  0  0.284807  0.00779328
24  1  0.28929  0.00784884
24  2  0.303312  0.00801826
24  3  0.328742  0.00831
24  4  0.36931  0.00873901
24  5  0.431853  0.00932821
24  6  0.529077  0.0101107
24  7  0.685982  0.0111332
24  8  0.956594  0.0124613
24  9  1.47481  0.0141874
24  10  2.64783  0.0164417
24  11  6.1957  0.0194106
24  12  24.6248  0.0233625
24  13  49.7644  0.0286885
24  14  10.222  0.0359618
24  15  3.77174  0.0460251
24  16  1.97122  0.0601077
24  17  1.24273  0.079958
24  18  0.881812  0.107918
24  19  0.680191  0.146718
24  20  0.559354  0.1985
24  21  0.484705  0.262364
24  22  0.439419  0.330438
24  23  0.414951  0.385585
24  24  0.407203  0.407203
24  25  0.414951  0.385585
24  26  0.439419  0.330438
24  27  0.484705  0.262364
24  28  0.559354  0.1985
24  29  0.680191  0.146718
24  30  0.881812  0.107918
24  31  1.24273  0.079958
24  32  1.97122  0.0601077
24  33  3.77174  0.0460251
24  34  10.222  0.0359618
24  35  49.7644  0.0286885
24  36  24.6248  0.0233625
24  37  6.1957  0.0194106
24  38  2.64783  0.0164417
24  39  1.47481  0.0141874
24  40  0.956594  0.0124613
24  41  0.685982  0.0111332
24  42  0.529077  0.0101107
24  43  0.431853  0.00932821
24  44  0.36931  0.00873901
24  45  0.328742  0.00831
24  46  0.303312  0.00801826
24  47  0.28929  0.00784884
24  48  0.284807  0.00779328

25  0  0.302811  0.00780062
25  1  0.307707  0.0078563
25  2  0.323038  0.00802609
25  3  0.350917  0.00831848
25  4  0.395583  0.00874849
25  5  0.46488  0.00933913
25  6  0.573578  0.0101236
25  7  0.751281  0.011149
25  8  1.06361  0.0124813
25  9  1.67935  0.0142133
25  10  3.14214  0.0164762
25  11  7.9841  0.019458
25  12  36.5512  0.0234294
25  13  34.498  0.0287855
25  14  7.82754  0.0361067
25  15  3.17781  0.0462476
25  16  1.73963  0.0604584
25  17  1.12567  0.0805236
25  18  0.811767  0.108845
25  19  0.632862  0.148246
25  20  0.524198  0.200984
25  21  0.456458  0.266237
25  22  0.415116  0.336016
25  23  0.392697  0.392697
25  24  0.385585  0.414951
25  25  0.392697  0.392697
25  26  0.415116  0.336016
25  27  0.456458  0.266237
25  28  0.524198  0.200984
25  29  0.632862  0.148246
25  30  0.811767  0.108845
25  31  1.12567  0.0805236
25  32  1.73963  0.0604584
25  33  3.17781  0.0462476
25  34  7.82754  0.0361067
25  35  34.498  0.0287855
25  36  36.5512  0.0234294
25  37  7.9841  0.019458
25  38  3.14214  0.0164762
25  39  1.67935  0.0142133
25  40  1.06361  0.0124813
25  41  0.751281  0.011149
25  42  0.573578  0.0101236
25  43  0.46488  0.00933913
25  44  0.395583  0.00874849
25  45  0.350917  0.00831848
25  46  0.323038  0.00802609
25  47  0.307707  0.0078563
25  48  0.302811  0.00780062

26  0  0.367803  0.00782256
26  1  0.37428  0.0078786
26  2  0.39465  0.00804949
26  3  0.432031  0.00834383
26  4  0.492801  0.00877682
26  5  0.58915  0.00937179
26  6  0.745096  0.0101624
26  7  1.01192  0.0111965
26  8  1.51402  0.0125411
26  9  2.61739  0.0142909
26  10  5.78638  0.0165798
26  11  20.8101  0.0196001
26  12  57.6132  0.0236302
26  13  11.9116  0.0290777
26  14  4.09118  0.0365439
26  15  2.04523  0.0469206
26  16  1.24712  0.0615225
26  17  0.860032  0.0822462
26  18  0.646059  0.111682
26  19  0.517712  0.152947
26  20  0.436999  0.208674
26  21  0.385471  0.27831
26  22  0.353516  0.353516
26  23  0.336016  0.415116
26  24  0.330438  0.439419
26  25  0.336016  0.415116
26  26  0.353516  0.353516
26  27  0.385471  0.27831
26  28  0.436999  0.208674
26  29  0.517712  0.152947
26  30  0.646059  0.111682
26  31  0.860032  0.0822462
26  32  1.24712  0.0615225
26  33  2.04523  0.0469206
26  34  4.09118  0.0365439
26  35  11.9116  0.0290777
26  36  57.6132  0.0236302
26  37  20.8101  0.0196001
26  38  5.78638  0.0165798
26  39  2.61739  0.0142909
26  40  1.51402  0.0125411
26  41  1.01192  0.0111965
26  42  0.745096  0.0101624
26  43  0.58915  0.00937179
26  44  0.492801  0.00877682
26  45  0.432031  0.00834383
26  46  0.39465  0.00804949
26  47  0.37428  0.0078786
26  48  0.367803  0.00782256

27  0  0.530682  0.00785885
27  1  0.541691  0.00791548
27  2  0.576644  0.00808819
27  3  0.64207  0.00838576
27  4  0.751934  0.00882371
27  5  0.934859  0.00942587
27  6  1.25326  0.0102267
27  7  1.86137  0.0112753
27  8  3.22461  0.0126405
27  9  7.28212  0.0144199
27  10  27.4661  0.0167523
27  11  49.0209  0.0198375
27  12  10.3309  0.0239665
27  13  3.74617  0.0295683
27  14  1.90196  0.0372811
27  15  1.16  0.0480611
27  16  0.794242  0.0633369
27  17  0.589809  0.0852058
27  18  0.465803  0.116602
27  19  0.386531  0.16119
27  20  0.334402  0.222338
27  21  0.300064  0.300064
27  22  0.27831  0.385471
27  23  0.266237  0.456458
27  24  0.262364  0.484705
27  25  0.266237  0.456458
27  26  0.27831  0.385471
27  27  0.300064  0.300064
27  28  0.334402  0.222338
27  29  0.386531  0.16119
27  30  0.465803  0.116602
27  31  0.589809  0.0852058
27  32  0.794242  0.0633369
27  33  1.16  0.0480611
27  34  1.90196  0.0372811
27  35  3.74617  0.0295683
27  36  10.3309  0.0239665
27  37  49.0209  0.0198375
27  38  27.4661  0.0167523
27  39  7.28212  0.0144199
27  40  3.22461  0.0126405
27  41  1.86137  0.0112753
27  42  1.25326  0.0102267
27  43  0.934859  0.00942587
27  44  0.751934  0.00882371
27  45  0.64207  0.00838576
27  46  0.576644  0.00808819
27  47  0.541691  0.00791548
27  48  0.530682  0.00785885

28  0  1.0089  0.00790903
28  1  1.037  0.00796648
28  2  1.1281  0.00814174
28  3  1.30656  0.0084438
28  4  1.62996  0.00888866
28  5  2.23713  0.00950083
28  6  3.51521  0.010316
28  7  6.86155  0.0113847
28  8  19.8954  0.0127788
28  9  63.6313  0.0145999
28  10  17.6774  0.0169935
28  11  5.46746  0.0201705
28  12  2.50333  0.0244403
28  13  1.41816  0.0302628
28  14  0.915157  0.038331
28  15  0.645521  0.0496976
28  16  0.48634  0.0659648
28  17  0.385894  0.0895424
28  18  0.319544  0.123916
28  19  0.274442  0.173661
28  20  0.243431  0.243432
28  21  0.222338  0.334402
28  22  0.208674  0.436999
28  23  0.200984  0.524198
28  24  0.1985  0.559354
28  25  0.200984  0.524198
28  26  0.208674  0.436999
28  27  0.222338  0.334402
28  28  0.243431  0.243432
28  29  0.274442  0.173661
28  30  0.319544  0.123916
28  31  0.385894  0.0895424
28  32  0.48634  0.0659648
28  33  0.645521  0.0496976
28  34  0.915157  0.038331
28  35  1.41816  0.0302628
28  36  2.50333  0.0244403
28  37  5.46746  0.0201705
28  38  17.6774  0.0169935
28  39  63.6313  0.0145999
28  40  19.8954  0.0127788
28  41  6.86155  0.0113847
28  42  3.51521  0.010316
28  43  2.23713  0.00950083
28  44  1.62996  0.00888866
28  45  1.30656  0.0084438
28  46  1.1281  0.00814174
28  47  1.037  0.00796648
28  48  1.0089  0.00790903

29  0  3.56741  0.0079725
29  1  3.74668  0.00803099
29  2  4.36758  0.00820948
29  3  5.77381  0.00851728
29  4  9.07238  0.00897095
29  5  18.605  0.00959593
29  6  51.2974  0.0104293
29  7  41.7291  0.011524
29  8  12.034  0.0129552
29  9  4.74107  0.0148301
29  10  2.39065  0.0173032
29  11  1.40484  0.0205998
29  12  0.914881  0.0250541
29  13  0.641889  0.0311686
29  14  0.476944  0.0397114
29  15  0.371168  0.051871
29  16  0.300259  0.0694993
29  17  0.251149  0.0954684
29  18  0.216377  0.13411
29  19  0.191471  0.191471
29  20  0.173661  0.274442
29  21  0.16119  0.386531
29  22  0.152946  0.517712
29  23  0.148246  0.632863
29  24  0.146718  0.680191
29  25  0.148246  0.632863
29  26  0.152946  0.517712
29  27  0.16119  0.386531
29  28  0.173661  0.274442
29  29  0.191471  0.191471
29  30  0.216377  0.13411
29  31  0.251149  0.0954684
29  32  0.300259  0.0694993
29  33  0.371168  0.051871
29  34  0.476944  0.0397114
29  35  0.641889  0.0311686
29  36  0.914881  0.0250541
29  37  1.40484  0.0205998
29  38  2.39065  0.0173032
29  39  4.74107  0.0148301
29  40  12.034  0.0129552
29  41  41.7291  0.011524
29  42  51.2974  0.0104293
29  43  18.605  0.00959593
29  44  9.07238  0.00897095
29  45  5.77381  0.00851728
29  46  4.36758  0.00820948
29  47  3.74668  0.00803099
29  48  3.56741  0.0079725

30  0  57.054  0.00804844
30  1  53.2861  0.0081082
30  2  41.0393  0.00829059
30  3  25.1136  0.00860532
30  4  13.5561  0.00906963
30  5  7.28424  0.00971013
30  6  4.11674  0.0105657
30  7  2.47792  0.011692
30  8  1.58397  0.0131685
30  9  1.0681  0.0151094
30  10  0.754581  0.0176805
30  11  0.55521  0.0211257
30  12  0.423389  0.0258109
30  13  0.333294  0.0322946
30  14  0.269979  0.0414448
30  15  0.224451  0.0546351
30  16  0.191116  0.0740675
30  17  0.166388  0.103286
30  18  0.147911  0.147911
30  19  0.13411  0.216377
30  20  0.123916  0.319544
30  21  0.116602  0.465804
30  22  0.111682  0.64606
30  23  0.108845  0.811767
30  24  0.107918  0.881812
30  25  0.108845  0.811767
30  26  0.111682  0.64606
30  27  0.116602  0.465804
30  28  0.123916  0.319544
30  29  0.13411  0.216377
30  30  0.147911  0.147911
30  31  0.166388  0.103286
30  32  0.191116  0.0740675
30  33  0.224451  0.0546351
30  34  0.269979  0.0414448
30  35  0.333294  0.0322946
30  36  0.423389  0.0258109
30  37  0.55521  0.0211257
30  38  0.754581  0.0176805
30  39  1.0681  0.0151094
30  40  1.58397  0.0131685
30  41  2.47792  0.011692
30  42  4.11674  0.0105657
30  43  7.28424  0.00971013
30  44  13.5561  0.00906963
30  45  25.1136  0.00860532
30  46  41.0393  0.00829059
30  47  53.2861  0.0081082
30  48  57.054  0.00804844

31  0  2.14087  0.00813586
31  1  2.06858  0.00819709
31  2  1.87317  0.00838402
31  3  1.6061  0.00870682
31  4  1.32212  0.00918355
31  5  1.05998  0.00984216
31  6  0.838175  0.0107237
31  7  0.660272  0.0118871
31  8  0.521948  0.0134171
31  9  0.416122  0.0154363
31  10  0.335672  0.0181242
31  11  0.274524  0.021748
31  12  0.227883  0.0267136
31  13  0.192113  0.0336505
31  14  0.164515  0.0435579
31  15  0.143105  0.0580575
31  16  0.126426  0.079837
31  17  0.113414  0.113414
31  18  0.103286  0.166388
31  19  0.0954684  0.25115
31  20  0.0895423  0.385894
31  21  0.0852057  0.589809
31  22  0.0822462  0.860033
31  23  0.0805236  1.12567
31  24  0.079958  1.24273
31  25  0.0805236  1.12567
31  26  0.0822462  0.860033
31  27  0.0852057  0.589809
31  28  0.0895423  0.385894
31  29  0.0954684  0.25115
31  30  0.103286  0.166388
31  31  0.113414  0.113414
31  32  0.126426  0.079837
31  33  0.143105  0.0580575
31  34  0.164515  0.0435579
31  35  0.192113  0.0336505
31  36  0.227883  0.0267136
31  37  0.274524  0.021748
31  38  0.335672  0.0181242
31  39  0.416122  0.0154363
31  40  0.521948  0.0134171
31  41  0.660272  0.0118871
31  42  0.838175  0.0107237
31  43  1.05998  0.00984216
31  44  1.32212  0.00918355
31  45  1.6061  0.00870682
31  46  1.87317  0.00838402
31  47  2.06858  0.00819709
31  48  2.14087  0.00813586

32  0  0.535788  0.00823359
32  1  0.527001  0.00829647
32  2  0.502026  0.00848854
32  3  0.464551  0.00882047
32  4  0.419425  0.00931127
32  5  0.371411  0.00999047
32  6  0.324325  0.0109015
32  7  0.280704  0.0121074
32  8  0.241893  0.0136989
32  9  0.208333  0.0158086
32  10  0.179883  0.0186325
32  11  0.156089  0.022466
32  12  0.136368  0.0277643
32  13  0.120121  0.0352467
32  14  0.106792  0.0460812
32  15  0.0958954  0.06222
32  16  0.0870226  0.0870226
32  17  0.0798369  0.126426
32  18  0.0740675  0.191117
32  19  0.0694992  0.300259
32  20  0.0659647  0.486341
32  21  0.0633368  0.794243
32  22  0.0615225  1.24712
32  23  0.0604583  1.73963
32  24  0.0601076  1.97122
32  25  0.0604583  1.73963
32  26  0.0615225  1.24712
32  27  0.0633368  0.794243
32  28  0.0659647  0.486341
32  29  0.0694992  0.300259
32  30  0.0740675  0.191117
32  31  0.0798369  0.126426
32  32  0.0870226  0.0870226
32  33  0.0958954  0.06222
32  34  0.106792  0.0460812
32  35  0.120121  0.0352467
32  36  0.136368  0.0277643
32  37  0.156089  0.022466
32  38  0.179883  0.0186325
32  39  0.208333  0.0158086
32  40  0.241893  0.0136989
32  41  0.280704  0.0121074
32  42  0.324325  0.0109015
32  43  0.371411  0.00999047
32  44  0.419425  0.00931127
32  45  0.464551  0.00882047
32  46  0.502026  0.00848854
32  47  0.527001  0.00829647
32  48  0.535788  0.00823359

33  0  0.227093  0.00834024
33  1  0.224795  0.00840495
33  2  0.218141  0.0086027
33  3  0.207797  0.00894472
33  4  0.194708  0.00945112
33  5  0.179926  0.0101532
33  6  0.164439  0.0110972
33  7  0.149067  0.0123505
33  8  0.134415  0.0140112
33  9  0.120873  0.0162232
33  10  0.108648  0.0192023
33  11  0.0978127  0.0232773
33  12  0.0883436  0.0289638
33  13  0.080162  0.0370924
33  14  0.0731597  0.0490473
33  15  0.0672179  0.067218
33  16  0.0622199  0.0958955
33  17  0.0580575  0.143105
33  18  0.0546351  0.224452
33  19  0.051871  0.371169
33  20  0.0496976  0.645522
33  21  0.0480611  1.16
33  22  0.0469206  2.04524
33  23  0.0462476  3.17781
33  24  0.0460251  3.77174
33  25  0.0462476  3.17781
33  26  0.0469206  2.04524
33  27  0.0480611  1.16
33  28  0.0496976  0.645522
33  29  0.051871  0.371169
33  30  0.0546351  0.224452
33  31  0.0580575  0.143105
33  32  0.0622199  0.0958955
33  33  0.0672179  0.067218
33  34  0.0731597  0.0490473
33  35  0.080162  0.0370924
33  36  0.0883436  0.0289638
33  37  0.0978127  0.0232773
33  38  0.108648  0.0192023
33  39  0.120873  0.0162232
33  40  0.134415  0.0140112
33  41  0.149067  0.0123505
33  42  0.164439  0.0110972
33  43  0.179926  0.0101532
33  44  0.194708  0.00945112
33  45  0.207797  0.00894472
33  46  0.218141  0.0086027
33  47  0.224795  0.00840495
33  48  0.227093  0.00834024

34  0  0.12196  0.00845427
34  1  0.121111  0.00852096
34  2  0.118627  0.00872485
34  3  0.114694  0.00907782
34  4  0.109587  0.00960117
34  5  0.103632  0.0103282
34  6  0.0971597  0.0113082
34  7  0.0904769  0.0126136
34  8  0.083841  0.0143506
34  9  0.0774509  0.0166765
34  10  0.0714471  0.0198295
34  11  0.0659179  0.0241784
34  12  0.0609093  0.0303107
34  13  0.0564356  0.0391949
34  14  0.0524888  0.0524889
34  15  0.0490472  0.0731598
34  16  0.0460811  0.106792
34  17  0.0435578  0.164515
34  18  0.0414447  0.269979
34  19  0.0397114  0.476945
34  20  0.038331  0.915158
34  21  0.0372811  1.90196
34  22  0.0365439  4.09119
34  23  0.0361067  7.82756
34  24  0.0359618  10.222
34  25  0.0361067  7.82756
34  26  0.0365439  4.09119
34  27  0.0372811  1.90196
34  28  0.038331  0.915158
34  29  0.0397114  0.476945
34  30  0.0414447  0.269979
34  31  0.0435578  0.164515
34  32  0.0460811  0.106792
34  33  0.0490472  0.0731598
34  34  0.0524888  0.0524889
34  35  0.0564356  0.0391949
34  36  0.0609093  0.0303107
34  37  0.0659179  0.0241784
34  38  0.0714471  0.0198295
34  39  0.0774509  0.0166765
34  40  0.083841  0.0143506
34  41  0.0904769  0.0126136
34  42  0.0971597  0.0113082
34  43  0.103632  0.0103282
34  44  0.109587  0.00960117
34  45  0.114694  0.00907782
34  46  0.118627  0.00872485
34  47  0.121111  0.00852096
34  48  0.12196  0.00845427

35  0  0.0752067  0.00857392
35  1  0.074822  0.00864272
35  2  0.0736911  0.00885315
35  3  0.0718811  0.00921779
35  4  0.0694941  0.00975923
35  5  0.066655  0.0105129
35  6  0.0634983  0.0115316
35  7  0.0601557  0.0128933
35  8  0.0567471  0.0147131
35  9  0.053374  0.0171635
35  10  0.0501175  0.0205085
35  11  0.0470376  0.0251631
35  12  0.0441756  0.0318007
35  13  0.0415571  0.0415572
35  14  0.0391949  0.0564356
35  15  0.0370924  0.0801621
35  16  0.0352466  0.120121
35  17  0.0336505  0.192113
35  18  0.0322945  0.333294
35  19  0.0311686  0.64189
35  20  0.0302628  1.41817
35  21  0.0295682  3.74619
35  22  0.0290776  11.9117
35  23  0.0287855  34.4981
35  24  0.0286885  49.7646
35  25  0.0287855  34.4981
35  26  0.0290776  11.9117
35  27  0.0295682  3.74619
35  28  0.0302628  1.41817
35  29  0.0311686  0.64189
35  30  0.0322945  0.333294
35  31  0.0336505  0.192113
35  32  0.0352466  0.120121
35  33  0.0370924  0.0801621
35  34  0.0391949  0.0564356
35  35  0.0415571  0.0415572
35  36  0.0441756  0.0318007
35  37  0.0470376  0.0251631
35  38  0.0501175  0.0205085
35  39  0.053374  0.0171635
35  40  0.0567471  0.0147131
35  41  0.0601557  0.0128933
35  42  0.0634983  0.0115316
35  43  0.066655  0.0105129
35  44  0.0694941  0.00975923
35  45  0.0718811  0.00921779
35  46  0.0736911  0.00885315
35  47  0.074822  0.00864272
35  48  0.0752067  0.00857392

36  0  0.0508794  0.0086973
36  1  0.0506799  0.0087683
36  2  0.0500914  0.00898557
36  3  0.0491428  0.00936242
36  4  0.047879  0.00992284
36  5  0.0463559  0.0107045
36  6  0.0446364  0.0117641
36  7  0.0427841  0.0131855
36  8  0.0408603  0.0150937
36  9  0.0389198  0.0176781
36  10  0.0370097  0.0212317
36  11  0.0351682  0.0262225
36  12  0.0334247  0.0334247
36  13  0.0318007  0.0441757
36  14  0.0303107  0.0609094
36  15  0.0289637  0.0883437
36  16  0.0277642  0.136368
36  17  0.0267136  0.227883
36  18  0.0258109  0.42339
36  19  0.0250541  0.914884
36  20  0.0244402  2.50334
36  21  0.0239665  10.3309
36  22  0.0236302  57.6134
36  23  0.0234293  36.551
36  24  0.0233625  24.6247
36  25  0.0234293  36.551
36  26  0.0236302  57.6134
36  27  0.0239665  10.3309
36  28  0.0244402  2.50334
36  29  0.0250541  0.914884
36  30  0.0258109  0.42339
36  31  0.0267136  0.227883
36  32  0.0277642  0.136368
36  33  0.0289637  0.0883437
36  34  0.0303107  0.0609094
36  35  0.0318007  0.0441757
36  36  0.0334247  0.0334247
36  37  0.0351682  0.0262225
36  38  0.0370097  0.0212317
36  39  0.0389198  0.0176781
36  40  0.0408603  0.0150937
36  41  0.0427841  0.0131855
36  42  0.0446364  0.0117641
36  43  0.0463559  0.0107045
36  44  0.047879  0.00992284
36  45  0.0491428  0.00936242
36  46  0.0500914  0.00898557
36  47  0.0506799  0.0087683
36  48  0.0508794  0.0086973

37  0  0.036834  0.00882236
37  1  0.0367197  0.00889562
37  2  0.0363818  0.00911992
37  3  0.0358344  0.00950934
37  4  0.0350997  0.0100893
37  5  0.0342064  0.0109001
37  6  0.0331867  0.0120021
37  7  0.032075  0.0134858
37  8  0.0309048  0.0154869
37  9  0.0297081  0.018213
37  10  0.0285132  0.0219896
37  11  0.0273445  0.0273446
37  12  0.0262225  0.0351682
37  13  0.025163  0.0470376
37  14  0.0241784  0.065918
37  15  0.0232773  0.0978129
37  16  0.0224659  0.156089
37  17  0.021748  0.274525
37  18  0.0211257  0.555212
37  19  0.0205998  1.40485
37  20  0.0201705  5.46749
37  21  0.0198375  49.0212
37  22  0.0196001  20.81
37  23  0.0194579  7.98407
37  24  0.0194106  6.19568
37  25  0.0194579  7.98407
37  26  0.0196001  20.81
37  27  0.0198375  49.0212
37  28  0.0201705  5.46749
37  29  0.0205998  1.40485
37  30  0.0211257  0.555212
37  31  0.021748  0.274525
37  32  0.0224659  0.156089
37  33  0.0232773  0.0978129
37  34  0.0241784  0.065918
37  35  0.025163  0.0470376
37  36  0.0262225  0.0351682
37  37  0.0273445  0.0273446
37  38  0.0285132  0.0219896
37  39  0.0297081  0.018213
37  40  0.0309048  0.0154869
37  41  0.032075  0.0134858
37  42  0.0331867  0.0120021
37  43  0.0342064  0.0109001
37  44  0.0350997  0.0100893
37  45  0.0358344  0.00950934
37  46  0.0363818  0.00911992
37  47  0.0367197  0.00889562
37  48  0.036834  0.00882236

38  0  0.0281048  0.00894695
38  1  0.028034  0.00902249
38  2  0.0278243  0.00925389
38  3  0.0274834  0.00965603
38  4  0.0270235  0.0102559
38  5  0.0264605  0.0110961
38  6  0.0258129  0.0122414
38  7  0.0251004  0.013789
38  8  0.024343  0.0158859
38  9  0.0235604  0.0187595
38  10  0.0227705  0.0227705
38  11  0.0219896  0.0285132
38  12  0.0212317  0.0370097
38  13  0.0205085  0.0501176
38  14  0.0198295  0.0714472
38  15  0.0192023  0.108649
38  16  0.0186325  0.179883
38  17  0.0181242  0.335673
38  18  0.0176805  0.754583
38  19  0.0173031  2.39066
38  20  0.0169935  17.6775
38  21  0.0167522  27.4659
38  22  0.0165798  5.78636
38  23  0.0164762  3.14213
38  24  0.0164417  2.64782
38  25  0.0164762  3.14213
38  26  0.0165798  5.78636
38  27  0.0167522  27.4659
38  28  0.0169935  17.6775
38  29  0.0173031  2.39066
38  30  0.0176805  0.754583
38  31  0.0181242  0.335673
38  32  0.0186325  0.179883
38  33  0.0192023  0.108649
38  34  0.0198295  0.0714472
38  35  0.0205085  0.0501176
38  36  0.0212317  0.0370097
38  37  0.0219896  0.0285132
38  38  0.0227705  0.0227705
38  39  0.0235604  0.0187595
38  40  0.024343  0.0158859
38  41  0.0251004  0.013789
38  42  0.0258129  0.0122414
38  43  0.0264605  0.0110961
38  44  0.0270235  0.0102559
38  45  0.0274834  0.00965603
38  46  0.0278243  0.00925389
38  47  0.028034  0.00902249
38  48  0.0281048  0.00894695

39  0  0.0223773  0.00906882
39  1  0.0223305  0.00914663
39  2  0.0221917  0.00938506
39  3  0.0219656  0.00979982
39  4  0.0216593  0.0104194
39  5  0.0212825  0.011289
39  6  0.0208465  0.0124777
39  7  0.0203635  0.0140896
39  8  0.0198463  0.0162836
39  9  0.0193076  0.0193077
39  10  0.0187595  0.0235604
39  11  0.0182129  0.0297081
39  12  0.017678  0.0389199
39  13  0.0171634  0.0533741
39  14  0.0166765  0.0774511
39  15  0.0162232  0.120873
39  16  0.0158086  0.208333
39  17  0.0154363  0.416123
39  18  0.0151094  1.0681
39  19  0.0148301  4.7411
39  20  0.0145999  63.6313
39  21  0.0144199  7.28208
39  22  0.0142908  2.61738
39  23  0.0142133  1.67935
39  24  0.0141874  1.47481
39  25  0.0142133  1.67935
39  26  0.0142908  2.61738
39  27  0.0144199  7.28208
39  28  0.0145999  63.6313
39  29  0.0148301  4.7411
39  30  0.0151094  1.0681
39  31  0.0154363  0.416123
39  32  0.0158086  0.208333
39  33  0.0162232  0.120873
39  34  0.0166765  0.0774511
39  35  0.0171634  0.0533741
39  36  0.017678  0.0389199
39  37  0.0182129  0.0297081
39  38  0.0187595  0.0235604
39  39  0.0193076  0.0193077
39  40  0.0198463  0.0162836
39  41  0.0203635  0.0140896
39  42  0.0208465  0.0124777
39  43  0.0212825  0.011289
39  44  0.0216593  0.0104194
39  45  0.0219656  0.00979982
39  46  0.0221917  0.00938506
39  47  0.0223305  0.00914663
39  48  0.0223773  0.00906882

40  0  0.0184646  0.00918571
40  1  0.0184319  0.00926571
40  2  0.0183349  0.00951098
40  3  0.0181764  0.00993802
40  4  0.0179612  0.0105768
40  5  0.0176954  0.0114752
40  6  0.0173864  0.0127064
40  7  0.0170423  0.0143816
40  8  0.0166718  0.0166719
40  9  0.0162835  0.0198464
40  10  0.0158859  0.0243431
40  11  0.0154868  0.0309049
40  12  0.0150937  0.0408604
40  13  0.014713  0.0567472
40  14  0.0143506  0.0838412
40  15  0.0140111  0.134416
40  16  0.0136989  0.241894
40  17  0.0134171  0.52195
40  18  0.0131685  1.58398
40  19  0.0129552  12.0341
40  20  0.0127788  19.8952
40  21  0.0126405  3.2246
40  22  0.0125411  1.51401
40  23  0.0124813  1.06361
40  24  0.0124613  0.956593
40  25  0.0124813  1.06361
40  26  0.0125411  1.51401
40  27  0.0126405  3.2246
40  28  0.0127788  19.8952
40  29  0.0129552  12.0341
40  30  0.0131685  1.58398
40  31  0.0134171  0.52195
40  32  0.0136989  0.241894
40  33  0.0140111  0.134416
40  34  0.0143506  0.0838412
40  35  0.014713  0.0567472
40  36  0.0150937  0.0408604
40  37  0.0154868  0.0309049
40  38  0.0158859  0.0243431
40  39  0.0162835  0.0198464
40  40  0.0166718  0.0166719
40  41  0.0170423  0.0143816
40  42  0.0173864  0.0127064
40  43  0.0176954  0.0114752
40  44  0.0179612  0.0105768
40  45  0.0181764  0.00993802
40  46  0.0183349  0.00951098
40  47  0.0184319  0.00926571
40  48  0.0184646  0.00918571

41  0  0.015712  0.00929535
41  1  0.015688  0.00937744
41  2  0.0156167  0.0096292
41  3  0.0155001  0.0100679
41  4  0.0153413  0.010725
41  5  0.0151447  0.0116509
41  6  0.0149154  0.0129228
41  7  0.0146589  0.014659
41  8  0.0143816  0.0170424
41  9  0.0140895  0.0203635
41  10  0.0137889  0.0251004
41  11  0.0134857  0.032075
41  12  0.0131855  0.0427842
41  13  0.0128933  0.0601558
41  14  0.0126136  0.0904771
41  15  0.0123505  0.149067
41  16  0.0121074  0.280705
41  17  0.011887  0.660275
41  18  0.011692  2.47794
41  19  0.011524  41.7296
41  20  0.0113847  6.8615
41  21  0.0112753  1.86137
41  22  0.0111965  1.01191
41  23  0.011149  0.751279
41  24  0.0111332  0.685981
41  25  0.011149  0.751279
41  26  0.0111965  1.01191
41  27  0.0112753  1.86137
41  28  0.0113847  6.8615
41  29  0.011524  41.7296
41  30  0.011692  2.47794
41  31  0.011887  0.660275
41  32  0.0121074  0.280705
41  33  0.0123505  0.149067
41  34  0.0126136  0.0904771
41  35  0.0128933  0.0601558
41  36  0.0131855  0.0427842
41  37  0.0134857  0.032075
41  38  0.0137889  0.0251004
41  39  0.0140895  0.0203635
41  40  0.0143816  0.0170424
41  41  0.0146589  0.014659
41  42  0.0149154  0.0129228
41  43  0.0151447  0.0116509
41  44  0.0153413  0.010725
41  45  0.0155001  0.0100679
41  46  0.0156167  0.0096292
41  47  0.015688  0.00937744
41  48  0.015712  0.00929535

42  0  0.0137375  0.00939557
42  1  0.013719  0.00947958
42  2  0.0136642  0.00973734
42  3  0.0135744  0.0101868
42  4  0.0134519  0.0108609
42  5  0.0132999  0.0118123
42  6  0.0131221  0.0131222
42  7  0.0129228  0.0149154
42  8  0.0127064  0.0173864
42  9  0.0124777  0.0208465
42  10  0.0122414  0.0258129
42  11  0.0120021  0.0331868
42  12  0.0117641  0.0446364
42  13  0.0115316  0.0634984
42  14  0.0113082  0.0971599
42  15  0.0110972  0.164439
42  16  0.0109015  0.324326
42  17  0.0107237  0.838179
42  18  0.0105657  4.11677
42  19  0.0104293  51.2968
42  20  0.010316  3.51519
42  21  0.0102267  1.25325
42  22  0.0101624  0.745094
42  23  0.0101236  0.573578
42  24  0.0101107  0.529076
42  25  0.0101236  0.573578
42  26  0.0101624  0.745094
42  27  0.0102267  1.25325
42  28  0.010316  3.51519
42  29  0.0104293  51.2968
42  30  0.0105657  4.11677
42  31  0.0107237  0.838179
42  32  0.0109015  0.324326
42  33  0.0110972  0.164439
42  34  0.0113082  0.0971599
42  35  0.0115316  0.0634984
42  36  0.0117641  0.0446364
42  37  0.0120021  0.0331868
42  38  0.0122414  0.0258129
42  39  0.0124777  0.0208465
42  40  0.0127064  0.0173864
42  41  0.0129228  0.0149154
42  42  0.0131221  0.0131222
42  43  0.0132999  0.0118123
42  44  0.0134519  0.0108609
42  45  0.0135744  0.0101868
42  46  0.0136642  0.00973734
42  47  0.013719  0.00947958
42  48  0.0137375  0.00939557

43  0  0.0123079  0.00948432
43  1  0.0122931  0.00957004
43  2  0.0122491  0.00983316
43  3  0.0121769  0.0102923
43  4  0.0120784  0.0109816
43  5  0.0119559  0.0119559
43  6  0.0118123  0.0133
43  7  0.0116509  0.0151447
43  8  0.0114752  0.0176954
43  9  0.011289  0.0212826
43  10  0.0110961  0.0264606
43  11  0.0109  0.0342064
43  12  0.0107045  0.046356
43  13  0.0105129  0.0666551
43  14  0.0103281  0.103632
43  15  0.0101532  0.179926
43  16  0.00999046  0.371412
43  17  0.00984215  1.05998
43  18  0.00971012  7.28431
43  19  0.00959592  18.6048
43  20  0.00950083  2.23712
43  21  0.00942586  0.934857
43  22  0.00937178  0.589149
43  23  0.00933912  0.464879
43  24  0.0093282  0.431852
43  25  0.00933912  0.464879
43  26  0.00937178  0.589149
43  27  0.00942586  0.934857
43  28  0.00950083  2.23712
43  29  0.00959592  18.6048
43  30  0.00971012  7.28431
43  31  0.00984215  1.05998
43  32  0.00999046  0.371412
43  33  0.0101532  0.179926
43  34  0.0103281  0.103632
43  35  0.0105129  0.0666551
43  36  0.0107045  0.046356
43  37  0.0109  0.0342064
43  38  0.0110961  0.0264606
43  39  0.011289  0.0212826
43  40  0.0114752  0.0176954
43  41  0.0116509  0.0151447
43  42  0.0118123  0.0133
43  43  0.0119559  0.0119559
43  44  0.0120784  0.0109816
43  45  0.0121769  0.0102923
43  46  0.0122491  0.00983316
43  47  0.0122931  0.00957004
43  48  0.0123079  0.00948432

44  0  0.0112766  0.00955971
44  1  0.0112642  0.00964691
44  2  0.0112274  0.00991463
44  3  0.011167  0.0103821
44  4  0.0110844  0.0110844
44  5  0.0109816  0.0120784
44  6  0.0108609  0.0134519
44  7  0.010725  0.0153414
44  8  0.0105768  0.0179612
44  9  0.0104194  0.0216593
44  10  0.0102558  0.0270235
44  11  0.0100893  0.0350998
44  12  0.00992283  0.047879
44  13  0.00975921  0.0694943
44  14  0.00960116  0.109587
44  15  0.00945111  0.194709
44  16  0.00931126  0.419426
44  17  0.00918354  1.32213
44  18  0.00906963  13.5563
44  19  0.00897094  9.07228
44  20  0.00888865  1.62995
44  21  0.00882371  0.751932
44  22  0.00877682  0.4928
44  23  0.00874848  0.395582
44  24  0.00873901  0.369309
44  25  0.00874848  0.395582
44  26  0.00877682  0.4928
44  27  0.00882371  0.751932
44  28  0.00888865  1.62995
44  29  0.00897094  9.07228
44  30  0.00906963  13.5563
44  31  0.00918354  1.32213
44  32  0.00931126  0.419426
44  33  0.00945111  0.194709
44  34  0.00960116  0.109587
44  35  0.00975921  0.0694943
44  36  0.00992283  0.047879
44  37  0.0100893  0.0350998
44  38  0.0102558  0.0270235
44  39  0.0104194  0.0216593
44  40  0.0105768  0.0179612
44  41  0.010725  0.0153414
44  42  0.0108609  0.0134519
44  43  0.0109816  0.0120784
44  44  0.0110844  0.0110844
44  45  0.011167  0.0103821
44  46  0.0112274  0.00991463
44  47  0.0112642  0.00964691
44  48  0.0112766  0.00955971

45  0  0.0105496  0.00962015
45  1  0.0105388  0.00970853
45  2  0.0105067  0.00997995
45  3  0.0104541  0.0104541
45  4  0.0103821  0.011167
45  5  0.0102923  0.0121769
45  6  0.0101868  0.0135744
45  7  0.0100679  0.0155001
45  8  0.00993801  0.0181764
45  9  0.00979981  0.0219656
45  10  0.00965602  0.0274834
45  11  0.00950933  0.0358344
45  12  0.00936241  0.0491429
45  13  0.00921778  0.0718813
45  14  0.00907781  0.114694
45  15  0.00894471  0.207797
45  16  0.00882046  0.464553
45  17  0.00870681  1.60611
45  18  0.00860531  25.114
45  19  0.00851728  5.77376
45  20  0.0084438  1.30656
45  21  0.00838575  0.642069
45  22  0.00834382  0.43203
45  23  0.00831847  0.350917
45  24  0.00830999  0.328742
45  25  0.00831847  0.350917
45  26  0.00834382  0.43203
45  27  0.00838575  0.642069
45  28  0.0084438  1.30656
45  29  0.00851728  5.77376
45  30  0.00860531  25.114
45  31  0.00870681  1.60611
45  32  0.00882046  0.464553
45  33  0.00894471  0.207797
45  34  0.00907781  0.114694
45  35  0.00921778  0.0718813
45  36  0.00936241  0.0491429
45  37  0.00950933  0.0358344
45  38  0.00965602  0.0274834
45  39  0.00979981  0.0219656
45  40  0.00993801  0.0181764
45  41  0.0100679  0.0155001
45  42  0.0101868  0.0135744
45  43  0.0102923  0.0121769
45  44  0.0103821  0.011167
45  45  0.0104541  0.0104541
45  46  0.0105067  0.00997995
45  47  0.0105388  0.00970853
45  48  0.0105496  0.00962015

46  0  0.0100665  0.0096643
46  1  0.0100568  0.00975356
46  2  0.0100277  0.0100277
46  3  0.00997994  0.0105067
46  4  0.00991461  0.0112274
46  5  0.00983315  0.0122491
46  6  0.00973733  0.0136642
46  7  0.00962919  0.0156168
46  8  0.00951097  0.0183349
46  9  0.00938505  0.0221918
46  10  0.00925388  0.0278243
46  11  0.00911991  0.0363818
46  12  0.00898556  0.0500915
46  13  0.00885314  0.0736913
46  14  0.00872484  0.118627
46  15  0.00860269  0.218142
46  16  0.00848853  0.502028
46  17  0.00838401  1.87319
46  18  0.00829058  41.04
46  19  0.00820947  4.36754
46  20  0.00814173  1.1281
46  21  0.00808818  0.576643
46  22  0.00804948  0.394649
46  23  0.00802608  0.323037
46  24  0.00801825  0.303311
46  25  0.00802608  0.323037
46  26  0.00804948  0.394649
46  27  0.00808818  0.576643
46  28  0.00814173  1.1281
46  29  0.00820947  4.36754
46  30  0.00829058  41.04
46  31  0.00838401  1.87319
46  32  0.00848853  0.502028
46  33  0.00860269  0.218142
46  34  0.00872484  0.118627
46  35  0.00885314  0.0736913
46  36  0.00898556  0.0500915
46  37  0.00911991  0.0363818
46  38  0.00925388  0.0278243
46  39  0.00938505  0.0221918
46  40  0.00951097  0.0183349
46  41  0.00962919  0.0156168
46  42  0.00973733  0.0136642
46  43  0.00983315  0.0122491
46  44  0.00991461  0.0112274
46  45  0.00997994  0.0105067
46  46  0.0100277  0.0100277
46  47  0.0100568  0.00975356
46  48  0.0100665  0.0096643

47  0  0.00979018  0.00969119
47  1  0.00978097  0.00978098
47  2  0.00975354  0.0100568
47  3  0.00970852  0.0105388
47  4  0.0096469  0.0112643
47  5  0.00957003  0.0122931
47  6  0.00947957  0.013719
47  7  0.00937743  0.0156881
47  8  0.0092657  0.018432
47  9  0.00914661  0.0223305
47  10  0.00902248  0.028034
47  11  0.00889561  0.0367198
47  12  0.00876829  0.05068
47  13  0.00864271  0.0748221
47  14  0.00852095  0.121111
47  15  0.00840494  0.224796
47  16  0.00829646  0.527003
47  17  0.00819708  2.06859
47  18  0.00810819  53.2868
47  19  0.00803098  3.74665
47  20  0.00796647  1.03699
47  21  0.00791547  0.54169
47  22  0.00787859  0.37428
47  23  0.00785629  0.307707
47  24  0.00784883  0.28929
47  25  0.00785629  0.307707
47  26  0.00787859  0.37428
47  27  0.00791547  0.54169
47  28  0.00796647  1.03699
47  29  0.00803098  3.74665
47  30  0.00810819  53.2868
47  31  0.00819708  2.06859
47  32  0.00829646  0.527003
47  33  0.00840494  0.224796
47  34  0.00852095  0.121111
47  35  0.00864271  0.0748221
47  36  0.00876829  0.05068
47  37  0.00889561  0.0367198
47  38  0.00902248  0.028034
47  39  0.00914661  0.0223305
47  40  0.0092657  0.018432
47  41  0.00937743  0.0156881
47  42  0.00947957  0.013719
47  43  0.00957003  0.0122931
47  44  0.0096469  0.0112643
47  45  0.00970852  0.0105388
47  46  0.00975354  0.0100568
47  47  0.00978097  0.00978098
47  48  0.00979018  0.00969119

48  0  0.00970021  0.00970022
48  1  0.00969117  0.00979019
48  2  0.00966428  0.0100666
48  3  0.00962013  0.0105496
48  4  0.0095597  0.0112766
48  5  0.0094843  0.0123079
48  6  0.00939556  0.0137375
48  7  0.00929534  0.0157121
48  8  0.0091857  0.0184646
48  9  0.00906881  0.0223773
48  10  0.00894694  0.0281048
48  11  0.00882235  0.0368341
48  12  0.00869729  0.0508795
48  13  0.00857391  0.0752069
48  14  0.00845426  0.121961
48  15  0.00834023  0.227094
48  16  0.00823358  0.53579
48  17  0.00813586  2.14089
48  18  0.00804843  57.0546
48  19  0.00797249  3.56738
48  20  0.00790903  1.0089
48  21  0.00785884  0.530681
48  22  0.00782256  0.367803
48  23  0.00780061  0.302811
48  24  0.00779327  0.284806
48  25  0.00780061  0.302811
48  26  0.00782256  0.367803
48  27  0.00785884  0.530681
48  28  0.00790903  1.0089
48  29  0.00797249  3.56738
48  30  0.00804843  57.0546
48  31  0.00813586  2.14089
48  32  0.00823358  0.53579
48  33  0.00834023  0.227094
48  34  0.00845426  0.121961
48  35  0.00857391  0.0752069
48  36  0.00869729  0.0508795
48  37  0.00882235  0.0368341
48  38  0.00894694  0.0281048
48  39  0.00906881  0.0223773
48  40  0.0091857  0.0184646
48  41  0.00929534  0.0157121
48  42  0.00939556  0.0137375
48  43  0.0094843  0.0123079
48  44  0.0095597  0.0112766
48  45  0.00962013  0.0105496
48  46  0.00966428  0.0100666
48  47  0.00969117  0.00979019
48  48  0.00970021  0.00970022

