0   0.00415662   0.00416237   10.0728   10.0728   39.138   39.138   
1   -0.0105043   0.0538382   10.0217   10.1083   39.1172   39.1394   
2   -0.0249153   0.0957997   9.97908   10.1414   39.0985   39.1401   
3   -0.041592   0.124644   9.9481   10.1717   39.0849   39.1423   
4   -0.0634925   0.135251   9.93139   10.1987   39.0797   39.1484   
5   -0.093517   0.123526   9.93051   10.2227   39.0858   39.161   
6   -0.13397   0.0871163   9.94575   10.2438   39.1051   39.1821   
7   -0.186066   0.025948   9.97596   10.2624   39.1387   39.2131   
8   -0.249568   -0.0575419   10.0186   10.2787   39.1858   39.2539   
9   -0.322619   -0.158527   10.0702   10.2931   39.2445   39.3033   
10   -0.401809   -0.270235   10.1265   10.3057   39.3111   39.3588   
11   -0.482464   -0.38462   10.183   10.3167   39.3808   39.4167   
12   -0.559128   -0.493148   10.2355   10.3259   39.4483   39.4727   
13   -0.626151   -0.587586   10.2803   10.3332   39.5079   39.5223   
14   -0.678321   -0.660724   10.3144   10.3386   39.5547   39.5613   
15   -0.711441   -0.706971   10.3358   10.3419   39.5845   39.5862   
16   -0.722795   -0.722789   10.343   10.343   39.5947   39.5948   
17   -0.711441   -0.706971   10.3358   10.3419   39.5845   39.5862   
18   -0.678321   -0.660724   10.3144   10.3386   39.5547   39.5613   
19   -0.626151   -0.587586   10.2803   10.3332   39.5079   39.5223   
20   -0.559128   -0.493148   10.2355   10.3259   39.4483   39.4727   
21   -0.482464   -0.38462   10.183   10.3167   39.3808   39.4167   
22   -0.401809   -0.270235   10.1265   10.3057   39.3111   39.3588   
23   -0.322619   -0.158527   10.0702   10.2931   39.2445   39.3033   
24   -0.249568   -0.0575419   10.0186   10.2787   39.1858   39.2539   
25   -0.186066   0.025948   9.97596   10.2624   39.1387   39.2131   
26   -0.13397   0.0871163   9.94575   10.2438   39.1051   39.1821   
27   -0.093517   0.123526   9.93051   10.2227   39.0858   39.161   
28   -0.0634925   0.135251   9.93139   10.1987   39.0797   39.1484   
29   -0.041592   0.124644   9.9481   10.1717   39.0849   39.1423   
30   -0.0249153   0.0957997   9.97908   10.1414   39.0985   39.1401   
31   -0.0105043   0.0538382   10.0217   10.1083   39.1172   39.1394   
32   0.00415662   0.00416237   10.0728   10.0728   39.138   39.138   
33   0.0376751   0.0376809   10.056   10.056   39.1213   39.1213   
34   0.0656088   0.0656146   10.0413   10.0413   39.1081   39.1081   
35   0.0882335   0.0882393   10.0287   10.0287   39.098   39.098   
36   0.105929   0.105935   10.0184   10.0184   39.0907   39.0907   
37   0.119116   0.119122   10.0103   10.0103   39.0855   39.0855   
38   0.128198   0.128203   10.0046   10.0046   39.0822   39.0822   
39   0.133502   0.133508   10.0011   10.0011   39.0803   39.0803   
40   0.135246   0.135251   10   10   39.0797   39.0798   
41   0.133502   0.133508   10.0011   10.0011   39.0803   39.0803   
42   0.128198   0.128203   10.0046   10.0046   39.0822   39.0822   
43   0.119116   0.119122   10.0103   10.0103   39.0855   39.0855   
44   0.105929   0.105935   10.0184   10.0184   39.0907   39.0907   
45   0.0882335   0.0882393   10.0287   10.0287   39.098   39.098   
46   0.0656088   0.0656146   10.0413   10.0413   39.1081   39.1081   
47   0.0376751   0.0376809   10.056   10.056   39.1213   39.1213   
48   0.00415662   0.00416237   10.0728   10.0728   39.138   39.138   
49   -0.0392847   0.0493291   10.0143   10.1336   39.1207   39.1514   
50   -0.0797132   0.0914572   9.96239   10.1929   39.1018   39.1611   
51   -0.118841   0.12297   9.92187   10.2476   39.0862   39.1701   
52   -0.160023   0.135246   9.8972   10.2953   39.0798   39.1825   
53   -0.206406   0.12104   9.89173   10.3337   39.0877   39.2022   
54   -0.259163   0.0768736   9.90684   10.3612   39.113   39.2313   
55   -0.316326   0.00458723   9.94139   10.3762   39.1551   39.269   
56   -0.37256   -0.0885111   9.99195   10.3778   39.2098   39.3115   
57   -0.419964   -0.190961   10.0534   10.3652   39.2698   39.3525   
58   -0.449689   -0.289484   10.12   10.3385   39.3262   39.3845   
59   -0.453959   -0.371624   10.186   10.2985   39.3705   39.4006   
60   -0.428036   -0.42803   10.2468   10.2468   39.3963   39.3963   
61   -0.453965   -0.371618   10.186   10.2985   39.3705   39.4006   
62   -0.449694   -0.289479   10.12   10.3385   39.3262   39.3845   
63   -0.41997   -0.190956   10.0534   10.3652   39.2698   39.3525   
64   -0.372565   -0.0885053   9.99195   10.3778   39.2098   39.3116   
65   -0.316332   0.00459301   9.94139   10.3762   39.1551   39.269   
66   -0.259169   0.0768794   9.90684   10.3612   39.1129   39.2313   
67   -0.206412   0.121046   9.89173   10.3337   39.0877   39.2022   
68   -0.160029   0.135251   9.8972   10.2953   39.0797   39.1826   
69   -0.118847   0.122975   9.92187   10.2476   39.0862   39.1702   
70   -0.0797189   0.091463   9.96239   10.1929   39.1018   39.1611   
71   -0.0392904   0.0493348   10.0143   10.1336   39.1207   39.1514   
72   0.00415662   0.00416237   10.0728   10.0728   39.138   39.138   
