#kindex  E(k,1)  UP  DOWN  E(k,2)  UP DOWN  .....
0   -0.722795   0   1   -0.722789   1   0   10.343   0   1   10.343   1   0   39.5947   0   1   39.5948   1   0   
1   -0.717339   0   1   -0.717334   1   0   10.3414   0   1   10.3414   1   0   39.591   0   1   39.591   1   0   
2   -0.701148   0   1   -0.701143   1   0   10.3364   0   1   10.3364   1   0   39.5798   0   1   39.5798   1   0   
3   -0.674745   0   1   -0.67474   1   0   10.3281   0   1   10.3281   1   0   39.5616   0   1   39.5616   1   0   
4   -0.638976   0   1   -0.63897   1   0   10.3168   0   1   10.3168   1   0   39.5371   0   1   39.5371   1   0   
5   -0.594971   0   1   -0.594965   1   0   10.3027   0   1   10.3027   1   0   39.5072   0   1   39.5072   1   0   
6   -0.544098   0   1   -0.544093   1   0   10.2861   0   1   10.2861   1   0   39.473   0   1   39.473   1   0   
7   -0.487903   0   1   -0.487897   1   0   10.2673   0   1   10.2673   1   0   39.4356   0   1   39.4356   1   0   
8   -0.428036   0   1   -0.42803   1   0   10.2468   0   1   10.2468   1   0   39.3963   0   1   39.3963   1   0   
9   -0.366184   0   1   -0.366178   1   0   10.2249   0   1   10.2249   1   0   39.3563   0   1   39.3563   1   0   
10   -0.303996   0   1   -0.303991   1   0   10.2021   0   1   10.2021   1   0   39.3169   0   1   39.3169   1   0   
11   -0.243014   0   1   -0.243008   1   0   10.179   0   1   10.179   1   0   39.279   0   1   39.2791   1   0   
12   -0.184608   0   1   -0.184602   1   0   10.1559   0   1   10.1559   1   0   39.2437   0   1   39.2437   1   0   
13   -0.129929   0   1   -0.129923   1   0   10.1334   0   1   10.1334   1   0   39.2116   0   1   39.2116   1   0   
14   -0.0798715   0   1   -0.0798658   1   0   10.1118   0   1   10.1118   1   0   39.1831   0   1   39.1831   1   0   
15   -0.0350592   0   1   -0.0350535   1   0   10.0915   0   1   10.0915   1   0   39.1586   0   1   39.1586   1   0   
16   0.00415662   0   1   0.00416237   1   0   10.0728   0   1   10.0728   1   0   39.138   0   1   39.138   1   0   
17   0.0376751   0   1   0.0376809   1   0   10.056   0   1   10.056   1   0   39.1213   0   1   39.1213   1   0   
18   0.0656088   0   1   0.0656146   1   0   10.0413   0   1   10.0413   1   0   39.1081   0   1   39.1081   1   0   
19   0.0882335   0   1   0.0882393   1   0   10.0287   0   1   10.0287   1   0   39.098   0   1   39.098   1   0   
20   0.105929   0   1   0.105935   1   0   10.0184   0   1   10.0184   1   0   39.0907   0   1   39.0907   1   0   
21   0.119116   0   1   0.119122   1   0   10.0103   0   1   10.0103   1   0   39.0855   0   1   39.0855   1   0   
22   0.128198   0   1   0.128203   1   0   10.0046   0   1   10.0046   1   0   39.0822   0   1   39.0822   1   0   
23   0.133502   0   1   0.133508   1   0   10.0011   0   1   10.0011   1   0   39.0803   0   1   39.0803   1   0   
24   0.135246   0   1   0.135251   1   0   10   0   1   10   1   0   39.0797   0   1   39.0798   1   0   
25   0.133511   0   1   0.135251   1   0   9.99941   1   0   10.0017   0   1   39.0797   0   1   39.0803   1   0   
26   0.128342   0   1   0.135251   1   0   9.99766   1   0   10.0069   0   1   39.0797   0   1   39.0821   1   0   
27   0.119837   0   1   0.135251   1   0   9.99477   1   0   10.0154   0   1   39.0797   0   1   39.085   1   0   
28   0.108158   0   1   0.135251   1   0   9.99079   1   0   10.0271   0   1   39.0797   0   1   39.089   1   0   
29   0.0935261   0   1   0.135251   1   0   9.98579   1   0   10.0417   0   1   39.0797   0   1   39.094   1   0   
30   0.0762171   0   1   0.135251   1   0   9.97987   1   0   10.059   0   1   39.0797   0   1   39.0999   1   0   
31   0.0565529   0   1   0.135251   1   0   9.97312   1   0   10.0787   0   1   39.0797   0   1   39.1066   1   0   
32   0.0348955   0   1   0.135251   1   0   9.96565   1   0   10.1004   0   1   39.0797   0   1   39.1141   1   0   
33   0.0116385   0   1   0.135251   1   0   9.95761   1   0   10.1236   0   1   39.0797   0   1   39.1221   1   0   
34   -0.012801   0   1   0.135251   1   0   9.94911   1   0   10.148   0   1   39.0797   0   1   39.1306   1   0   
35   -0.037991   0   1   0.135251   1   0   9.94032   1   0   10.1732   0   1   39.0797   0   1   39.1394   1   0   
36   -0.0634925   0   1   0.135251   1   0   9.93139   1   0   10.1987   0   1   39.0797   0   1   39.1484   1   0   
37   -0.0888679   0   1   0.135251   1   0   9.92245   1   0   10.2241   0   1   39.0797   0   1   39.1573   1   0   
38   -0.113688   0   1   0.135251   1   0   9.91368   1   0   10.2489   0   1   39.0797   0   1   39.1661   1   0   
39   -0.137539   0   1   0.135251   1   0   9.90521   1   0   10.2728   0   1   39.0797   0   1   39.1745   1   0   
40   -0.160029   0   1   0.135251   1   0   9.8972   1   0   10.2953   0   1   39.0797   0   1   39.1826   1   0   
41   -0.180793   0   1   0.135251   1   0   9.88977   1   0   10.316   0   1   39.0797   0   1   39.19   1   0   
42   -0.199498   0   1   0.135251   1   0   9.88306   1   0   10.3347   0   1   39.0797   0   1   39.1967   1   0   
43   -0.215847   0   1   0.135251   1   0   9.87718   1   0   10.3511   0   1   39.0797   0   1   39.2026   1   0   
44   -0.229584   0   1   0.135251   1   0   9.87222   1   0   10.3648   0   1   39.0797   0   1   39.2075   1   0   
45   -0.240494   0   1   0.135251   1   0   9.86828   1   0   10.3757   0   1   39.0797   0   1   39.2115   1   0   
46   -0.248409   0   1   0.135251   1   0   9.86541   1   0   10.3837   0   1   39.0797   0   1   39.2143   1   0   
47   -0.253207   0   1   0.135251   1   0   9.86367   1   0   10.3885   0   1   39.0797   0   1   39.2161   1   0   
48   -0.254815   0   1   0.135251   1   0   9.86309   1   0   10.3901   0   1   39.0797   0   1   39.2167   1   0   
49   -0.256834   0   1   0.131364   1   0   9.86535   1   0   10.3898   0   1   39.082   0   1   39.2183   1   0   
50   -0.262856   0   1   0.11978   1   0   9.87209   1   0   10.3892   0   1   39.0886   0   1   39.2231   1   0   
51   -0.272774   0   1   0.100735   1   0   9.88314   1   0   10.3882   0   1   39.0996   0   1   39.2311   1   0   
52   -0.286416   0   1   0.0746133   1   0   9.89828   1   0   10.3867   0   1   39.1147   0   1   39.2421   1   0   
53   -0.303542   0   1   0.0419346   1   0   9.91716   1   0   10.3849   0   1   39.1336   0   1   39.2559   1   0   
54   -0.323853   0   1   0.0033427   1   0   9.93938   1   0   10.3828   0   1   39.156   0   1   39.2723   1   0   
55   -0.346995   0   1   -0.0404149   1   0   9.96448   1   0   10.3804   0   1   39.1816   0   1   39.2909   1   0   
56   -0.372565   0   1   -0.0885053   1   0   9.99195   1   0   10.3778   0   1   39.2098   0   1   39.3116   1   0   
57   -0.40012   0   1   -0.140031   1   0   10.0213   1   0   10.3749   0   1   39.2402   0   1   39.3338   1   0   
58   -0.429183   0   1   -0.194051   1   0   10.0518   1   0   10.372   0   1   39.2722   0   1   39.3572   1   0   
59   -0.459253   0   1   -0.249598   1   0   10.0831   1   0   10.3689   0   1   39.3053   0   1   39.3815   1   0   
60   -0.489811   0   1   -0.305701   1   0   10.1145   1   0   10.3658   0   1   39.339   0   1   39.4062   1   0   
61   -0.520336   0   1   -0.3614   1   0   10.1455   1   0   10.3628   0   1   39.3725   0   1   39.4309   1   0   
62   -0.550304   0   1   -0.415761   1   0   10.1757   1   0   10.3598   0   1   39.4055   0   1   39.4551   1   0   
63   -0.579207   0   1   -0.467892   1   0   10.2044   1   0   10.3569   0   1   39.4372   0   1   39.4785   1   0   
64   -0.606554   0   1   -0.516954   1   0   10.2314   1   0   10.3543   0   1   39.4673   0   1   39.5006   1   0   
65   -0.631882   0   1   -0.562173   1   0   10.2561   1   0   10.3518   0   1   39.4951   0   1   39.5211   1   0   
66   -0.654763   0   1   -0.602844   1   0   10.2782   1   0   10.3496   0   1   39.5202   0   1   39.5396   1   0   
67   -0.674814   0   1   -0.638346   1   0   10.2975   1   0   10.3476   0   1   39.5422   0   1   39.5559   1   0   
68   -0.691697   0   1   -0.668141   1   0   10.3136   1   0   10.346   0   1   39.5607   0   1   39.5695   1   0   
69   -0.705131   0   1   -0.691784   1   0   10.3264   1   0   10.3447   0   1   39.5754   0   1   39.5804   1   0   
70   -0.714889   0   1   -0.708925   1   0   10.3356   1   0   10.3438   0   1   39.5861   0   1   39.5883   1   0   
71   -0.72081   0   1   -0.719311   1   0   10.3412   1   0   10.3432   0   1   39.5926   0   1   39.5931   1   0   
72   -0.722795   0   1   -0.722789   1   0   10.343   0   1   10.343   1   0   39.5947   0   1   39.5948   1   0   
73   -0.720805   1   0   -0.719316   0   1   10.3412   0   1   10.3432   1   0   39.5926   1   0   39.5931   0   1   
74   -0.714884   1   0   -0.70893   0   1   10.3356   0   1   10.3438   1   0   39.5861   1   0   39.5883   0   1   
75   -0.705125   1   0   -0.69179   0   1   10.3264   0   1   10.3447   1   0   39.5754   1   0   39.5804   0   1   
76   -0.691692   1   0   -0.668146   0   1   10.3136   0   1   10.346   1   0   39.5607   1   0   39.5695   0   1   
77   -0.674808   1   0   -0.638351   0   1   10.2975   0   1   10.3476   1   0   39.5422   1   0   39.5559   0   1   
78   -0.654758   1   0   -0.60285   0   1   10.2782   0   1   10.3496   1   0   39.5202   1   0   39.5396   0   1   
79   -0.631876   1   0   -0.562178   0   1   10.2561   0   1   10.3518   1   0   39.4951   1   0   39.5211   0   1   
80   -0.606548   1   0   -0.51696   0   1   10.2314   0   1   10.3543   1   0   39.4673   1   0   39.5006   0   1   
81   -0.579202   1   0   -0.467897   0   1   10.2044   0   1   10.3569   1   0   39.4373   1   0   39.4785   0   1   
82   -0.550299   1   0   -0.415766   0   1   10.1757   0   1   10.3598   1   0   39.4055   1   0   39.4551   0   1   
83   -0.52033   1   0   -0.361405   0   1   10.1455   0   1   10.3628   1   0   39.3726   1   0   39.4309   0   1   
84   -0.489806   1   0   -0.305707   0   1   10.1145   0   1   10.3658   1   0   39.339   1   0   39.4062   0   1   
85   -0.459247   1   0   -0.249604   0   1   10.0831   0   1   10.3689   1   0   39.3053   1   0   39.3815   0   1   
86   -0.429178   1   0   -0.194057   0   1   10.0518   0   1   10.372   1   0   39.2722   1   0   39.3572   0   1   
87   -0.400115   1   0   -0.140037   0   1   10.0213   0   1   10.3749   1   0   39.2402   1   0   39.3338   0   1   
88   -0.37256   1   0   -0.0885111   0   1   9.99195   0   1   10.3778   1   0   39.2098   1   0   39.3115   0   1   
89   -0.346989   1   0   -0.0404206   0   1   9.96448   0   1   10.3804   1   0   39.1816   1   0   39.2909   0   1   
90   -0.323847   1   0   0.00333692   0   1   9.93938   0   1   10.3828   1   0   39.156   1   0   39.2723   0   1   
91   -0.303536   1   0   0.0419289   0   1   9.91716   0   1   10.3849   1   0   39.1336   1   0   39.2559   0   1   
92   -0.28641   1   0   0.0746075   0   1   9.89828   0   1   10.3867   1   0   39.1147   1   0   39.2421   0   1   
93   -0.272768   1   0   0.10073   0   1   9.88314   0   1   10.3882   1   0   39.0996   1   0   39.2311   0   1   
94   -0.26285   1   0   0.119774   0   1   9.87209   0   1   10.3892   1   0   39.0886   1   0   39.2231   0   1   
95   -0.256828   1   0   0.131358   0   1   9.86535   0   1   10.3898   1   0   39.082   1   0   39.2183   0   1   
96   -0.254809   1   0   0.135246   0   1   9.86309   0   1   10.3901   1   0   39.0798   1   0   39.2167   0   1   
97   -0.253202   1   0   0.135246   0   1   9.86367   0   1   10.3885   1   0   39.0798   1   0   39.2161   0   1   
98   -0.248404   1   0   0.135246   0   1   9.86541   0   1   10.3837   1   0   39.0798   1   0   39.2143   0   1   
99   -0.240488   1   0   0.135246   0   1   9.86828   0   1   10.3757   1   0   39.0798   1   0   39.2115   0   1   
100   -0.229578   1   0   0.135246   0   1   9.87222   0   1   10.3648   1   0   39.0798   1   0   39.2075   0   1   
101   -0.215841   1   0   0.135246   0   1   9.87718   0   1   10.3511   1   0   39.0798   1   0   39.2026   0   1   
102   -0.199492   1   0   0.135246   0   1   9.88306   0   1   10.3347   1   0   39.0798   1   0   39.1967   0   1   
103   -0.180787   1   0   0.135246   0   1   9.88977   0   1   10.316   1   0   39.0798   1   0   39.19   0   1   
104   -0.160023   1   0   0.135246   0   1   9.8972   0   1   10.2953   1   0   39.0798   1   0   39.1825   0   1   
105   -0.137534   1   0   0.135246   0   1   9.90521   0   1   10.2728   1   0   39.0798   1   0   39.1745   0   1   
106   -0.113682   1   0   0.135246   0   1   9.91368   0   1   10.2489   1   0   39.0798   1   0   39.1661   0   1   
107   -0.0888622   1   0   0.135246   0   1   9.92245   0   1   10.2241   1   0   39.0798   1   0   39.1573   0   1   
108   -0.0634868   1   0   0.135246   0   1   9.93139   0   1   10.1987   1   0   39.0798   1   0   39.1484   0   1   
109   -0.0379852   1   0   0.135246   0   1   9.94032   0   1   10.1732   1   0   39.0798   1   0   39.1394   0   1   
110   -0.0127953   1   0   0.135246   0   1   9.94911   0   1   10.148   1   0   39.0798   1   0   39.1306   0   1   
111   0.0116442   1   0   0.135246   0   1   9.9576   0   1   10.1236   1   0   39.0798   1   0   39.1221   0   1   
112   0.0349012   1   0   0.135246   0   1   9.96565   0   1   10.1004   1   0   39.0798   1   0   39.1141   0   1   
113   0.0565587   1   0   0.135246   0   1   9.97312   0   1   10.0787   1   0   39.0798   1   0   39.1066   0   1   
114   0.0762229   1   0   0.135246   0   1   9.97987   0   1   10.059   1   0   39.0798   1   0   39.0999   0   1   
115   0.0935319   1   0   0.135246   0   1   9.98579   0   1   10.0417   1   0   39.0798   1   0   39.0939   0   1   
116   0.108164   1   0   0.135246   0   1   9.99079   0   1   10.0271   1   0   39.0798   1   0   39.089   0   1   
117   0.119843   1   0   0.135246   0   1   9.99477   0   1   10.0154   1   0   39.0798   1   0   39.085   0   1   
118   0.128348   1   0   0.135246   0   1   9.99766   0   1   10.0069   1   0   39.0798   1   0   39.0821   0   1   
119   0.133517   1   0   0.135246   0   1   9.99941   0   1   10.0017   1   0   39.0798   1   0   39.0803   0   1   
120   0.135246   0   1   0.135251   1   0   10   0   1   10   1   0   39.0797   0   1   39.0798   1   0   
121   0.133502   0   1   0.133508   1   0   10.0011   0   1   10.0011   1   0   39.0803   0   1   39.0803   1   0   
122   0.128198   0   1   0.128203   1   0   10.0046   0   1   10.0046   1   0   39.0822   0   1   39.0822   1   0   
123   0.119116   0   1   0.119122   1   0   10.0103   0   1   10.0103   1   0   39.0855   0   1   39.0855   1   0   
124   0.105929   0   1   0.105935   1   0   10.0184   0   1   10.0184   1   0   39.0907   0   1   39.0907   1   0   
125   0.0882335   0   1   0.0882393   1   0   10.0287   0   1   10.0287   1   0   39.098   0   1   39.098   1   0   
126   0.0656088   0   1   0.0656146   1   0   10.0413   0   1   10.0413   1   0   39.1081   0   1   39.1081   1   0   
127   0.0376751   0   1   0.0376809   1   0   10.056   0   1   10.056   1   0   39.1213   0   1   39.1213   1   0   
128   0.00415662   0   1   0.00416237   1   0   10.0728   0   1   10.0728   1   0   39.138   0   1   39.138   1   0   
129   -0.0350592   0   1   -0.0350535   1   0   10.0915   0   1   10.0915   1   0   39.1586   0   1   39.1586   1   0   
130   -0.0798715   0   1   -0.0798658   1   0   10.1118   0   1   10.1118   1   0   39.1831   0   1   39.1831   1   0   
131   -0.129929   0   1   -0.129923   1   0   10.1334   0   1   10.1334   1   0   39.2116   0   1   39.2116   1   0   
132   -0.184608   0   1   -0.184602   1   0   10.1559   0   1   10.1559   1   0   39.2437   0   1   39.2437   1   0   
133   -0.243014   0   1   -0.243008   1   0   10.179   0   1   10.179   1   0   39.279   0   1   39.2791   1   0   
134   -0.303996   0   1   -0.303991   1   0   10.2021   0   1   10.2021   1   0   39.3169   0   1   39.3169   1   0   
135   -0.366184   0   1   -0.366178   1   0   10.2249   0   1   10.2249   1   0   39.3563   0   1   39.3563   1   0   
136   -0.428036   0   1   -0.42803   1   0   10.2468   0   1   10.2468   1   0   39.3963   0   1   39.3963   1   0   
137   -0.487903   0   1   -0.487897   1   0   10.2673   0   1   10.2673   1   0   39.4356   0   1   39.4356   1   0   
138   -0.544098   0   1   -0.544093   1   0   10.2861   0   1   10.2861   1   0   39.473   0   1   39.473   1   0   
139   -0.594971   0   1   -0.594965   1   0   10.3027   0   1   10.3027   1   0   39.5072   0   1   39.5072   1   0   
140   -0.638976   0   1   -0.63897   1   0   10.3168   0   1   10.3168   1   0   39.5371   0   1   39.5371   1   0   
141   -0.674745   0   1   -0.67474   1   0   10.3281   0   1   10.3281   1   0   39.5616   0   1   39.5616   1   0   
142   -0.701148   0   1   -0.701143   1   0   10.3364   0   1   10.3364   1   0   39.5798   0   1   39.5798   1   0   
143   -0.717339   0   1   -0.717334   1   0   10.3414   0   1   10.3414   1   0   39.591   0   1   39.591   1   0   
144   -0.722795   0   1   -0.722789   1   0   10.343   0   1   10.343   1   0   39.5947   0   1   39.5948   1   0   
145   -0.722795   0   1   -0.722789   1   0   10.343   0   1   10.343   1   0   39.5947   0   1   39.5948   1   0   
