0   -4.44304   -4.44304   2.38174   2.38174   5.06129   5.06129   
1   -4.26147   -4.26106   2.3681   2.3696   4.89187   4.89296   
2   -3.74087   -3.73901   2.3209   2.32817   4.4127   4.41811   
3   -2.95098   -2.94582   2.21098   2.23389   3.71709   3.73484   
4   -2.00248   -1.98983   1.93753   1.99742   3.00506   3.0523   
5   -1.05946   -1.02818   1.38954   1.48737   2.57209   2.63864   
6   -0.477271   -0.418341   0.997671   1.12361   2.35366   2.42067   
7   -0.650801   -0.624812   1.38521   1.48095   2.16985   2.2396   
8   -1.00333   -1.00333   1.93089   1.93089   2.07243   2.07243   
9   -0.425415   -0.425414   1.63614   1.63614   1.78927   1.78927   
10   0.100679   0.10068   1.32273   1.32273   1.57659   1.57659   
11   0.559096   0.559097   1.11974   1.11974   1.32116   1.32116   
12   0.878713   0.878715   0.99767   0.997671   1.12361   1.12362   
13   0.559096   0.559097   1.11974   1.11974   1.32116   1.32116   
14   0.100679   0.10068   1.32273   1.32273   1.57659   1.57659   
15   -0.425415   -0.425414   1.63614   1.63614   1.78927   1.78927   
16   -1.00333   -1.00333   1.93089   1.93089   2.07243   2.07243   
17   -0.650802   -0.624811   1.38521   1.48095   2.16985   2.2396   
18   -0.477272   -0.41834   0.99767   1.12362   2.35366   2.42067   
19   -1.05946   -1.02817   1.38954   1.48737   2.57209   2.63864   
20   -2.00248   -1.98983   1.93753   1.99742   3.00506   3.0523   
21   -2.95098   -2.94582   2.21098   2.23389   3.71709   3.73483   
22   -3.74087   -3.73901   2.3209   2.32817   4.4127   4.41811   
23   -4.26147   -4.26106   2.3681   2.3696   4.89187   4.89296   
24   -4.44304   -4.44304   2.38174   2.38174   5.06129   5.06129   
25   -4.36988   -4.36988   2.37672   2.37672   4.99316   4.99316   
26   -4.15475   -4.15475   2.36134   2.36134   4.79341   4.79341   
27   -3.81031   -3.81031   2.33465   2.33465   4.47566   4.47566   
28   -3.35656   -3.35656   2.29496   2.29496   4.06161   4.06161   
29   -2.81925   -2.81925   2.23972   2.23972   3.57953   3.57953   
30   -2.22775   -2.22775   2.16528   2.16528   3.06247   3.06247   
31   -1.61267   -1.61267   2.06633   2.06633   2.54634   2.54634   
32   -1.00333   -1.00333   1.93089   1.93089   2.07243   2.07243   
33   -0.425415   -0.425414   1.63614   1.63614   1.78927   1.78927   
34   0.100679   0.10068   1.32273   1.32273   1.57659   1.57659   
35   0.559096   0.559097   1.11974   1.11974   1.32116   1.32116   
36   0.878713   0.878715   0.99767   0.997671   1.12361   1.12362   
# Gamma(0)-->K(8)-->K_prime(16)-->Gamma(24)-->M(36)
