0   0   0   -4.44304   -4.44304   2.38174   2.38174   5.06129   5.06129   
1   1   0   -4.40641   -4.40627   2.37897   2.37945   5.02696   5.0273   
2   2   0   -4.29729   -4.29674   2.37024   2.37222   4.92507   4.92651   
3   3   0   -4.11803   -4.11675   2.35411   2.35886   4.75918   4.76263   
4   4   0   -3.87256   -3.87015   2.32772   2.33692   4.53564   4.54243   
5   5   0   -3.56654   -3.56247   2.28571   2.30183   4.26471   4.27676   
6   6   0   -3.20755   -3.20109   2.21844   2.24506   3.96249   3.98265   
7   7   0   -2.80565   -2.79571   2.10968   2.15144   3.65421   3.68604   
8   8   0   -2.37457   -2.35945   1.93774   1.99866   3.37591   3.42171   
9   9   0   -1.93462   -1.91161   1.69043   1.77094   3.16368   3.22119   
10   10   0   -1.51988   -1.48488   1.3917   1.49026   3.02961   3.09318   
11   11   0   -1.19418   -1.14342   1.11774   1.23399   2.96018   3.02568   
12   12   0   -1.06269   -1.00258   0.997671   1.12361   2.93908   3.00491   
13   13   0   -1.19418   -1.14342   1.11774   1.23399   2.96018   3.02568   
14   14   0   -1.51988   -1.48488   1.3917   1.49026   3.02961   3.09318   
15   15   0   -1.93462   -1.91161   1.69043   1.77094   3.16368   3.22119   
16   16   0   -2.37457   -2.35945   1.93774   1.99866   3.37591   3.42171   
17   17   0   -2.80565   -2.79571   2.10968   2.15144   3.65421   3.68604   
18   18   0   -3.20755   -3.20109   2.21844   2.24506   3.96249   3.98265   
19   19   0   -3.56654   -3.56247   2.28571   2.30183   4.26471   4.27676   
20   20   0   -3.87256   -3.87015   2.32772   2.33692   4.53564   4.54243   
21   21   0   -4.11803   -4.11675   2.35411   2.35886   4.75918   4.76263   
22   22   0   -4.29729   -4.29674   2.37024   2.37222   4.92507   4.92651   
23   23   0   -4.40641   -4.40627   2.37897   2.37945   5.02696   5.0273   

24   0   1   -4.40641   -4.40627   2.37898   2.37945   5.02696   5.0273   
25   1   1   -4.36988   -4.36988   2.37672   2.37672   4.99316   4.99316   
26   2   1   -4.26147   -4.26106   2.3681   2.3696   4.89187   4.89296   
27   3   1   -4.08337   -4.08222   2.35218   2.35644   4.72692   4.73004   
28   4   1   -3.83947   -3.83719   2.32609   2.33483   4.50465   4.51111   
29   5   1   -3.5354   -3.53146   2.28449   2.30018   4.23522   4.24698   
30   6   1   -3.17866   -3.17234   2.21772   2.24398   3.93469   3.95463   
31   7   1   -2.77925   -2.76945   2.10942   2.15097   3.62827   3.66002   
32   8   1   -2.35076   -2.33578   1.93773   1.99861   3.35215   3.39805   
33   9   1   -1.91333   -1.89046   1.69039   1.77092   3.14241   3.20007   
34   10   1   -1.50078   -1.46591   1.39164   1.49018   3.0106   3.07427   
35   11   1   -1.17657   -1.12588   1.11774   1.23396   2.9426   3.00815   
36   12   1   -1.04559   -0.985503   0.997671   1.12361   2.92197   2.98783   
37   13   1   -1.17657   -1.12588   1.11774   1.23396   2.9426   3.00815   
38   14   1   -1.50078   -1.46591   1.39164   1.49018   3.0106   3.07427   
39   15   1   -1.91333   -1.89046   1.69039   1.77092   3.14241   3.20007   
40   16   1   -2.35076   -2.33578   1.93773   1.99861   3.35215   3.39805   
41   17   1   -2.77925   -2.76945   2.10942   2.15097   3.62827   3.66002   
42   18   1   -3.17866   -3.17234   2.21772   2.24398   3.93469   3.95463   
43   19   1   -3.5354   -3.53146   2.28449   2.30018   4.23522   4.24698   
44   20   1   -3.83947   -3.83719   2.32609   2.33483   4.50465   4.51111   
45   21   1   -4.08337   -4.08222   2.35218   2.35644   4.72692   4.73004   
46   22   1   -4.26147   -4.26106   2.3681   2.3696   4.89187   4.89296   
47   23   1   -4.36988   -4.36988   2.37672   2.37672   4.99316   4.99316   

48   0   2   -4.29729   -4.29674   2.37024   2.37222   4.92507   4.92651   
49   1   2   -4.26147   -4.26106   2.3681   2.3696   4.89187   4.89296   
50   2   2   -4.15475   -4.15475   2.36134   2.36134   4.79341   4.79341   
51   3   2   -3.98008   -3.97934   2.34605   2.34882   4.63126   4.6333   
52   4   2   -3.74087   -3.73901   2.3209   2.32817   4.4127   4.41811   
53   5   2   -3.44259   -3.43907   2.28059   2.2949   4.14768   4.15848   
54   6   2   -3.09257   -3.08667   2.2154   2.24051   3.85207   3.87128   
55   7   2   -2.70054   -2.69117   2.10862   2.14946   3.55108   3.58255   
56   8   2   -2.27976   -2.26521   1.9377   1.99842   3.28134   3.32751   
57   9   2   -1.84985   -1.8274   1.69025   1.77085   3.07899   3.13715   
58   10   2   -1.44382   -1.40933   1.39144   1.48993   2.95389   3.01789   
59   11   2   -1.12405   -1.0736   1.11774   1.23387   2.89018   2.95586   
60   12   2   -0.994574   -0.934564   0.997671   1.12361   2.87096   2.93689   
61   13   2   -1.12405   -1.0736   1.11774   1.23387   2.89018   2.95586   
62   14   2   -1.44382   -1.40933   1.39144   1.48993   2.95389   3.01789   
63   15   2   -1.84985   -1.8274   1.69025   1.77085   3.07899   3.13715   
64   16   2   -2.27976   -2.26521   1.9377   1.99842   3.28134   3.32751   
65   17   2   -2.70054   -2.69117   2.10862   2.14946   3.55108   3.58255   
66   18   2   -3.09257   -3.08667   2.2154   2.24051   3.85207   3.87128   
67   19   2   -3.44259   -3.43907   2.28059   2.2949   4.14768   4.15848   
68   20   2   -3.74087   -3.73901   2.3209   2.32817   4.4127   4.41811   
69   21   2   -3.98008   -3.97934   2.34605   2.34882   4.63126   4.6333   
70   22   2   -4.15475   -4.15475   2.36134   2.36134   4.79341   4.79341   
71   23   2   -4.26147   -4.26106   2.3681   2.3696   4.89187   4.89296   

72   0   3   -4.11803   -4.11675   2.35412   2.35885   4.75918   4.76263   
73   1   3   -4.08337   -4.08222   2.35218   2.35644   4.72692   4.73004   
74   2   3   -3.98008   -3.97934   2.34605   2.34882   4.63126   4.6333   
75   3   3   -3.81031   -3.81031   2.33465   2.33465   4.47566   4.47566   
76   4   3   -3.57877   -3.57764   2.3112   2.31574   4.26303   4.26644   
77   5   3   -3.28998   -3.2872   2.27325   2.28497   4.00501   4.01396   
78   6   3   -2.95098   -2.94582   2.21098   2.23389   3.71709   3.73484   
79   7   3   -2.57106   -2.56243   2.10707   2.14655   3.42452   3.45536   
80   8   3   -2.16292   -2.14913   1.93764   1.99806   3.16486   3.21149   
81   9   3   -1.74534   -1.72364   1.69   1.77072   2.97461   3.03364   
82   10   3   -1.35004   -1.31622   1.39108   1.48945   2.86058   2.92514   
83   11   3   -1.03755   -0.987509   1.11775   1.23371   2.80384   2.86976   
84   12   3   -0.910524   -0.850648   0.997671   1.12361   2.78691   2.85298   
85   13   3   -1.03755   -0.987509   1.11775   1.23371   2.80384   2.86976   
86   14   3   -1.35004   -1.31622   1.39108   1.48945   2.86058   2.92514   
87   15   3   -1.74534   -1.72364   1.69   1.77072   2.97461   3.03364   
88   16   3   -2.16292   -2.14913   1.93764   1.99806   3.16486   3.21149   
89   17   3   -2.57106   -2.56243   2.10707   2.14655   3.42452   3.45536   
90   18   3   -2.95098   -2.94582   2.21098   2.23389   3.71709   3.73484   
91   19   3   -3.28998   -3.2872   2.27325   2.28497   4.00501   4.01396   
92   20   3   -3.57877   -3.57764   2.3112   2.31574   4.26303   4.26644   
93   21   3   -3.81031   -3.81031   2.33465   2.33465   4.47566   4.47566   
94   22   3   -3.98008   -3.97934   2.34605   2.34882   4.63126   4.6333   
95   23   3   -4.08337   -4.08222   2.35218   2.35644   4.72692   4.73004   

96   0   4   -3.87256   -3.87015   2.32772   2.33692   4.53564   4.54243   
97   1   4   -3.83947   -3.83719   2.32609   2.33482   4.50465   4.51111   
98   2   4   -3.74087   -3.73901   2.3209   2.32817   4.4127   4.41811   
99   3   4   -3.57877   -3.57764   2.3112   2.31574   4.26303   4.26644   
100   4   4   -3.35656   -3.35656   2.29496   2.29496   4.06161   4.06161   
101   5   4   -3.08072   -3.07907   2.26079   2.26812   3.8126   3.81828   
102   6   4   -2.75673   -2.7527   2.20337   2.22244   3.53429   3.54934   
103   7   4   -2.39335   -2.38586   2.10436   2.1414   3.25195   3.2815   
104   8   4   -2.00248   -1.98983   1.93753   1.99742   3.00506   3.0523   
105   9   4   -1.60175   -1.58119   1.68958   1.7705   2.83126   2.89161   
106   10   4   -1.22112   -1.18834   1.39049   1.48867   2.73246   2.79785   
107   11   4   -0.918587   -0.869179   1.11775   1.23344   2.68514   2.75142   
108   12   4   -0.794879   -0.73521   0.997671   1.12361   2.67126   2.73754   
109   13   4   -0.918587   -0.869179   1.11775   1.23344   2.68514   2.75142   
110   14   4   -1.22112   -1.18834   1.39049   1.48867   2.73246   2.79785   
111   15   4   -1.60175   -1.58119   1.68958   1.7705   2.83126   2.89161   
112   16   4   -2.00248   -1.98983   1.93753   1.99742   3.00506   3.0523   
113   17   4   -2.39335   -2.38586   2.10436   2.1414   3.25195   3.2815   
114   18   4   -2.75673   -2.7527   2.20337   2.22244   3.53429   3.54934   
115   19   4   -3.08072   -3.07907   2.26079   2.26812   3.8126   3.81828   
116   20   4   -3.35656   -3.35656   2.29496   2.29496   4.06161   4.06161   
117   21   4   -3.57877   -3.57764   2.3112   2.31574   4.26303   4.26644   
118   22   4   -3.74087   -3.73901   2.3209   2.32817   4.4127   4.41811   
119   23   4   -3.83947   -3.83719   2.32609   2.33482   4.50465   4.51111   

120   0   5   -3.56654   -3.56247   2.28571   2.30183   4.26471   4.27676   
121   1   5   -3.5354   -3.53146   2.28449   2.30017   4.23522   4.24698   
122   2   5   -3.44259   -3.43907   2.28059   2.2949   4.14769   4.15848   
123   3   5   -3.28998   -3.2872   2.27325   2.28497   4.00502   4.01396   
124   4   5   -3.08072   -3.07907   2.26079   2.26811   3.8126   3.81828   
125   5   5   -2.81925   -2.81925   2.23972   2.23972   3.57953   3.57953   
126   6   5   -2.51387   -2.5115   2.1901   2.20246   3.31141   3.3214   
127   7   5   -2.171   -2.16517   2.09952   2.13203   3.03897   3.06564   
128   8   5   -1.80158   -1.79059   1.93735   1.99624   2.80533   2.85325   
129   9   5   -1.42182   -1.40291   1.68887   1.77011   2.65172   2.71404   
130   10   5   -1.05946   -1.02818   1.38954   1.48737   2.57209   2.63864   
131   11   5   -0.769275   -0.720797   1.11777   1.23302   2.53626   2.60303   
132   12   5   -0.649628   -0.59026   0.997671   1.12361   2.52601   2.59259   
133   13   5   -0.769275   -0.720797   1.11777   1.23302   2.53626   2.60303   
134   14   5   -1.05946   -1.02818   1.38954   1.48737   2.57209   2.63864   
135   15   5   -1.42182   -1.40291   1.68887   1.77011   2.65172   2.71404   
136   16   5   -1.80158   -1.79059   1.93735   1.99624   2.80533   2.85325   
137   17   5   -2.171   -2.16517   2.09952   2.13203   3.03897   3.06564   
138   18   5   -2.51387   -2.5115   2.1901   2.20246   3.31141   3.3214   
139   19   5   -2.81925   -2.81925   2.23972   2.23972   3.57953   3.57953   
140   20   5   -3.08072   -3.07907   2.26079   2.26811   3.8126   3.81828   
141   21   5   -3.28998   -3.2872   2.27325   2.28497   4.00502   4.01396   
142   22   5   -3.44259   -3.43907   2.28059   2.2949   4.14769   4.15848   
143   23   5   -3.5354   -3.53146   2.28449   2.30017   4.23522   4.24698   

144   0   6   -3.20755   -3.20109   2.21845   2.24506   3.96249   3.98265   
145   1   6   -3.17866   -3.17234   2.21772   2.24398   3.93469   3.95463   
146   2   6   -3.09257   -3.08667   2.2154   2.24051   3.85207   3.87128   
147   3   6   -2.95098   -2.94582   2.21098   2.23389   3.71709   3.73483   
148   4   6   -2.75673   -2.7527   2.20337   2.22244   3.53429   3.54934   
149   5   6   -2.51387   -2.5115   2.1901   2.20246   3.31141   3.3214   
150   6   6   -2.22775   -2.22775   2.16528   2.16528   3.06247   3.06247   
151   7   6   -1.90874   -1.90529   2.08992   2.11302   2.79571   2.81536   
152   8   6   -1.56432   -1.55572   1.93698   1.99375   2.57057   2.61874   
153   9   6   -1.20907   -1.19252   1.6876   1.76935   2.43973   2.50492   
154   10   6   -0.868095   -0.838964   1.38797   1.48515   2.38295   2.45099   
155   11   6   -0.592294   -0.545178   1.11779   1.23233   2.35997   2.42739   
156   12   6   -0.477271   -0.418341   0.997671   1.12361   2.35366   2.42067   
157   13   6   -0.592294   -0.545178   1.11779   1.23233   2.35997   2.42739   
158   14   6   -0.868095   -0.838964   1.38797   1.48515   2.38295   2.45099   
159   15   6   -1.20907   -1.19252   1.6876   1.76935   2.43973   2.50492   
160   16   6   -1.56432   -1.55572   1.93698   1.99375   2.57057   2.61874   
161   17   6   -1.90874   -1.90529   2.08992   2.11302   2.79571   2.81536   
162   18   6   -2.22775   -2.22775   2.16528   2.16528   3.06247   3.06247   
163   19   6   -2.51387   -2.5115   2.1901   2.20246   3.31141   3.3214   
164   20   6   -2.75673   -2.7527   2.20337   2.22244   3.53429   3.54934   
165   21   6   -2.95098   -2.94582   2.21098   2.23389   3.71709   3.73483   
166   22   6   -3.09257   -3.08667   2.2154   2.24051   3.85207   3.87128   
167   23   6   -3.17866   -3.17234   2.21772   2.24398   3.93469   3.95463   

168   0   7   -2.80565   -2.79571   2.10968   2.15144   3.65421   3.68604   
169   1   7   -2.77925   -2.76945   2.10943   2.15097   3.62828   3.66002   
170   2   7   -2.70054   -2.69117   2.10862   2.14946   3.55108   3.58255   
171   3   7   -2.57106   -2.56243   2.10707   2.14655   3.42452   3.45536   
172   4   7   -2.39335   -2.38586   2.10436   2.1414   3.25195   3.2815   
173   5   7   -2.171   -2.16517   2.09953   2.13202   3.03897   3.06564   
174   6   7   -1.90874   -1.90529   2.08992   2.11302   2.79572   2.81536   
175   7   7   -1.61267   -1.61267   2.06633   2.06633   2.54634   2.54634   
176   8   7   -1.29597   -1.29082   1.93605   1.98637   2.3096   2.35477   
177   9   7   -0.967959   -0.954814   1.68497   1.76754   2.20042   2.26985   
178   10   7   -0.650801   -0.624812   1.38521   1.48095   2.16985   2.2396   
179   11   7   -0.390893   -0.345815   1.11783   1.23113   2.15976   2.22799   
180   12   7   -0.280782   -0.222501   0.997671   1.12361   2.15717   2.22483   
181   13   7   -0.390893   -0.345815   1.11783   1.23113   2.15976   2.22799   
182   14   7   -0.650801   -0.624812   1.38521   1.48095   2.16985   2.2396   
183   15   7   -0.967959   -0.954814   1.68497   1.76754   2.20042   2.26985   
184   16   7   -1.29597   -1.29082   1.93605   1.98637   2.3096   2.35477   
185   17   7   -1.61267   -1.61267   2.06633   2.06633   2.54634   2.54634   
186   18   7   -1.90874   -1.90529   2.08992   2.11302   2.79572   2.81536   
187   19   7   -2.171   -2.16517   2.09953   2.13202   3.03897   3.06564   
188   20   7   -2.39335   -2.38586   2.10436   2.1414   3.25195   3.2815   
189   21   7   -2.57106   -2.56243   2.10707   2.14655   3.42452   3.45536   
190   22   7   -2.70054   -2.69117   2.10862   2.14946   3.55108   3.58255   
191   23   7   -2.77925   -2.76945   2.10943   2.15097   3.62828   3.66002   

192   0   8   -2.37457   -2.35946   1.93774   1.99866   3.37591   3.42171   
193   1   8   -2.35076   -2.33578   1.93773   1.99861   3.35215   3.39805   
194   2   8   -2.27976   -2.26521   1.9377   1.99842   3.28134   3.32751   
195   3   8   -2.16292   -2.14913   1.93764   1.99806   3.16486   3.21149   
196   4   8   -2.00248   -1.98983   1.93753   1.99742   3.00506   3.0523   
197   5   8   -1.80158   -1.79059   1.93735   1.99624   2.80533   2.85325   
198   6   8   -1.56432   -1.55573   1.93698   1.99375   2.57057   2.61874   
199   7   8   -1.29597   -1.29082   1.93605   1.98637   2.3096   2.35477   
200   8   8   -1.00333   -1.00333   1.93089   1.93089   2.07243   2.07243   
201   9   8   -0.704137   -0.696093   1.67768   1.75983   1.94431   2.01841   
202   10   8   -0.412238   -0.391009   1.37972   1.47142   1.94082   2.01129   
203   11   8   -0.168934   -0.127062   1.11789   1.22881   1.94012   2.00917   
204   12   8   -0.0635747   -0.00630492   0.997671   1.12361   1.93996   2.00863   
205   13   8   -0.168934   -0.127062   1.11789   1.22881   1.94012   2.00917   
206   14   8   -0.412238   -0.391009   1.37972   1.47142   1.94082   2.01129   
207   15   8   -0.704137   -0.696093   1.67768   1.75983   1.94431   2.01841   
208   16   8   -1.00333   -1.00333   1.93089   1.93089   2.07243   2.07243   
209   17   8   -1.29597   -1.29082   1.93605   1.98637   2.3096   2.35477   
210   18   8   -1.56432   -1.55573   1.93698   1.99375   2.57057   2.61874   
211   19   8   -1.80158   -1.79059   1.93735   1.99624   2.80533   2.85325   
212   20   8   -2.00248   -1.98983   1.93753   1.99742   3.00506   3.0523   
213   21   8   -2.16292   -2.14913   1.93764   1.99806   3.16486   3.21149   
214   22   8   -2.27976   -2.26521   1.9377   1.99842   3.28134   3.32751   
215   23   8   -2.35076   -2.33578   1.93773   1.99861   3.35215   3.39805   

216   0   9   -1.93462   -1.91161   1.69043   1.77094   3.16368   3.22119   
217   1   9   -1.91333   -1.89046   1.69039   1.77092   3.14241   3.20007   
218   2   9   -1.84985   -1.8274   1.69025   1.77085   3.07899   3.13715   
219   3   9   -1.74534   -1.72364   1.69   1.77072   2.97461   3.03364   
220   4   9   -1.60175   -1.58119   1.68958   1.7705   2.83126   2.89161   
221   5   9   -1.42182   -1.40291   1.68887   1.77011   2.65172   2.71404   
222   6   9   -1.20907   -1.19252   1.6876   1.76935   2.43973   2.50492   
223   7   9   -0.96796   -0.954814   1.68497   1.76754   2.20042   2.26985   
224   8   9   -0.704137   -0.696092   1.67768   1.75983   1.94431   2.01841   
225   9   9   -0.425415   -0.425414   1.63614   1.63614   1.78927   1.78927   
226   10   9   -0.158519   -0.144968   1.36637   1.44116   1.71735   1.7786   
227   11   9   0.0688916   0.105277   1.11803   1.22342   1.70769   1.77669   
228   12   9   0.170518   0.226064   0.997671   1.12361   1.70587   1.77626   
229   13   9   0.0688916   0.105277   1.11803   1.22342   1.70769   1.77669   
230   14   9   -0.158519   -0.144968   1.36637   1.44116   1.71735   1.7786   
231   15   9   -0.425415   -0.425414   1.63614   1.63614   1.78927   1.78927   
232   16   9   -0.704137   -0.696092   1.67768   1.75983   1.94431   2.01841   
233   17   9   -0.96796   -0.954814   1.68497   1.76754   2.20042   2.26985   
234   18   9   -1.20907   -1.19252   1.6876   1.76935   2.43973   2.50492   
235   19   9   -1.42182   -1.40291   1.68887   1.77011   2.65172   2.71404   
236   20   9   -1.60175   -1.58119   1.68958   1.7705   2.83126   2.89161   
237   21   9   -1.74534   -1.72364   1.69   1.77072   2.97461   3.03364   
238   22   9   -1.84985   -1.8274   1.69025   1.77085   3.07899   3.13715   
239   23   9   -1.91333   -1.89046   1.69039   1.77092   3.14241   3.20007   

240   0   10   -1.51988   -1.48488   1.3917   1.49026   3.02961   3.09318   
241   1   10   -1.50078   -1.46591   1.39164   1.49018   3.0106   3.07427   
242   2   10   -1.44382   -1.40933   1.39144   1.48993   2.95389   3.01789   
243   3   10   -1.35004   -1.31622   1.39108   1.48945   2.86058   2.92514   
244   4   10   -1.22112   -1.18834   1.39049   1.48867   2.73246   2.79785   
245   5   10   -1.05946   -1.02817   1.38954   1.48737   2.57209   2.63864   
246   6   10   -0.868096   -0.838964   1.38797   1.48515   2.38295   2.45099   
247   7   10   -0.650802   -0.624811   1.38521   1.48095   2.16985   2.2396   
248   8   10   -0.412238   -0.391008   1.37972   1.47142   1.94082   2.01129   
249   9   10   -0.158519   -0.144967   1.36637   1.44116   1.71735   1.7786   
250   10   10   0.100679   0.10068   1.32273   1.32273   1.57659   1.57659   
251   11   10   0.316135   0.341766   1.1184   1.20554   1.47832   1.53984   
252   12   10   0.417149   0.46924   0.997671   1.12361   1.45924   1.53309   
253   13   10   0.316135   0.341766   1.1184   1.20554   1.47832   1.53984   
254   14   10   0.100679   0.10068   1.32273   1.32273   1.57659   1.57659   
255   15   10   -0.158519   -0.144967   1.36637   1.44116   1.71735   1.7786   
256   16   10   -0.412238   -0.391008   1.37972   1.47142   1.94082   2.01129   
257   17   10   -0.650802   -0.624811   1.38521   1.48095   2.16985   2.2396   
258   18   10   -0.868096   -0.838964   1.38797   1.48515   2.38295   2.45099   
259   19   10   -1.05946   -1.02817   1.38954   1.48737   2.57209   2.63864   
260   20   10   -1.22112   -1.18834   1.39049   1.48867   2.73246   2.79785   
261   21   10   -1.35004   -1.31622   1.39108   1.48945   2.86058   2.92514   
262   22   10   -1.44382   -1.40933   1.39144   1.48993   2.95389   3.01789   
263   23   10   -1.50078   -1.46591   1.39164   1.49018   3.0106   3.07427   

264   0   11   -1.19418   -1.14342   1.11774   1.23399   2.96018   3.02568   
265   1   11   -1.17657   -1.12588   1.11774   1.23396   2.9426   3.00815   
266   2   11   -1.12405   -1.0736   1.11774   1.23387   2.89018   2.95586   
267   3   11   -1.03755   -0.987508   1.11775   1.23371   2.80384   2.86976   
268   4   11   -0.918588   -0.869179   1.11775   1.23344   2.68514   2.75142   
269   5   11   -0.769276   -0.720797   1.11777   1.23302   2.53626   2.60303   
270   6   11   -0.592295   -0.545178   1.11779   1.23233   2.35997   2.42739   
271   7   11   -0.390894   -0.345815   1.11783   1.23113   2.15976   2.22799   
272   8   11   -0.168935   -0.127062   1.11789   1.22881   1.94012   2.00917   
273   9   11   0.0688911   0.105278   1.11803   1.22342   1.70769   1.77669   
274   10   11   0.316134   0.341767   1.1184   1.20554   1.47832   1.53984   
275   11   11   0.559096   0.559097   1.11974   1.11974   1.32116   1.32116   
276   12   11   0.67045   0.71282   0.997671   1.12361   1.20593   1.28951   
277   13   11   0.559096   0.559097   1.11974   1.11974   1.32116   1.32116   
278   14   11   0.316134   0.341767   1.1184   1.20554   1.47832   1.53984   
279   15   11   0.0688911   0.105278   1.11803   1.22342   1.70769   1.77669   
280   16   11   -0.168935   -0.127062   1.11789   1.22881   1.94012   2.00917   
281   17   11   -0.390894   -0.345815   1.11783   1.23113   2.15976   2.22799   
282   18   11   -0.592295   -0.545178   1.11779   1.23233   2.35997   2.42739   
283   19   11   -0.769276   -0.720797   1.11777   1.23302   2.53626   2.60303   
284   20   11   -0.918588   -0.869179   1.11775   1.23344   2.68514   2.75142   
285   21   11   -1.03755   -0.987508   1.11775   1.23371   2.80384   2.86976   
286   22   11   -1.12405   -1.0736   1.11774   1.23387   2.89018   2.95586   
287   23   11   -1.17657   -1.12588   1.11774   1.23396   2.9426   3.00815   

288   0   12   -1.06269   -1.00258   0.99767   1.12362   2.93908   3.00491   
289   1   12   -1.04559   -0.985502   0.99767   1.12362   2.92197   2.98783   
290   2   12   -0.994575   -0.934564   0.99767   1.12362   2.87096   2.93689   
291   3   12   -0.910524   -0.850647   0.99767   1.12362   2.78691   2.85298   
292   4   12   -0.79488   -0.735209   0.99767   1.12362   2.67126   2.73754   
293   5   12   -0.649629   -0.59026   0.99767   1.12362   2.52601   2.59259   
294   6   12   -0.477272   -0.41834   0.99767   1.12362   2.35366   2.42067   
295   7   12   -0.280783   -0.2225   0.99767   1.12362   2.15717   2.22483   
296   8   12   -0.0635752   -0.0063042   0.99767   1.12362   1.93996   2.00863   
297   9   12   0.170518   0.226065   0.99767   1.12362   1.70587   1.77627   
298   10   12   0.417148   0.469241   0.99767   1.12362   1.45924   1.53309   
299   11   12   0.670449   0.712821   0.99767   1.12362   1.20593   1.28951   
300   12   12   0.878713   0.878715   0.99767   0.997671   1.12361   1.12362   
301   13   12   0.670449   0.712821   0.99767   1.12362   1.20593   1.28951   
302   14   12   0.417148   0.469241   0.99767   1.12362   1.45924   1.53309   
303   15   12   0.170518   0.226065   0.99767   1.12362   1.70587   1.77627   
304   16   12   -0.0635752   -0.0063042   0.99767   1.12362   1.93996   2.00863   
305   17   12   -0.280783   -0.2225   0.99767   1.12362   2.15717   2.22483   
306   18   12   -0.477272   -0.41834   0.99767   1.12362   2.35366   2.42067   
307   19   12   -0.649629   -0.59026   0.99767   1.12362   2.52601   2.59259   
308   20   12   -0.79488   -0.735209   0.99767   1.12362   2.67126   2.73754   
309   21   12   -0.910524   -0.850647   0.99767   1.12362   2.78691   2.85298   
310   22   12   -0.994575   -0.934564   0.99767   1.12362   2.87096   2.93689   
311   23   12   -1.04559   -0.985502   0.99767   1.12362   2.92197   2.98783   

312   0   13   -1.19418   -1.14342   1.11774   1.23399   2.96018   3.02568   
313   1   13   -1.17657   -1.12588   1.11774   1.23396   2.9426   3.00815   
314   2   13   -1.12405   -1.0736   1.11774   1.23387   2.89018   2.95586   
315   3   13   -1.03755   -0.987508   1.11775   1.23371   2.80384   2.86976   
316   4   13   -0.918588   -0.869179   1.11775   1.23344   2.68514   2.75142   
317   5   13   -0.769276   -0.720797   1.11777   1.23302   2.53626   2.60303   
318   6   13   -0.592295   -0.545178   1.11779   1.23233   2.35997   2.42739   
319   7   13   -0.390894   -0.345815   1.11783   1.23113   2.15976   2.22799   
320   8   13   -0.168935   -0.127062   1.11789   1.22881   1.94012   2.00917   
321   9   13   0.0688911   0.105278   1.11803   1.22342   1.70769   1.77669   
322   10   13   0.316134   0.341767   1.1184   1.20554   1.47832   1.53984   
323   11   13   0.559096   0.559097   1.11974   1.11974   1.32116   1.32116   
324   12   13   0.67045   0.71282   0.997671   1.12361   1.20593   1.28951   
325   13   13   0.559096   0.559097   1.11974   1.11974   1.32116   1.32116   
326   14   13   0.316134   0.341767   1.1184   1.20554   1.47832   1.53984   
327   15   13   0.0688911   0.105278   1.11803   1.22342   1.70769   1.77669   
328   16   13   -0.168935   -0.127062   1.11789   1.22881   1.94012   2.00917   
329   17   13   -0.390894   -0.345815   1.11783   1.23113   2.15976   2.22799   
330   18   13   -0.592295   -0.545178   1.11779   1.23233   2.35997   2.42739   
331   19   13   -0.769276   -0.720797   1.11777   1.23302   2.53626   2.60303   
332   20   13   -0.918588   -0.869179   1.11775   1.23344   2.68514   2.75142   
333   21   13   -1.03755   -0.987508   1.11775   1.23371   2.80384   2.86976   
334   22   13   -1.12405   -1.0736   1.11774   1.23387   2.89018   2.95586   
335   23   13   -1.17657   -1.12588   1.11774   1.23396   2.9426   3.00815   

336   0   14   -1.51988   -1.48488   1.3917   1.49026   3.02961   3.09318   
337   1   14   -1.50078   -1.46591   1.39164   1.49018   3.0106   3.07427   
338   2   14   -1.44382   -1.40933   1.39144   1.48993   2.95389   3.01789   
339   3   14   -1.35004   -1.31622   1.39108   1.48945   2.86058   2.92514   
340   4   14   -1.22112   -1.18834   1.39049   1.48867   2.73246   2.79785   
341   5   14   -1.05946   -1.02817   1.38954   1.48737   2.57209   2.63864   
342   6   14   -0.868096   -0.838964   1.38797   1.48515   2.38295   2.45099   
343   7   14   -0.650802   -0.624811   1.38521   1.48095   2.16985   2.2396   
344   8   14   -0.412238   -0.391008   1.37972   1.47142   1.94082   2.01129   
345   9   14   -0.158519   -0.144967   1.36637   1.44116   1.71735   1.7786   
346   10   14   0.100679   0.10068   1.32273   1.32273   1.57659   1.57659   
347   11   14   0.316135   0.341766   1.1184   1.20554   1.47832   1.53984   
348   12   14   0.417149   0.46924   0.997671   1.12361   1.45924   1.53309   
349   13   14   0.316135   0.341766   1.1184   1.20554   1.47832   1.53984   
350   14   14   0.100679   0.10068   1.32273   1.32273   1.57659   1.57659   
351   15   14   -0.158519   -0.144967   1.36637   1.44116   1.71735   1.7786   
352   16   14   -0.412238   -0.391008   1.37972   1.47142   1.94082   2.01129   
353   17   14   -0.650802   -0.624811   1.38521   1.48095   2.16985   2.2396   
354   18   14   -0.868096   -0.838964   1.38797   1.48515   2.38295   2.45099   
355   19   14   -1.05946   -1.02817   1.38954   1.48737   2.57209   2.63864   
356   20   14   -1.22112   -1.18834   1.39049   1.48867   2.73246   2.79785   
357   21   14   -1.35004   -1.31622   1.39108   1.48945   2.86058   2.92514   
358   22   14   -1.44382   -1.40933   1.39144   1.48993   2.95389   3.01789   
359   23   14   -1.50078   -1.46591   1.39164   1.49018   3.0106   3.07427   

360   0   15   -1.93462   -1.91161   1.69043   1.77094   3.16368   3.22119   
361   1   15   -1.91333   -1.89046   1.69039   1.77092   3.14241   3.20007   
362   2   15   -1.84985   -1.8274   1.69025   1.77085   3.07899   3.13715   
363   3   15   -1.74534   -1.72364   1.69   1.77072   2.97461   3.03364   
364   4   15   -1.60175   -1.58119   1.68958   1.7705   2.83126   2.89161   
365   5   15   -1.42182   -1.40291   1.68887   1.77011   2.65172   2.71404   
366   6   15   -1.20907   -1.19252   1.6876   1.76935   2.43973   2.50492   
367   7   15   -0.96796   -0.954814   1.68497   1.76754   2.20042   2.26985   
368   8   15   -0.704137   -0.696092   1.67768   1.75983   1.94431   2.01841   
369   9   15   -0.425415   -0.425414   1.63614   1.63614   1.78927   1.78927   
370   10   15   -0.158519   -0.144968   1.36637   1.44116   1.71735   1.7786   
371   11   15   0.0688916   0.105277   1.11803   1.22342   1.70769   1.77669   
372   12   15   0.170518   0.226064   0.997671   1.12361   1.70587   1.77626   
373   13   15   0.0688916   0.105277   1.11803   1.22342   1.70769   1.77669   
374   14   15   -0.158519   -0.144968   1.36637   1.44116   1.71735   1.7786   
375   15   15   -0.425415   -0.425414   1.63614   1.63614   1.78927   1.78927   
376   16   15   -0.704137   -0.696092   1.67768   1.75983   1.94431   2.01841   
377   17   15   -0.96796   -0.954814   1.68497   1.76754   2.20042   2.26985   
378   18   15   -1.20907   -1.19252   1.6876   1.76935   2.43973   2.50492   
379   19   15   -1.42182   -1.40291   1.68887   1.77011   2.65172   2.71404   
380   20   15   -1.60175   -1.58119   1.68958   1.7705   2.83126   2.89161   
381   21   15   -1.74534   -1.72364   1.69   1.77072   2.97461   3.03364   
382   22   15   -1.84985   -1.8274   1.69025   1.77085   3.07899   3.13715   
383   23   15   -1.91333   -1.89046   1.69039   1.77092   3.14241   3.20007   

384   0   16   -2.37457   -2.35946   1.93774   1.99866   3.37591   3.42171   
385   1   16   -2.35076   -2.33578   1.93773   1.99861   3.35215   3.39805   
386   2   16   -2.27976   -2.26521   1.9377   1.99842   3.28134   3.32751   
387   3   16   -2.16292   -2.14913   1.93764   1.99806   3.16486   3.21149   
388   4   16   -2.00248   -1.98983   1.93753   1.99742   3.00506   3.0523   
389   5   16   -1.80158   -1.79059   1.93735   1.99624   2.80533   2.85325   
390   6   16   -1.56432   -1.55573   1.93698   1.99375   2.57057   2.61874   
391   7   16   -1.29597   -1.29082   1.93605   1.98637   2.3096   2.35477   
392   8   16   -1.00333   -1.00333   1.93089   1.93089   2.07243   2.07243   
393   9   16   -0.704137   -0.696093   1.67768   1.75983   1.94431   2.01841   
394   10   16   -0.412238   -0.391009   1.37972   1.47142   1.94082   2.01129   
395   11   16   -0.168934   -0.127062   1.11789   1.22881   1.94012   2.00917   
396   12   16   -0.0635747   -0.00630492   0.997671   1.12361   1.93996   2.00863   
397   13   16   -0.168934   -0.127062   1.11789   1.22881   1.94012   2.00917   
398   14   16   -0.412238   -0.391009   1.37972   1.47142   1.94082   2.01129   
399   15   16   -0.704137   -0.696093   1.67768   1.75983   1.94431   2.01841   
400   16   16   -1.00333   -1.00333   1.93089   1.93089   2.07243   2.07243   
401   17   16   -1.29597   -1.29082   1.93605   1.98637   2.3096   2.35477   
402   18   16   -1.56432   -1.55573   1.93698   1.99375   2.57057   2.61874   
403   19   16   -1.80158   -1.79059   1.93735   1.99624   2.80533   2.85325   
404   20   16   -2.00248   -1.98983   1.93753   1.99742   3.00506   3.0523   
405   21   16   -2.16292   -2.14913   1.93764   1.99806   3.16486   3.21149   
406   22   16   -2.27976   -2.26521   1.9377   1.99842   3.28134   3.32751   
407   23   16   -2.35076   -2.33578   1.93773   1.99861   3.35215   3.39805   

408   0   17   -2.80565   -2.79571   2.10968   2.15144   3.65421   3.68604   
409   1   17   -2.77925   -2.76945   2.10943   2.15097   3.62828   3.66002   
410   2   17   -2.70054   -2.69117   2.10862   2.14946   3.55108   3.58255   
411   3   17   -2.57106   -2.56243   2.10707   2.14655   3.42452   3.45536   
412   4   17   -2.39335   -2.38586   2.10436   2.1414   3.25195   3.2815   
413   5   17   -2.171   -2.16517   2.09953   2.13202   3.03897   3.06564   
414   6   17   -1.90874   -1.90529   2.08992   2.11302   2.79572   2.81536   
415   7   17   -1.61267   -1.61267   2.06633   2.06633   2.54634   2.54634   
416   8   17   -1.29597   -1.29082   1.93605   1.98637   2.3096   2.35477   
417   9   17   -0.967959   -0.954814   1.68497   1.76754   2.20042   2.26985   
418   10   17   -0.650801   -0.624812   1.38521   1.48095   2.16985   2.2396   
419   11   17   -0.390893   -0.345815   1.11783   1.23113   2.15976   2.22799   
420   12   17   -0.280782   -0.222501   0.997671   1.12361   2.15717   2.22483   
421   13   17   -0.390893   -0.345815   1.11783   1.23113   2.15976   2.22799   
422   14   17   -0.650801   -0.624812   1.38521   1.48095   2.16985   2.2396   
423   15   17   -0.967959   -0.954814   1.68497   1.76754   2.20042   2.26985   
424   16   17   -1.29597   -1.29082   1.93605   1.98637   2.3096   2.35477   
425   17   17   -1.61267   -1.61267   2.06633   2.06633   2.54634   2.54634   
426   18   17   -1.90874   -1.90529   2.08992   2.11302   2.79572   2.81536   
427   19   17   -2.171   -2.16517   2.09953   2.13202   3.03897   3.06564   
428   20   17   -2.39335   -2.38586   2.10436   2.1414   3.25195   3.2815   
429   21   17   -2.57106   -2.56243   2.10707   2.14655   3.42452   3.45536   
430   22   17   -2.70054   -2.69117   2.10862   2.14946   3.55108   3.58255   
431   23   17   -2.77925   -2.76945   2.10943   2.15097   3.62828   3.66002   

432   0   18   -3.20755   -3.20109   2.21845   2.24506   3.96249   3.98265   
433   1   18   -3.17866   -3.17234   2.21772   2.24398   3.93469   3.95463   
434   2   18   -3.09257   -3.08667   2.2154   2.24051   3.85207   3.87128   
435   3   18   -2.95098   -2.94582   2.21098   2.23389   3.71709   3.73483   
436   4   18   -2.75673   -2.7527   2.20337   2.22244   3.53429   3.54934   
437   5   18   -2.51387   -2.5115   2.1901   2.20246   3.31141   3.3214   
438   6   18   -2.22775   -2.22775   2.16528   2.16528   3.06247   3.06247   
439   7   18   -1.90874   -1.90529   2.08992   2.11302   2.79571   2.81536   
440   8   18   -1.56432   -1.55572   1.93698   1.99375   2.57057   2.61874   
441   9   18   -1.20907   -1.19252   1.6876   1.76935   2.43973   2.50492   
442   10   18   -0.868095   -0.838964   1.38797   1.48515   2.38295   2.45099   
443   11   18   -0.592294   -0.545178   1.11779   1.23233   2.35997   2.42739   
444   12   18   -0.477271   -0.418341   0.997671   1.12361   2.35366   2.42067   
445   13   18   -0.592294   -0.545178   1.11779   1.23233   2.35997   2.42739   
446   14   18   -0.868095   -0.838964   1.38797   1.48515   2.38295   2.45099   
447   15   18   -1.20907   -1.19252   1.6876   1.76935   2.43973   2.50492   
448   16   18   -1.56432   -1.55572   1.93698   1.99375   2.57057   2.61874   
449   17   18   -1.90874   -1.90529   2.08992   2.11302   2.79571   2.81536   
450   18   18   -2.22775   -2.22775   2.16528   2.16528   3.06247   3.06247   
451   19   18   -2.51387   -2.5115   2.1901   2.20246   3.31141   3.3214   
452   20   18   -2.75673   -2.7527   2.20337   2.22244   3.53429   3.54934   
453   21   18   -2.95098   -2.94582   2.21098   2.23389   3.71709   3.73483   
454   22   18   -3.09257   -3.08667   2.2154   2.24051   3.85207   3.87128   
455   23   18   -3.17866   -3.17234   2.21772   2.24398   3.93469   3.95463   

456   0   19   -3.56654   -3.56247   2.28571   2.30183   4.26471   4.27676   
457   1   19   -3.5354   -3.53146   2.28449   2.30017   4.23522   4.24698   
458   2   19   -3.44259   -3.43907   2.28059   2.2949   4.14769   4.15848   
459   3   19   -3.28998   -3.2872   2.27325   2.28497   4.00502   4.01396   
460   4   19   -3.08072   -3.07907   2.26079   2.26811   3.8126   3.81828   
461   5   19   -2.81925   -2.81925   2.23972   2.23972   3.57953   3.57953   
462   6   19   -2.51387   -2.5115   2.1901   2.20246   3.31141   3.3214   
463   7   19   -2.171   -2.16517   2.09952   2.13203   3.03897   3.06564   
464   8   19   -1.80158   -1.79059   1.93735   1.99624   2.80533   2.85325   
465   9   19   -1.42182   -1.40291   1.68887   1.77011   2.65172   2.71404   
466   10   19   -1.05946   -1.02818   1.38954   1.48737   2.57209   2.63864   
467   11   19   -0.769275   -0.720797   1.11777   1.23302   2.53626   2.60303   
468   12   19   -0.649628   -0.59026   0.997671   1.12361   2.52601   2.59259   
469   13   19   -0.769275   -0.720797   1.11777   1.23302   2.53626   2.60303   
470   14   19   -1.05946   -1.02818   1.38954   1.48737   2.57209   2.63864   
471   15   19   -1.42182   -1.40291   1.68887   1.77011   2.65172   2.71404   
472   16   19   -1.80158   -1.79059   1.93735   1.99624   2.80533   2.85325   
473   17   19   -2.171   -2.16517   2.09952   2.13203   3.03897   3.06564   
474   18   19   -2.51387   -2.5115   2.1901   2.20246   3.31141   3.3214   
475   19   19   -2.81925   -2.81925   2.23972   2.23972   3.57953   3.57953   
476   20   19   -3.08072   -3.07907   2.26079   2.26811   3.8126   3.81828   
477   21   19   -3.28998   -3.2872   2.27325   2.28497   4.00502   4.01396   
478   22   19   -3.44259   -3.43907   2.28059   2.2949   4.14769   4.15848   
479   23   19   -3.5354   -3.53146   2.28449   2.30017   4.23522   4.24698   

480   0   20   -3.87256   -3.87015   2.32772   2.33692   4.53564   4.54243   
481   1   20   -3.83947   -3.83719   2.32609   2.33482   4.50465   4.51111   
482   2   20   -3.74087   -3.73901   2.3209   2.32817   4.4127   4.41811   
483   3   20   -3.57877   -3.57764   2.3112   2.31574   4.26303   4.26644   
484   4   20   -3.35656   -3.35656   2.29496   2.29496   4.06161   4.06161   
485   5   20   -3.08072   -3.07907   2.26079   2.26812   3.8126   3.81828   
486   6   20   -2.75673   -2.7527   2.20337   2.22244   3.53429   3.54934   
487   7   20   -2.39335   -2.38586   2.10436   2.1414   3.25195   3.2815   
488   8   20   -2.00248   -1.98983   1.93753   1.99742   3.00506   3.0523   
489   9   20   -1.60175   -1.58119   1.68958   1.7705   2.83126   2.89161   
490   10   20   -1.22112   -1.18834   1.39049   1.48867   2.73246   2.79785   
491   11   20   -0.918587   -0.869179   1.11775   1.23344   2.68514   2.75142   
492   12   20   -0.794879   -0.73521   0.997671   1.12361   2.67126   2.73754   
493   13   20   -0.918587   -0.869179   1.11775   1.23344   2.68514   2.75142   
494   14   20   -1.22112   -1.18834   1.39049   1.48867   2.73246   2.79785   
495   15   20   -1.60175   -1.58119   1.68958   1.7705   2.83126   2.89161   
496   16   20   -2.00248   -1.98983   1.93753   1.99742   3.00506   3.0523   
497   17   20   -2.39335   -2.38586   2.10436   2.1414   3.25195   3.2815   
498   18   20   -2.75673   -2.7527   2.20337   2.22244   3.53429   3.54934   
499   19   20   -3.08072   -3.07907   2.26079   2.26812   3.8126   3.81828   
500   20   20   -3.35656   -3.35656   2.29496   2.29496   4.06161   4.06161   
501   21   20   -3.57877   -3.57764   2.3112   2.31574   4.26303   4.26644   
502   22   20   -3.74087   -3.73901   2.3209   2.32817   4.4127   4.41811   
503   23   20   -3.83947   -3.83719   2.32609   2.33482   4.50465   4.51111   

504   0   21   -4.11803   -4.11675   2.35412   2.35885   4.75918   4.76263   
505   1   21   -4.08337   -4.08222   2.35218   2.35644   4.72692   4.73004   
506   2   21   -3.98008   -3.97934   2.34605   2.34882   4.63126   4.6333   
507   3   21   -3.81031   -3.81031   2.33465   2.33465   4.47566   4.47566   
508   4   21   -3.57877   -3.57764   2.3112   2.31574   4.26303   4.26644   
509   5   21   -3.28998   -3.2872   2.27325   2.28497   4.00501   4.01396   
510   6   21   -2.95098   -2.94582   2.21098   2.23389   3.71709   3.73484   
511   7   21   -2.57106   -2.56243   2.10707   2.14655   3.42452   3.45536   
512   8   21   -2.16292   -2.14913   1.93764   1.99806   3.16486   3.21149   
513   9   21   -1.74534   -1.72364   1.69   1.77072   2.97461   3.03364   
514   10   21   -1.35004   -1.31622   1.39108   1.48945   2.86058   2.92514   
515   11   21   -1.03755   -0.987509   1.11775   1.23371   2.80384   2.86976   
516   12   21   -0.910524   -0.850648   0.997671   1.12361   2.78691   2.85298   
517   13   21   -1.03755   -0.987509   1.11775   1.23371   2.80384   2.86976   
518   14   21   -1.35004   -1.31622   1.39108   1.48945   2.86058   2.92514   
519   15   21   -1.74534   -1.72364   1.69   1.77072   2.97461   3.03364   
520   16   21   -2.16292   -2.14913   1.93764   1.99806   3.16486   3.21149   
521   17   21   -2.57106   -2.56243   2.10707   2.14655   3.42452   3.45536   
522   18   21   -2.95098   -2.94582   2.21098   2.23389   3.71709   3.73484   
523   19   21   -3.28998   -3.2872   2.27325   2.28497   4.00501   4.01396   
524   20   21   -3.57877   -3.57764   2.3112   2.31574   4.26303   4.26644   
525   21   21   -3.81031   -3.81031   2.33465   2.33465   4.47566   4.47566   
526   22   21   -3.98008   -3.97934   2.34605   2.34882   4.63126   4.6333   
527   23   21   -4.08337   -4.08222   2.35218   2.35644   4.72692   4.73004   

528   0   22   -4.29729   -4.29674   2.37024   2.37222   4.92507   4.92651   
529   1   22   -4.26147   -4.26106   2.3681   2.3696   4.89187   4.89296   
530   2   22   -4.15475   -4.15475   2.36134   2.36134   4.79341   4.79341   
531   3   22   -3.98008   -3.97934   2.34605   2.34882   4.63126   4.6333   
532   4   22   -3.74087   -3.73901   2.3209   2.32817   4.4127   4.41811   
533   5   22   -3.44259   -3.43907   2.28059   2.2949   4.14768   4.15848   
534   6   22   -3.09257   -3.08667   2.2154   2.24051   3.85207   3.87128   
535   7   22   -2.70054   -2.69117   2.10862   2.14946   3.55108   3.58255   
536   8   22   -2.27976   -2.26521   1.9377   1.99842   3.28134   3.32751   
537   9   22   -1.84985   -1.8274   1.69025   1.77085   3.07899   3.13715   
538   10   22   -1.44382   -1.40933   1.39144   1.48993   2.95389   3.01789   
539   11   22   -1.12405   -1.0736   1.11774   1.23387   2.89018   2.95586   
540   12   22   -0.994574   -0.934564   0.997671   1.12361   2.87096   2.93689   
541   13   22   -1.12405   -1.0736   1.11774   1.23387   2.89018   2.95586   
542   14   22   -1.44382   -1.40933   1.39144   1.48993   2.95389   3.01789   
543   15   22   -1.84985   -1.8274   1.69025   1.77085   3.07899   3.13715   
544   16   22   -2.27976   -2.26521   1.9377   1.99842   3.28134   3.32751   
545   17   22   -2.70054   -2.69117   2.10862   2.14946   3.55108   3.58255   
546   18   22   -3.09257   -3.08667   2.2154   2.24051   3.85207   3.87128   
547   19   22   -3.44259   -3.43907   2.28059   2.2949   4.14768   4.15848   
548   20   22   -3.74087   -3.73901   2.3209   2.32817   4.4127   4.41811   
549   21   22   -3.98008   -3.97934   2.34605   2.34882   4.63126   4.6333   
550   22   22   -4.15475   -4.15475   2.36134   2.36134   4.79341   4.79341   
551   23   22   -4.26147   -4.26106   2.3681   2.3696   4.89187   4.89296   

552   0   23   -4.40641   -4.40627   2.37898   2.37945   5.02696   5.0273   
553   1   23   -4.36988   -4.36988   2.37672   2.37672   4.99316   4.99316   
554   2   23   -4.26147   -4.26106   2.3681   2.3696   4.89187   4.89296   
555   3   23   -4.08337   -4.08222   2.35218   2.35644   4.72692   4.73004   
556   4   23   -3.83947   -3.83719   2.32609   2.33483   4.50465   4.51111   
557   5   23   -3.5354   -3.53146   2.28449   2.30018   4.23522   4.24698   
558   6   23   -3.17866   -3.17234   2.21772   2.24398   3.93469   3.95463   
559   7   23   -2.77925   -2.76945   2.10942   2.15097   3.62827   3.66002   
560   8   23   -2.35076   -2.33578   1.93773   1.99861   3.35215   3.39805   
561   9   23   -1.91333   -1.89046   1.69039   1.77092   3.14241   3.20007   
562   10   23   -1.50078   -1.46591   1.39164   1.49018   3.0106   3.07427   
563   11   23   -1.17657   -1.12588   1.11774   1.23396   2.9426   3.00815   
564   12   23   -1.04559   -0.985503   0.997671   1.12361   2.92197   2.98783   
565   13   23   -1.17657   -1.12588   1.11774   1.23396   2.9426   3.00815   
566   14   23   -1.50078   -1.46591   1.39164   1.49018   3.0106   3.07427   
567   15   23   -1.91333   -1.89046   1.69039   1.77092   3.14241   3.20007   
568   16   23   -2.35076   -2.33578   1.93773   1.99861   3.35215   3.39805   
569   17   23   -2.77925   -2.76945   2.10942   2.15097   3.62827   3.66002   
570   18   23   -3.17866   -3.17234   2.21772   2.24398   3.93469   3.95463   
571   19   23   -3.5354   -3.53146   2.28449   2.30018   4.23522   4.24698   
572   20   23   -3.83947   -3.83719   2.32609   2.33483   4.50465   4.51111   
573   21   23   -4.08337   -4.08222   2.35218   2.35644   4.72692   4.73004   
574   22   23   -4.26147   -4.26106   2.3681   2.3696   4.89187   4.89296   
575   23   23   -4.36988   -4.36988   2.37672   2.37672   4.99316   4.99316   

