0   0   0   -0.523428   -0.516021   10.2146   10.2161   49.439   49.4478   
1   1   0   -0.508169   -0.482557   10.1952   10.2266   49.4181   49.4289   
2   2   0   -0.474875   -0.381968   10.1396   10.2574   49.3558   49.3821   
3   3   0   -0.430037   -0.242022   10.0615   10.3   49.2689   49.3198   
4   4   0   -0.385447   -0.0994986   9.98102   10.3431   49.1813   49.2576   
5   5   0   -0.352942   0.00654396   9.92047   10.375   49.1169   49.212   
6   6   0   -0.341072   0.0457346   9.89795   10.3868   49.0933   49.1954   
7   7   0   -0.352942   0.00654396   9.92047   10.375   49.1169   49.212   
8   8   0   -0.385447   -0.0994986   9.98102   10.3431   49.1813   49.2576   
9   9   0   -0.430037   -0.242022   10.0615   10.3   49.2689   49.3198   
10   10   0   -0.474875   -0.381968   10.1396   10.2574   49.3558   49.3821   
11   11   0   -0.508169   -0.482557   10.1952   10.2266   49.4181   49.4289   

12   0   1   -0.508169   -0.482557   10.1952   10.2266   49.4181   49.4289   
13   1   1   -0.475249   -0.468324   10.2055   10.2068   49.4006   49.4088   
14   2   1   -0.441175   -0.372818   10.1496   10.2361   49.3432   49.3631   
15   3   1   -0.399222   -0.23589   10.0705   10.2775   49.2605   49.3047   
16   4   1   -0.357528   -0.0964077   9.98889   10.3194   49.1771   49.2466   
17   5   1   -0.327135   0.0073775   9.92757   10.3504   49.1158   49.2041   
18   6   1   -0.316037   0.0457346   9.90477   10.3618   49.0933   49.1885   
19   7   1   -0.327135   0.0073775   9.92757   10.3504   49.1158   49.2041   
20   8   1   -0.357528   -0.0964077   9.98889   10.3194   49.1771   49.2466   
21   9   1   -0.399222   -0.23589   10.0705   10.2775   49.2605   49.3047   
22   10   1   -0.441175   -0.372818   10.1496   10.2361   49.3432   49.3631   
23   11   1   -0.475249   -0.468324   10.2055   10.2068   49.4006   49.4088   

24   0   2   -0.474875   -0.381968   10.1396   10.2574   49.3558   49.3821   
25   1   2   -0.441175   -0.372818   10.1496   10.2361   49.3432   49.3631   
26   2   2   -0.350896   -0.345299   10.1768   10.1778   49.3065   49.3132   
27   3   2   -0.314317   -0.219165   10.095   10.2154   49.2376   49.2635   
28   4   2   -0.280587   -0.0879802   10.0104   10.2539   49.1657   49.2167   
29   5   2   -0.256008   0.0096501   9.94698   10.2823   49.1127   49.1824   
30   6   2   -0.247033   0.0457346   9.92341   10.2928   49.0933   49.1699   
31   7   2   -0.256008   0.0096501   9.94698   10.2823   49.1127   49.1824   
32   8   2   -0.280587   -0.0879802   10.0104   10.2539   49.1657   49.2167   
33   9   2   -0.314317   -0.219165   10.095   10.2154   49.2376   49.2635   
34   10   2   -0.350896   -0.345299   10.1768   10.1778   49.3065   49.3132   
35   11   2   -0.441175   -0.372818   10.1496   10.2361   49.3432   49.3631   

36   0   3   -0.430037   -0.242022   10.0615   10.3   49.2689   49.3198   
37   1   3   -0.399222   -0.23589   10.0705   10.2775   49.2605   49.3047   
38   2   3   -0.314317   -0.219165   10.095   10.2154   49.2376   49.2635   
39   3   3   -0.198358   -0.194598   10.1284   10.1291   49.2045   49.209   
40   4   3   -0.173851   -0.0765068   10.04   10.1628   49.15   49.1757   
41   5   3   -0.15732   0.0127435   9.97355   10.1878   49.1085   49.1528   
42   6   3   -0.151285   0.0457346   9.94891   10.197   49.0933   49.1444   
43   7   3   -0.15732   0.0127435   9.97355   10.1878   49.1085   49.1528   
44   8   3   -0.173851   -0.0765068   10.04   10.1628   49.15   49.1757   
45   9   3   -0.198358   -0.194598   10.1284   10.1291   49.2045   49.209   
46   10   3   -0.314317   -0.219165   10.095   10.2154   49.2376   49.2635   
47   11   3   -0.399222   -0.23589   10.0705   10.2775   49.2605   49.3047   

48   0   4   -0.385447   -0.0994986   9.98102   10.3431   49.1813   49.2576   
49   1   4   -0.357528   -0.0964077   9.98889   10.3194   49.1771   49.2466   
50   2   4   -0.280587   -0.0879802   10.0104   10.2539   49.1657   49.2167   
51   3   4   -0.173851   -0.0765068   10.04   10.1628   49.15   49.1757   
52   4   4   -0.0660516   -0.0641565   10.0695   10.0698   49.1334   49.1356   
53   5   4   -0.056777   0.0158245   10.0002   10.0915   49.1043   49.1231   
54   6   4   -0.0537309   0.0457346   9.97444   10.0995   49.0933   49.1189   
55   7   4   -0.056777   0.0158245   10.0002   10.0915   49.1043   49.1231   
56   8   4   -0.0660516   -0.0641565   10.0695   10.0698   49.1334   49.1356   
57   9   4   -0.173851   -0.0765068   10.04   10.1628   49.15   49.1757   
58   10   4   -0.280587   -0.0879802   10.0104   10.2539   49.1657   49.2167   
59   11   4   -0.357528   -0.0964077   9.98889   10.3194   49.1771   49.2466   

60   0   5   -0.352942   0.00654396   9.92047   10.375   49.1169   49.212   
61   1   5   -0.327135   0.0073775   9.92757   10.3504   49.1158   49.2041   
62   2   5   -0.256008   0.0096501   9.94698   10.2823   49.1127   49.1824   
63   3   5   -0.15732   0.0127435   9.97355   10.1878   49.1085   49.1528   
64   4   5   -0.056777   0.0158245   10.0002   10.0915   49.1043   49.1231   
65   5   5   0.0178128   0.0183237   10.0196   10.0197   49.101   49.1016   
66   6   5   0.018889   0.0457346   9.99315   10.0268   49.0933   49.1002   
67   7   5   0.0178128   0.0183237   10.0196   10.0197   49.101   49.1016   
68   8   5   -0.056777   0.0158245   10.0002   10.0915   49.1043   49.1231   
69   9   5   -0.15732   0.0127435   9.97355   10.1878   49.1085   49.1528   
70   10   5   -0.256008   0.0096501   9.94698   10.2823   49.1127   49.1824   
71   11   5   -0.327135   0.0073775   9.92757   10.3504   49.1158   49.2041   

72   0   6   -0.341072   0.0457346   9.89795   10.3868   49.0933   49.1954   
73   1   6   -0.316037   0.0457346   9.90477   10.3618   49.0933   49.1885   
74   2   6   -0.247033   0.0457346   9.92341   10.2928   49.0933   49.1699   
75   3   6   -0.151285   0.0457346   9.94891   10.197   49.0933   49.1444   
76   4   6   -0.0537309   0.0457346   9.97444   10.0995   49.0933   49.1189   
77   5   6   0.018889   0.0457346   9.99315   10.0268   49.0933   49.1002   
78   6   6   0.0457346   0.0457346   10   10   49.0933   49.0933   
79   7   6   0.018889   0.0457346   9.99315   10.0268   49.0933   49.1002   
80   8   6   -0.0537309   0.0457346   9.97444   10.0995   49.0933   49.1189   
81   9   6   -0.151285   0.0457346   9.94891   10.197   49.0933   49.1444   
82   10   6   -0.247033   0.0457346   9.92341   10.2928   49.0933   49.1699   
83   11   6   -0.316037   0.0457346   9.90477   10.3618   49.0933   49.1885   

84   0   7   -0.352942   0.00654396   9.92047   10.375   49.1169   49.212   
85   1   7   -0.327135   0.0073775   9.92757   10.3504   49.1158   49.2041   
86   2   7   -0.256008   0.0096501   9.94698   10.2823   49.1127   49.1824   
87   3   7   -0.15732   0.0127435   9.97355   10.1878   49.1085   49.1528   
88   4   7   -0.056777   0.0158245   10.0002   10.0915   49.1043   49.1231   
89   5   7   0.0178128   0.0183237   10.0196   10.0197   49.101   49.1016   
90   6   7   0.018889   0.0457346   9.99315   10.0268   49.0933   49.1002   
91   7   7   0.0178128   0.0183237   10.0196   10.0197   49.101   49.1016   
92   8   7   -0.056777   0.0158245   10.0002   10.0915   49.1043   49.1231   
93   9   7   -0.15732   0.0127435   9.97355   10.1878   49.1085   49.1528   
94   10   7   -0.256008   0.0096501   9.94698   10.2823   49.1127   49.1824   
95   11   7   -0.327135   0.0073775   9.92757   10.3504   49.1158   49.2041   

96   0   8   -0.385447   -0.0994986   9.98102   10.3431   49.1813   49.2576   
97   1   8   -0.357528   -0.0964077   9.98889   10.3194   49.1771   49.2466   
98   2   8   -0.280587   -0.0879802   10.0104   10.2539   49.1657   49.2167   
99   3   8   -0.173851   -0.0765068   10.04   10.1628   49.15   49.1757   
100   4   8   -0.0660516   -0.0641565   10.0695   10.0698   49.1334   49.1356   
101   5   8   -0.056777   0.0158245   10.0002   10.0915   49.1043   49.1231   
102   6   8   -0.0537309   0.0457346   9.97444   10.0995   49.0933   49.1189   
103   7   8   -0.056777   0.0158245   10.0002   10.0915   49.1043   49.1231   
104   8   8   -0.0660516   -0.0641565   10.0695   10.0698   49.1334   49.1356   
105   9   8   -0.173851   -0.0765068   10.04   10.1628   49.15   49.1757   
106   10   8   -0.280587   -0.0879802   10.0104   10.2539   49.1657   49.2167   
107   11   8   -0.357528   -0.0964077   9.98889   10.3194   49.1771   49.2466   

108   0   9   -0.430037   -0.242022   10.0615   10.3   49.2689   49.3198   
109   1   9   -0.399222   -0.23589   10.0705   10.2775   49.2605   49.3047   
110   2   9   -0.314317   -0.219165   10.095   10.2154   49.2376   49.2635   
111   3   9   -0.198358   -0.194598   10.1284   10.1291   49.2045   49.209   
112   4   9   -0.173851   -0.0765068   10.04   10.1628   49.15   49.1757   
113   5   9   -0.15732   0.0127435   9.97355   10.1878   49.1085   49.1528   
114   6   9   -0.151285   0.0457346   9.94891   10.197   49.0933   49.1444   
115   7   9   -0.15732   0.0127435   9.97355   10.1878   49.1085   49.1528   
116   8   9   -0.173851   -0.0765068   10.04   10.1628   49.15   49.1757   
117   9   9   -0.198358   -0.194598   10.1284   10.1291   49.2045   49.209   
118   10   9   -0.314317   -0.219165   10.095   10.2154   49.2376   49.2635   
119   11   9   -0.399222   -0.23589   10.0705   10.2775   49.2605   49.3047   

120   0   10   -0.474875   -0.381968   10.1396   10.2574   49.3558   49.3821   
121   1   10   -0.441175   -0.372818   10.1496   10.2361   49.3432   49.3631   
122   2   10   -0.350896   -0.345299   10.1768   10.1778   49.3065   49.3132   
123   3   10   -0.314317   -0.219165   10.095   10.2154   49.2376   49.2635   
124   4   10   -0.280587   -0.0879802   10.0104   10.2539   49.1657   49.2167   
125   5   10   -0.256008   0.0096501   9.94698   10.2823   49.1127   49.1824   
126   6   10   -0.247033   0.0457346   9.92341   10.2928   49.0933   49.1699   
127   7   10   -0.256008   0.0096501   9.94698   10.2823   49.1127   49.1824   
128   8   10   -0.280587   -0.0879802   10.0104   10.2539   49.1657   49.2167   
129   9   10   -0.314317   -0.219165   10.095   10.2154   49.2376   49.2635   
130   10   10   -0.350896   -0.345299   10.1768   10.1778   49.3065   49.3132   
131   11   10   -0.441175   -0.372818   10.1496   10.2361   49.3432   49.3631   

132   0   11   -0.508169   -0.482557   10.1952   10.2266   49.4181   49.4289   
133   1   11   -0.475249   -0.468324   10.2055   10.2068   49.4006   49.4088   
134   2   11   -0.441175   -0.372818   10.1496   10.2361   49.3432   49.3631   
135   3   11   -0.399222   -0.23589   10.0705   10.2775   49.2605   49.3047   
136   4   11   -0.357528   -0.0964077   9.98889   10.3194   49.1771   49.2466   
137   5   11   -0.327135   0.0073775   9.92757   10.3504   49.1158   49.2041   
138   6   11   -0.316037   0.0457346   9.90477   10.3618   49.0933   49.1885   
139   7   11   -0.327135   0.0073775   9.92757   10.3504   49.1158   49.2041   
140   8   11   -0.357528   -0.0964077   9.98889   10.3194   49.1771   49.2466   
141   9   11   -0.399222   -0.23589   10.0705   10.2775   49.2605   49.3047   
142   10   11   -0.441175   -0.372818   10.1496   10.2361   49.3432   49.3631   
143   11   11   -0.475249   -0.468324   10.2055   10.2068   49.4006   49.4088   

