0   0   0   -4.44304   -4.44304   2.38174   2.38174   5.06129   5.06129   
1   2   1   -4.26147   -4.26106   2.3681   2.3696   4.89187   4.89296   
2   4   2   -3.74087   -3.73901   2.3209   2.32817   4.4127   4.41811   
3   6   3   -2.95098   -2.94582   2.21098   2.23389   3.71709   3.73484   
4   8   4   -2.00248   -1.98983   1.93753   1.99742   3.00506   3.0523   
5   10   5   -1.05946   -1.02818   1.38954   1.48737   2.57209   2.63864   
6   12   6   -0.477271   -0.418341   0.997671   1.12361   2.35366   2.42067   
7   14   7   -0.650801   -0.624812   1.38521   1.48095   2.16985   2.2396   
8   16   8   -1.00333   -1.00333   1.93089   1.93089   2.07243   2.07243   
9   15   9   -0.425415   -0.425414   1.63614   1.63614   1.78927   1.78927   
10   14   10   0.100679   0.10068   1.32273   1.32273   1.57659   1.57659   
11   13   11   0.559096   0.559097   1.11974   1.11974   1.32116   1.32116   
12   12   12   0.878713   0.878715   0.99767   0.997671   1.12361   1.12362   
13   11   11   0.559096   0.559097   1.11974   1.11974   1.32116   1.32116   
14   10   10   0.100679   0.10068   1.32273   1.32273   1.57659   1.57659   
15   9   9   -0.425415   -0.425414   1.63614   1.63614   1.78927   1.78927   
16   8   8   -1.00333   -1.00333   1.93089   1.93089   2.07243   2.07243   
17   7   7   -1.61267   -1.61267   2.06633   2.06633   2.54634   2.54634   
18   6   6   -2.22775   -2.22775   2.16528   2.16528   3.06247   3.06247   
19   5   5   -2.81925   -2.81925   2.23972   2.23972   3.57953   3.57953   
20   4   4   -3.35656   -3.35656   2.29496   2.29496   4.06161   4.06161   
21   3   3   -3.81031   -3.81031   2.33465   2.33465   4.47566   4.47566   
22   2   2   -4.15475   -4.15475   2.36134   2.36134   4.79341   4.79341   
23   1   1   -4.36988   -4.36988   2.37672   2.37672   4.99316   4.99316   
24   0   0   -4.44304   -4.44304   2.38174   2.38174   5.06129   5.06129   
# Gamma-->K-->M-->Gamma
