#alpha(site in real lattice)   0up   0dn  1up     1dn
0    0.0185536    0.0185539    0.530621    0.450826    0.00492779    0.976518    
8    0.0185536    0.0185539    0.530621    0.450826    0.00492779    0.976518    
4    0.0185549    0.0185526    0.893273    0.0881736    0.976492    0.00495388    
12    0.0185549    0.0185526    0.893273    0.0881736    0.976492    0.00495388    
2    0.0185536    0.0185539    0.530621    0.450826    0.00492779    0.976518    
10    0.0185536    0.0185539    0.530621    0.450826    0.00492779    0.976518    
6    0.0185549    0.0185526    0.893273    0.0881736    0.976492    0.00495388    
14    0.0185549    0.0185526    0.893273    0.0881736    0.976492    0.00495388    
1    0.0185538    0.0185537    0.450835    0.530611    0.696432    0.285014    
9    0.0185538    0.0185537    0.450835    0.530611    0.696432    0.285014    
5    0.0185551    0.0185524    0.0883282    0.893118    0.285009    0.696438    
13    0.0185551    0.0185524    0.0883282    0.893118    0.285009    0.696438    
3    0.0185538    0.0185537    0.450835    0.530611    0.696432    0.285014    
11    0.0185538    0.0185537    0.450835    0.530611    0.696432    0.285014    
7    0.0185551    0.0185524    0.0883282    0.893118    0.285009    0.696438    
15    0.0185551    0.0185524    0.0883282    0.893118    0.285009    0.696438    
