#site (in real lattice) site_1 site_2  rx  ry   Sz   Sx  Sy  |S|  <n>
0    0    0    0subltc_0_orb_0   0     0     -1.45949e-07    -1.08042e-07   -3.74909e-08    1.85418e-07   0.0371075     
0    0    0    0subltc_1_orb_0   1     0     0.0398974    0.350799   -0.340784    0.490699   0.981446     
0    0    0    0subltc_2_orb_0   0     1     -0.485795    -0.0212207   0.0658662    0.490699   0.981446     
4    0    1    4subltc_0_orb_0   0     2     1.13783e-06    -3.15469e-07   -5.68083e-07    1.31031e-06   0.0371075     
4    0    1    4subltc_1_orb_0   1     2     0.40255    -0.279136   0.02868    0.490699   0.981446     
4    0    1    4subltc_2_orb_0   0     3     0.485769    0.0209401   -0.0661479    0.490699   0.981446     
8    0    2    8subltc_0_orb_0   0     4     -1.45949e-07    -1.08042e-07   -3.74909e-08    1.85418e-07   0.0371075     
8    0    2    8subltc_1_orb_0   1     4     0.0398974    0.350799   -0.340784    0.490699   0.981446     
8    0    2    8subltc_2_orb_0   0     5     -0.485795    -0.0212207   0.0658662    0.490699   0.981446     
12    0    3    12subltc_0_orb_0   0     6     1.13783e-06    -3.15469e-07   -5.68083e-07    1.31031e-06   0.0371075     
12    0    3    12subltc_1_orb_0   1     6     0.40255    -0.279136   0.02868    0.490699   0.981446     
12    0    3    12subltc_2_orb_0   0     7     0.485769    0.0209401   -0.0661479    0.490699   0.981446     

1    1    0    1subltc_0_orb_0   2     0     3.55483e-08    -5.91426e-07   1.61095e-06    1.71645e-06   0.0371075     
1    1    0    1subltc_1_orb_0   3     0     -0.039888    -0.350531   0.341061    0.490699   0.981446     
1    1    0    1subltc_2_orb_0   2     1     0.205709    -0.125151   0.427559    0.490699   0.981446     
5    1    1    5subltc_0_orb_0   2     2     1.32024e-06    -7.99674e-07   1.08122e-06    1.88456e-06   0.0371075     
5    1    1    5subltc_1_orb_0   3     2     -0.402395    0.279381   -0.0284626    0.490699   0.981446     
5    1    1    5subltc_2_orb_0   2     3     -0.205714    0.124816   -0.427654    0.490699   0.981446     
9    1    2    9subltc_0_orb_0   2     4     3.55483e-08    -5.91426e-07   1.61095e-06    1.71645e-06   0.0371075     
9    1    2    9subltc_1_orb_0   3     4     -0.039888    -0.350531   0.341061    0.490699   0.981446     
9    1    2    9subltc_2_orb_0   2     5     0.205709    -0.125151   0.427559    0.490699   0.981446     
13    1    3    13subltc_0_orb_0   2     6     1.32024e-06    -7.99674e-07   1.08122e-06    1.88456e-06   0.0371075     
13    1    3    13subltc_1_orb_0   3     6     -0.402395    0.279381   -0.0284626    0.490699   0.981446     
13    1    3    13subltc_2_orb_0   2     7     -0.205714    0.124816   -0.427654    0.490699   0.981446     

2    2    0    2subltc_0_orb_0   4     0     -1.45949e-07    -1.08042e-07   -3.74909e-08    1.85418e-07   0.0371075     
2    2    0    2subltc_1_orb_0   5     0     0.0398974    0.350799   -0.340784    0.490699   0.981446     
2    2    0    2subltc_2_orb_0   4     1     -0.485795    -0.0212207   0.0658662    0.490699   0.981446     
6    2    1    6subltc_0_orb_0   4     2     1.13783e-06    -3.15469e-07   -5.68083e-07    1.31031e-06   0.0371075     
6    2    1    6subltc_1_orb_0   5     2     0.40255    -0.279136   0.02868    0.490699   0.981446     
6    2    1    6subltc_2_orb_0   4     3     0.485769    0.0209401   -0.0661479    0.490699   0.981446     
10    2    2    10subltc_0_orb_0   4     4     -1.45949e-07    -1.08042e-07   -3.74909e-08    1.85418e-07   0.0371075     
10    2    2    10subltc_1_orb_0   5     4     0.0398974    0.350799   -0.340784    0.490699   0.981446     
10    2    2    10subltc_2_orb_0   4     5     -0.485795    -0.0212207   0.0658662    0.490699   0.981446     
14    2    3    14subltc_0_orb_0   4     6     1.13783e-06    -3.15469e-07   -5.68083e-07    1.31031e-06   0.0371075     
14    2    3    14subltc_1_orb_0   5     6     0.40255    -0.279136   0.02868    0.490699   0.981446     
14    2    3    14subltc_2_orb_0   4     7     0.485769    0.0209401   -0.0661479    0.490699   0.981446     

3    3    0    3subltc_0_orb_0   6     0     3.55483e-08    -5.91426e-07   1.61095e-06    1.71645e-06   0.0371075     
3    3    0    3subltc_1_orb_0   7     0     -0.039888    -0.350531   0.341061    0.490699   0.981446     
3    3    0    3subltc_2_orb_0   6     1     0.205709    -0.125151   0.427559    0.490699   0.981446     
7    3    1    7subltc_0_orb_0   6     2     1.32024e-06    -7.99674e-07   1.08122e-06    1.88456e-06   0.0371075     
7    3    1    7subltc_1_orb_0   7     2     -0.402395    0.279381   -0.0284626    0.490699   0.981446     
7    3    1    7subltc_2_orb_0   6     3     -0.205714    0.124816   -0.427654    0.490699   0.981446     
11    3    2    11subltc_0_orb_0   6     4     3.55483e-08    -5.91426e-07   1.61095e-06    1.71645e-06   0.0371075     
11    3    2    11subltc_1_orb_0   7     4     -0.039888    -0.350531   0.341061    0.490699   0.981446     
11    3    2    11subltc_2_orb_0   6     5     0.205709    -0.125151   0.427559    0.490699   0.981446     
15    3    3    15subltc_0_orb_0   6     6     1.32024e-06    -7.99674e-07   1.08122e-06    1.88456e-06   0.0371075     
15    3    3    15subltc_1_orb_0   7     6     -0.402395    0.279381   -0.0284626    0.490699   0.981446     
15    3    3    15subltc_2_orb_0   6     7     -0.205714    0.124816   -0.427654    0.490699   0.981446     

