#site=1 is the neigh of site=0
#site1 sublattice1 orb1 site2 sublattice2 orb2 site3 sublattice3 orb3 site4 sublattice4 orb4  V(site1 subltc1 orb1 , -2- , -3- , -4-)
1 1 0 1 1 0 1 1 0 1 1 0 (1182.5,-1.93588e-15)
1 1 1 1 1 1 1 1 1 1 1 1 (1182.38,-1.49084e-15)
0 0 1 0 0 1 0 0 1 0 0 1 (1182.33,1.46567e-15)
0 0 0 0 0 0 0 0 0 0 0 0 (1182.1,3.85155e-16)
1 1 1 1 1 0 1 1 1 1 1 0 (926.33,-7.76127e-16)
1 1 0 1 1 1 1 1 0 1 1 1 (926.33,7.35421e-16)
0 0 1 0 0 0 0 0 1 0 0 0 (926.163,5.61745e-15)
0 0 0 0 0 1 0 0 0 0 0 1 (926.163,-2.5625e-15)
1 1 1 0 0 1 1 1 1 0 0 1 (525.8,-4.01703e-14)
0 0 1 1 1 1 0 0 1 1 1 1 (525.8,1.75481e-14)
1 1 0 0 0 1 1 1 0 0 0 1 (519.13,-4.42934e-14)
0 0 1 1 1 0 0 0 1 1 1 0 (519.13,3.01372e-14)
1 1 1 0 0 0 1 1 1 0 0 0 (519.088,-1.3207e-14)
0 0 0 1 1 1 0 0 0 1 1 1 (519.088,1.97948e-14)
1 1 0 0 0 0 1 1 0 0 0 0 (470.948,9.42611e-15)
0 0 0 1 1 0 0 0 0 1 1 0 (470.948,-2.84788e-14)
1 1 0 1 1 1 1 1 1 1 1 0 (128.042,-7.00577e-17)
1 1 1 1 1 0 1 1 0 1 1 1 (128.042,8.29792e-17)
1 1 1 1 1 1 1 1 0 1 1 0 (128.042,1.21743e-05)
1 1 0 1 1 0 1 1 1 1 1 1 (128.042,-1.21743e-05)
0 0 1 0 0 0 0 0 0 0 0 1 (128.014,-8.03265e-17)
0 0 0 0 0 1 0 0 1 0 0 0 (128.014,4.47761e-17)
0 0 1 0 0 1 0 0 0 0 0 0 (128.014,-1.19095e-05)
0 0 0 0 0 0 0 0 1 0 0 1 (128.014,1.19095e-05)
0 0 1 1 1 1 0 0 1 1 1 0 (-32.0637,-4.43926e-05)
1 1 0 0 0 1 1 1 1 0 0 1 (-32.0637,4.43926e-05)
1 1 1 0 0 1 1 1 0 0 0 1 (-32.0637,-4.43926e-05)
0 0 1 1 1 0 0 0 1 1 1 1 (-32.0637,4.43926e-05)
1 1 1 0 0 1 1 1 1 0 0 0 (-32.062,-3.96652e-05)
0 0 0 1 1 1 0 0 1 1 1 1 (-32.062,3.96652e-05)
1 1 1 0 0 0 1 1 1 0 0 1 (-32.062,3.96652e-05)
0 0 1 1 1 1 0 0 0 1 1 1 (-32.062,-3.96652e-05)
1 1 0 0 0 1 0 0 1 0 0 1 (26.4504,2.80671e-05)
0 0 1 1 1 0 0 0 1 0 0 1 (26.4504,-2.80671e-05)
0 0 1 0 0 1 1 1 0 0 0 1 (26.4504,2.80671e-05)
0 0 1 0 0 1 0 0 1 1 1 0 (26.4504,-2.80671e-05)
1 1 0 1 1 0 0 0 1 0 0 1 (26.3775,-2.73635e-17)
0 0 1 0 0 1 1 1 0 1 1 0 (26.3775,-1.08753e-17)
1 1 0 0 0 1 0 0 1 1 1 0 (26.3775,-3.81673e-17)
0 0 1 1 1 0 1 1 0 0 0 1 (26.3775,2.31282e-17)
1 1 1 0 0 0 0 0 0 1 1 1 (26.3467,-1.2741e-17)
0 0 0 1 1 1 1 1 1 0 0 0 (26.3467,-2.81208e-17)
0 0 0 0 0 0 1 1 1 1 1 1 (26.3467,-1.8646e-17)
1 1 1 1 1 1 0 0 0 0 0 0 (26.3467,-2.34204e-17)
1 1 1 1 1 1 0 0 1 0 0 1 (25.8162,6.02272e-17)
1 1 1 0 0 1 0 0 1 1 1 1 (25.8162,2.0252e-17)
0 0 1 1 1 1 1 1 1 0 0 1 (25.8162,-1.65447e-18)
0 0 1 0 0 1 1 1 1 1 1 1 (25.8162,-5.66453e-17)
1 1 1 1 1 1 1 1 1 0 0 0 (25.5097,1.9274e-07)
0 0 0 1 1 1 1 1 1 1 1 1 (25.5097,-1.9274e-07)
1 1 1 1 1 1 0 0 0 1 1 1 (25.5097,-1.9274e-07)
1 1 1 0 0 0 1 1 1 1 1 1 (25.5097,1.9274e-07)
0 0 1 1 1 1 1 1 0 1 1 1 (19.0841,2.82507e-05)
1 1 0 1 1 1 0 0 1 1 1 1 (19.0841,2.82507e-05)
1 1 1 0 0 1 1 1 1 1 1 0 (19.0841,-2.82507e-05)
1 1 1 1 1 0 1 1 1 0 0 1 (19.0841,-2.82507e-05)
1 1 1 0 0 1 0 0 0 0 0 1 (18.7568,1.43524e-05)
0 0 1 1 1 1 0 0 1 0 0 0 (18.7568,-1.43524e-05)
0 0 0 0 0 1 1 1 1 0 0 1 (18.7568,1.43524e-05)
0 0 1 0 0 0 0 0 1 1 1 1 (18.7568,-1.43524e-05)
1 1 1 1 1 0 0 0 1 1 1 0 (-17.7749,0.000160028)
1 1 0 0 0 1 1 1 0 1 1 1 (-17.7749,-0.000160028)
0 0 1 1 1 0 1 1 1 1 1 0 (-17.7749,0.000160028)
1 1 0 1 1 1 1 1 0 0 0 1 (-17.7749,-0.000160028)
0 0 1 0 0 0 1 1 1 0 0 0 (-17.7144,0.000166717)
1 1 1 0 0 0 0 0 1 0 0 0 (-17.7144,0.000166717)
0 0 0 1 1 1 0 0 0 0 0 1 (-17.7144,-0.000166717)
0 0 0 0 0 1 0 0 0 1 1 1 (-17.7144,-0.000166717)
1 1 0 1 1 0 1 1 0 0 0 1 (16.5859,7.20473e-06)
1 1 0 1 1 0 0 0 1 1 1 0 (16.5859,-7.20473e-06)
1 1 0 0 0 1 1 1 0 1 1 0 (16.5859,7.20473e-06)
0 0 1 1 1 0 1 1 0 1 1 0 (16.5859,-7.20473e-06)
0 0 0 1 1 1 0 0 0 0 0 0 (16.2743,2.11668e-05)
1 1 1 0 0 0 0 0 0 0 0 0 (16.2743,-2.11668e-05)
0 0 0 0 0 0 0 0 0 1 1 1 (16.2743,2.11668e-05)
0 0 0 0 0 0 1 1 1 0 0 0 (16.2743,-2.11668e-05)
0 0 0 1 1 0 0 0 0 1 1 1 (-15.4332,-3.16456e-05)
1 1 1 0 0 0 1 1 0 0 0 0 (-15.4332,3.16456e-05)
0 0 0 1 1 1 0 0 0 1 1 0 (-15.4332,3.16456e-05)
1 1 0 0 0 0 1 1 1 0 0 0 (-15.4332,-3.16456e-05)
1 1 0 0 0 0 1 1 0 0 0 1 (-15.4267,0.000110979)
0 0 1 1 1 0 0 0 0 1 1 0 (-15.4267,-0.000110979)
1 1 0 0 0 1 1 1 0 0 0 0 (-15.4267,-0.000110979)
0 0 0 1 1 0 0 0 1 1 1 0 (-15.4267,0.000110979)
1 1 1 1 1 1 1 1 1 0 0 1 (-14.3933,0.000213379)
1 1 1 1 1 1 0 0 1 1 1 1 (-14.3933,-0.000213379)
1 1 1 0 0 1 1 1 1 1 1 1 (-14.3933,0.000213379)
0 0 1 1 1 1 1 1 1 1 1 1 (-14.3933,-0.000213379)
1 1 1 0 0 1 0 0 1 0 0 1 (-14.3134,-0.000201621)
0 0 1 0 0 1 1 1 1 0 0 1 (-14.3134,-0.000201621)
0 0 1 0 0 1 0 0 1 1 1 1 (-14.3134,0.000201621)
0 0 1 1 1 1 0 0 1 0 0 1 (-14.3134,0.000201621)
1 1 0 1 1 0 0 0 0 0 0 0 (11.9819,-1.55211e-17)
0 0 0 1 1 0 1 1 0 0 0 0 (11.9819,-8.44776e-18)
0 0 0 0 0 0 1 1 0 1 1 0 (11.9819,2.72141e-17)
1 1 0 0 0 0 0 0 0 1 1 0 (11.9819,-2.26765e-18)
0 0 0 1 1 0 0 0 0 0 0 1 (9.49693,8.06983e-05)
1 1 0 0 0 0 0 0 1 0 0 0 (9.49693,-8.06983e-05)
0 0 1 0 0 0 1 1 0 0 0 0 (9.49693,-8.06983e-05)
0 0 0 0 0 1 0 0 0 1 1 0 (9.49693,8.06983e-05)
1 1 1 1 1 0 0 0 1 0 0 1 (-9.01599,2.92319e-05)
1 1 1 0 0 1 0 0 1 1 1 0 (-9.01599,2.92319e-05)
1 1 0 0 0 1 0 0 1 1 1 1 (-9.01599,-2.92319e-05)
0 0 1 0 0 1 1 1 0 1 1 1 (-9.01599,-2.92319e-05)
0 0 1 1 1 1 1 1 0 0 0 1 (-9.01599,-2.92319e-05)
0 0 1 1 1 0 1 1 1 0 0 1 (-9.01599,2.92319e-05)
1 1 0 1 1 1 0 0 1 0 0 1 (-9.01599,-2.92319e-05)
0 0 1 0 0 1 1 1 1 1 1 0 (-9.01599,2.92319e-05)
1 1 1 1 1 1 0 0 1 0 0 0 (-9.00498,2.53635e-05)
0 0 1 1 1 1 1 1 1 0 0 0 (-9.00498,2.53635e-05)
0 0 0 1 1 1 1 1 1 0 0 1 (-9.00498,-2.53635e-05)
0 0 0 0 0 1 1 1 1 1 1 1 (-9.00498,-2.53635e-05)
1 1 1 1 1 1 0 0 0 0 0 1 (-9.00498,-2.53635e-05)
1 1 1 0 0 1 0 0 0 1 1 1 (-9.00498,-2.53635e-05)
1 1 1 0 0 0 0 0 1 1 1 1 (-9.00498,2.53635e-05)
0 0 1 0 0 0 1 1 1 1 1 1 (-9.00498,2.53635e-05)
1 1 0 0 0 0 1 1 0 1 1 1 (8.75806,0.00010325)
0 0 0 1 1 0 1 1 1 1 1 0 (8.75806,-0.00010325)
1 1 0 1 1 1 1 1 0 0 0 0 (8.75806,0.00010325)
1 1 1 1 1 0 0 0 0 1 1 0 (8.75806,-0.00010325)
1 1 0 0 0 0 0 0 0 0 0 0 (7.47678,-0.000117458)
0 0 0 0 0 0 0 0 0 1 1 0 (7.47678,0.000117458)
0 0 0 0 0 0 1 1 0 0 0 0 (7.47678,-0.000117458)
0 0 0 1 1 0 0 0 0 0 0 0 (7.47678,0.000117458)
1 1 0 0 0 0 1 1 0 1 1 0 (7.3389,9.43668e-05)
0 0 0 1 1 0 1 1 0 1 1 0 (7.3389,-9.43668e-05)
1 1 0 1 1 0 1 1 0 0 0 0 (7.3389,9.43668e-05)
1 1 0 1 1 0 0 0 0 1 1 0 (7.3389,-9.43668e-05)
1 1 1 1 1 0 0 0 1 1 1 1 (5.98476,-3.63765e-05)
1 1 1 0 0 1 1 1 0 1 1 1 (5.98476,3.63765e-05)
1 1 1 1 1 1 1 1 0 0 0 1 (5.98476,3.63765e-05)
0 0 1 1 1 0 1 1 1 1 1 1 (5.98476,-3.63765e-05)
1 1 0 1 1 1 1 1 1 0 0 1 (5.98476,-1.93974e-05)
1 1 0 0 0 1 1 1 1 1 1 1 (5.98476,-1.93974e-05)
1 1 1 1 1 1 0 0 1 1 1 0 (5.98476,1.93974e-05)
0 0 1 1 1 1 1 1 1 1 1 0 (5.98476,1.93974e-05)
0 0 0 1 1 1 0 0 1 0 0 1 (5.98018,3.18287e-05)
0 0 0 0 0 1 0 0 1 1 1 1 (5.98018,3.18287e-05)
1 1 1 0 0 1 0 0 1 0 0 0 (5.98018,-3.18287e-05)
0 0 1 0 0 1 1 1 1 0 0 0 (5.98018,-3.18287e-05)
0 0 1 0 0 1 0 0 0 1 1 1 (5.98018,-1.71308e-05)
1 1 1 0 0 0 0 0 1 0 0 1 (5.98018,1.71308e-05)
0 0 1 1 1 1 0 0 0 0 0 1 (5.98018,-1.71308e-05)
0 0 1 0 0 0 1 1 1 0 0 1 (5.98018,1.71308e-05)
1 1 0 1 1 1 0 0 1 1 1 0 (-5.34385,-3.47075e-05)
1 1 0 1 1 0 1 1 1 0 0 1 (-5.34385,3.47075e-05)
1 1 0 0 0 1 1 1 1 1 1 0 (-5.34385,3.47075e-05)
0 0 1 1 1 1 1 1 0 1 1 0 (-5.34385,-3.47075e-05)
1 1 0 1 1 0 0 0 1 1 1 1 (-5.34385,0.00010617)
1 1 1 0 0 1 1 1 0 1 1 0 (-5.34385,-0.00010617)
0 0 1 1 1 0 1 1 0 1 1 1 (-5.34385,0.00010617)
1 1 1 1 1 0 1 1 0 0 0 1 (-5.34385,-0.00010617)
1 1 1 0 0 0 0 0 0 0 0 1 (-5.29777,-2.84805e-05)
0 0 0 0 0 0 1 1 1 0 0 1 (-5.29777,-2.84805e-05)
0 0 1 1 1 1 0 0 0 0 0 0 (-5.29777,2.84805e-05)
0 0 1 0 0 0 0 0 0 1 1 1 (-5.29777,2.84805e-05)
1 1 1 0 0 1 0 0 0 0 0 0 (-5.29777,0.000105639)
0 0 0 0 0 0 0 0 1 1 1 1 (-5.29777,-0.000105639)
0 0 0 1 1 1 0 0 1 0 0 0 (-5.29777,-0.000105639)
0 0 0 0 0 1 1 1 1 0 0 0 (-5.29777,0.000105639)
1 1 1 1 1 0 0 0 1 0 0 0 (-4.91383,7.33431e-05)
0 0 1 1 1 0 1 1 1 0 0 0 (-4.91383,7.33431e-05)
0 0 0 1 1 1 1 1 0 0 0 1 (-4.91383,-7.33431e-05)
0 0 0 0 0 1 1 1 0 1 1 1 (-4.91383,-7.33431e-05)
1 1 0 1 1 1 0 0 0 0 0 1 (-4.91383,-7.33431e-05)
1 1 0 0 0 1 0 0 0 1 1 1 (-4.91383,-7.33431e-05)
1 1 1 0 0 0 0 0 1 1 1 0 (-4.91383,7.33431e-05)
0 0 1 0 0 0 1 1 1 1 1 0 (-4.91383,7.33431e-05)
1 1 1 1 1 0 0 0 0 0 0 1 (4.40829,-1.98481e-06)
0 0 1 1 1 1 1 1 0 0 0 0 (4.40829,1.98481e-06)
0 0 0 1 1 0 1 1 1 0 0 1 (4.40829,-1.98481e-06)
1 1 1 0 0 1 0 0 0 1 1 0 (4.40829,-1.98481e-06)
1 1 0 0 0 0 0 0 1 1 1 1 (4.40829,1.98481e-06)
1 1 0 1 1 1 0 0 1 0 0 0 (4.40829,1.98481e-06)
0 0 1 0 0 0 1 1 0 1 1 1 (4.40829,1.98481e-06)
0 0 0 0 0 1 1 1 1 1 1 0 (4.40829,-1.98481e-06)
1 1 0 1 1 0 0 0 0 1 1 1 (-3.79533,-5.51563e-05)
1 1 1 0 0 0 1 1 0 1 1 0 (-3.79533,5.51563e-05)
0 0 0 1 1 0 1 1 0 1 1 1 (-3.79533,-5.51563e-05)
1 1 1 1 1 0 1 1 0 0 0 0 (-3.79533,5.51563e-05)
1 1 0 0 0 0 1 1 1 1 1 0 (-3.79532,-4.56274e-05)
1 1 0 1 1 1 0 0 0 1 1 0 (-3.79532,4.56274e-05)
1 1 0 1 1 0 1 1 1 0 0 0 (-3.79532,-4.56274e-05)
0 0 0 1 1 1 1 1 0 1 1 0 (-3.79532,4.56274e-05)
1 1 0 0 0 1 0 0 0 0 0 0 (-3.6776,-5.29597e-05)
0 0 0 1 1 0 0 0 1 0 0 0 (-3.6776,5.29597e-05)
0 0 0 0 0 1 1 1 0 0 0 0 (-3.6776,-5.29597e-05)
0 0 0 0 0 0 0 0 1 1 1 0 (-3.6776,5.29597e-05)
1 1 0 0 0 0 0 0 0 0 0 1 (-3.6776,4.80449e-05)
0 0 1 1 1 0 0 0 0 0 0 0 (-3.6776,-4.80449e-05)
0 0 0 0 0 0 1 1 0 0 0 1 (-3.6776,4.80449e-05)
0 0 1 0 0 0 0 0 0 1 1 0 (-3.6776,-4.80449e-05)
1 1 0 0 0 0 0 0 0 1 1 1 (-2.9735,2.68988e-05)
0 0 0 1 1 1 1 1 0 0 0 0 (-2.9735,2.68988e-05)
1 1 1 0 0 0 0 0 0 1 1 0 (-2.9735,-2.68988e-05)
0 0 0 0 0 0 1 1 0 1 1 1 (-2.9735,2.68988e-05)
1 1 1 1 1 0 0 0 0 0 0 0 (-2.9735,-2.68988e-05)
1 1 0 1 1 1 0 0 0 0 0 0 (-2.9735,2.68988e-05)
0 0 0 1 1 0 1 1 1 0 0 0 (-2.9735,-2.68988e-05)
0 0 0 0 0 0 1 1 1 1 1 0 (-2.9735,-2.68988e-05)
1 1 0 1 1 0 0 0 1 0 0 0 (-2.96664,-2.91135e-05)
1 1 0 1 1 0 0 0 0 0 0 1 (-2.96664,2.91135e-05)
1 1 0 0 0 1 0 0 0 1 1 0 (-2.96664,2.91135e-05)
1 1 0 0 0 0 0 0 1 1 1 0 (-2.96664,-2.91135e-05)
0 0 1 1 1 0 1 1 0 0 0 0 (-2.96664,-2.91135e-05)
0 0 0 1 1 0 1 1 0 0 0 1 (-2.96664,2.91135e-05)
0 0 1 0 0 0 1 1 0 1 1 0 (-2.96664,-2.91135e-05)
0 0 0 0 0 1 1 1 0 1 1 0 (-2.96664,2.91135e-05)
0 0 1 1 1 0 0 0 1 0 0 0 (1.45311,2.21915e-05)
0 0 1 0 0 0 0 0 1 1 1 0 (1.45311,2.21915e-05)
0 0 0 0 0 1 1 1 0 0 0 1 (1.45311,-2.21915e-05)
1 1 0 0 0 1 0 0 0 0 0 1 (1.45311,-2.21915e-05)
1 1 0 1 1 1 0 0 0 1 1 1 (1.35008,-8.78432e-06)
0 0 0 1 1 1 1 1 0 1 1 1 (1.35008,-8.78432e-06)
1 1 1 0 0 0 1 1 1 1 1 0 (1.35008,8.78432e-06)
1 1 1 1 1 0 1 1 1 0 0 0 (1.35008,8.78432e-06)
0 0 0 1 1 0 1 1 1 1 1 1 (-1.1839,3.12805e-05)
1 1 1 1 1 1 1 1 0 0 0 0 (-1.1839,-3.12805e-05)
1 1 1 1 1 0 0 0 0 1 1 1 (-1.1839,3.12805e-05)
1 1 1 0 0 0 1 1 0 1 1 1 (-1.1839,-3.12805e-05)
0 0 0 1 1 1 1 1 1 1 1 0 (-1.1839,3.79217e-05)
1 1 1 1 1 1 0 0 0 1 1 0 (-1.1839,3.79217e-05)
1 1 0 1 1 1 1 1 1 0 0 0 (-1.1839,-3.79217e-05)
1 1 0 0 0 0 1 1 1 1 1 1 (-1.1839,-3.79217e-05)
0 0 0 1 1 0 0 0 1 0 0 1 (-1.15134,-2.43945e-05)
0 0 0 0 0 1 0 0 1 1 1 0 (-1.15134,-2.43945e-05)
0 0 1 0 0 1 1 1 0 0 0 0 (-1.15134,2.43945e-05)
1 1 0 0 0 1 0 0 1 0 0 0 (-1.15134,2.43945e-05)
1 1 0 0 0 0 0 0 1 0 0 1 (-1.15134,3.72278e-05)
0 0 1 0 0 1 0 0 0 1 1 0 (-1.15134,-3.72278e-05)
0 0 1 0 0 0 1 1 0 0 0 1 (-1.15134,3.72278e-05)
0 0 1 1 1 0 0 0 0 0 0 1 (-1.15134,-3.72278e-05)
0 0 1 1 1 0 0 0 0 1 1 1 (-0.773846,6.85886e-05)
1 1 0 0 0 1 1 1 1 0 0 0 (-0.773846,6.85886e-05)
1 1 1 0 0 0 1 1 0 0 0 1 (-0.773846,-6.85886e-05)
0 0 0 1 1 1 0 0 1 1 1 0 (-0.773846,-6.85886e-05)
0 0 1 1 1 1 0 0 0 1 1 0 (-0.773846,3.86041e-06)
1 1 0 0 0 0 1 1 1 0 0 1 (-0.773846,-3.86041e-06)
1 1 1 0 0 1 1 1 0 0 0 0 (-0.773846,3.86041e-06)
0 0 0 1 1 0 0 0 1 1 1 1 (-0.773846,-3.86041e-06)
1 1 0 1 1 1 1 1 1 1 1 1 (0.00405956,0.000228176)
1 1 1 1 1 1 1 1 1 1 1 0 (0.00405956,-0.000228176)
1 1 1 1 1 1 1 1 0 1 1 1 (0.00405956,-0.000228176)
1 1 1 1 1 0 1 1 1 1 1 1 (0.00405956,0.000228176)
1 1 0 1 1 0 1 1 0 1 1 1 (0.00399467,-0.000148318)
1 1 0 1 1 0 1 1 1 1 1 0 (0.00399467,-0.000148318)
1 1 1 1 1 0 1 1 0 1 1 0 (0.00399467,0.000148318)
1 1 0 1 1 1 1 1 0 1 1 0 (0.00399467,0.000148318)
0 0 0 0 0 1 0 0 0 0 0 0 (-6.84849e-05,-0.000327939)
0 0 0 0 0 0 0 0 1 0 0 0 (-6.84849e-05,0.000327939)
0 0 0 0 0 0 0 0 0 0 0 1 (-6.84849e-05,0.000327939)
0 0 1 0 0 0 0 0 0 0 0 0 (-6.84849e-05,-0.000327939)
0 0 0 0 0 1 0 0 1 0 0 1 (-2.4063e-05,-5.44174e-05)
0 0 1 0 0 1 0 0 1 0 0 0 (-2.4063e-05,5.44174e-05)
0 0 1 0 0 0 0 0 1 0 0 1 (-2.4063e-05,-5.44174e-05)
0 0 1 0 0 1 0 0 0 0 0 1 (-2.4063e-05,5.44174e-05)
