#kindex  E(k,1)  orb=0,UP  orb=0,DOWN orb=1,UP  orb=1,DOWN ... E(k,2)  UP DOWN  .....
0   -3.23609   0   0.403379   0   0.108008   0   0.488613   -3.23602   0.403387   0   0.488612   0   0.108002   0   2.00948   0   0.584543   0   0.0192438   0   0.396213   2.0095   0.584536   0   0.396221   0   0.019243   0   10.8251   0   0.0120779   0   0.872748   0   0.115174   10.8255   0.0120776   0   0.115167   0   0.872755   0   
1   -3.22265   0   0.40421   0   0.107485   0   0.488305   -3.22258   0.404218   0   0.488303   0   0.107479   0   2.00743   0   0.583683   0   0.0191076   0   0.39721   2.00745   0.583676   0   0.397218   0   0.0191068   0   10.8137   0   0.0121071   0   0.873407   0   0.114486   10.8141   0.0121068   0   0.114479   0   0.873414   0   
2   -3.18261   0   0.406701   0   0.105924   0   0.487374   -3.18255   0.406709   0   0.487373   0   0.105918   0   2.00124   0   0.581105   0   0.0186999   0   0.400195   2.00126   0.581098   0   0.400203   0   0.0186991   0   10.7799   0   0.0121932   0   0.875376   0   0.112431   10.7803   0.0121929   0   0.112425   0   0.875382   0   
3   -3.11683   0   0.410848   0   0.103345   0   0.485807   -3.11677   0.410855   0   0.485806   0   0.103339   0   1.99072   0   0.57682   0   0.0180241   0   0.405155   1.99074   0.576813   0   0.405163   0   0.0180233   0   10.7246   0   0.0123319   0   0.878631   0   0.109037   10.725   0.0123315   0   0.109031   0   0.878637   0   
4   -3.02668   0   0.416638   0   0.0997824   0   0.483579   -3.02662   0.416646   0   0.483578   0   0.0997766   0   1.97557   0   0.570846   0   0.0170872   0   0.412066   1.97559   0.570839   0   0.412074   0   0.0170864   0   10.6496   0   0.0125154   0   0.88313   0   0.104354   10.65   0.012515   0   0.104348   0   0.883137   0   
5   -2.91406   0   0.424053   0   0.0952873   0   0.480659   -2.914   0.424061   0   0.480657   0   0.0952817   0   1.95539   0   0.563215   0   0.0159021   0   0.420883   1.95541   0.563208   0   0.420891   0   0.0159014   0   10.5572   0   0.0127317   0   0.888811   0   0.0984578   10.5576   0.0127312   0   0.0984518   0   0.888817   0   
6   -2.78127   0   0.433061   0   0.0899301   0   0.477009   -2.78122   0.433068   0   0.477007   0   0.0899246   0   1.92967   0   0.553976   0   0.0144904   0   0.431534   1.92969   0.553968   0   0.431542   0   0.0144897   0   10.4501   0   0.0129637   0   0.89558   0   0.0914568   10.4505   0.0129633   0   0.0914511   0   0.895586   0   
7   -2.63103   0   0.443611   0   0.0838016   0   0.472587   -2.63097   0.443619   0   0.472585   0   0.0837964   0   1.89781   0   0.5432   0   0.012885   0   0.443915   1.89783   0.543193   0   0.443922   0   0.0128844   0   10.3317   0   0.0131884   0   0.903313   0   0.0834981   10.3321   0.0131879   0   0.0834928   0   0.903319   0   
8   -2.46628   0   0.455634   0   0.0770156   0   0.467351   -2.46623   0.455641   0   0.467348   0   0.0770107   0   1.85919   0   0.53099   0   0.0111328   0   0.457877   1.85921   0.530983   0   0.457885   0   0.0111322   0   10.2056   0   0.0133761   0   0.911852   0   0.0747723   10.206   0.0133755   0   0.0747674   0   0.911857   0   
9   -2.29019   0   0.469033   0   0.0697096   0   0.461257   -2.29014   0.469041   0   0.461254   0   0.069705   0   1.81313   0   0.517476   0   0.00929544   0   0.473228   1.81315   0.517469   0   0.473236   0   0.00929499   0   10.0756   0   0.0134903   0   0.920995   0   0.0655147   10.076   0.0134897   0   0.0655103   0   0.921   0   
10   -2.10597   0   0.48369   0   0.0620433   0   0.454266   -2.10592   0.483698   0   0.454263   0   0.0620391   0   1.75904   0   0.50282   0   0.00744852   0   0.489731   1.75906   0.502814   0   0.489738   0   0.00744816   0   9.94543   0   0.0134891   0   0.930508   0   0.0560027   9.94584   0.0134884   0   0.0559988   0   0.930513   0   
11   -1.91678   0   0.499465   0   0.0541962   0   0.446339   -1.91674   0.499473   0   0.446335   0   0.0541924   0   1.6964   0   0.487207   0   0.00567646   0   0.507117   1.69642   0.4872   0   0.507124   0   0.0056762   0   9.81888   0   0.0133281   0   0.940127   0   0.0465446   9.81929   0.0133273   0   0.0465413   0   0.940131   0   
12   -1.72565   0   0.516211   0   0.046361   0   0.437428   -1.72561   0.516218   0   0.437424   0   0.0463577   0   1.62492   0   0.470825   0   0.0040645   0   0.525111   1.62494   0.470818   0   0.525118   0   0.00406433   0   9.69924   0   0.0129646   0   0.949574   0   0.0374609   9.69965   0.0129638   0   0.0374582   0   0.949578   0   
13   -1.5353   0   0.533795   0   0.0387353   0   0.42747   -1.53527   0.533803   0   0.427465   0   0.0387324   0   1.54452   0   0.45384   0   0.00268752   0   0.543472   1.54454   0.453833   0   0.543479   0   0.00268742   0   9.58928   0   0.0123648   0   0.958577   0   0.029058   9.5897   0.012364   0   0.0290559   0   0.95858   0   
14   -1.34812   0   0.552138   0   0.0315105   0   0.416351   -1.34809   0.552146   0   0.416346   0   0.0315081   0   1.45549   0   0.436352   0   0.00159811   0   0.56205   1.4555   0.436345   0   0.562057   0   0.00159807   0   9.49114   0   0.0115103   0   0.966891   0   0.0215984   9.49156   0.0115094   0   0.0215967   0   0.966894   0   
15   -1.16606   0   0.571269   0   0.0248599   0   0.403871   -1.16603   0.571276   0   0.403866   0   0.0248579   0   1.35842   0   0.418326   0   0.000816764   0   0.580857   1.35844   0.41832   0   0.580864   0   0.000816762   0   9.40615   0   0.0104049   0   0.974323   0   0.0152718   9.40657   0.0104041   0   0.0152706   0   0.974325   0   
16   -0.990602   0   0.59141   0   0.0189267   0   0.389663   -0.990581   0.591418   0   0.389657   0   0.0189251   0   1.25429   0   0.399511   0   0.000327424   0   0.600162   1.25431   0.399504   0   0.600169   0   0.000327438   0   9.33482   0   0.00907894   0   0.980746   0   0.0101751   9.33524   0.00907821   0   0.0101743   0   0.980747   0   
17   -0.8228   0   0.613112   0   0.0138139   0   0.373074   -0.822782   0.613121   0   0.373066   0   0.0138128   0   1.14439   0   0.379298   0   8.03574e-05   0   0.620621   1.14441   0.379291   0   0.620629   0   8.03703e-05   0   9.27692   0   0.00758926   0   0.986106   0   0.00630503   9.27735   0.00758862   0   0.00630453   0   0.986107   0   
18   -0.663323   0   0.637468   0   0.00957781   0   0.352954   -0.663308   0.637477   0   0.352946   0   0.009577   0   1.03029   0   0.356517   0   2.53574e-06   0   0.643481   1.03031   0.356508   0   0.643489   0   2.53888e-06   0   9.23154   0   0.00601549   0   0.99042   0   0.00356485   9.23197   0.00601497   0   0.00356457   0   0.99042   0   
19   -0.512634   0   0.666484   0   0.00622428   0   0.327291   -0.512621   0.666494   0   0.327282   0   0.00622374   0   0.913841   0   0.329063   0   1.3536e-05   0   0.670923   0.913863   0.329054   0   0.670933   0   1.35276e-05   0   9.1973   0   0.00445248   0   0.993762   0   0.00178534   9.19773   0.00445208   0   0.00178519   0   0.993763   0   
20   -0.371315   0   0.703765   0   0.00371049   0   0.292525   -0.371304   0.703776   0   0.292514   0   0.00371017   0   0.797295   0   0.293235   0   4.35766e-05   0   0.706722   0.797317   0.293224   0   0.706733   0   4.35611e-05   0   9.17253   0   0.00300069   0   0.996246   0   0.000753375   9.17296   0.00300041   0   0.000753314   0   0.996246   0   
21   -0.24081   0   0.755653   0   0.00195028   0   0.242397   -0.240801   0.755665   0   0.242384   0   0.00195011   0   0.683819   0   0.242591   0   4.98607e-05   0   0.757359   0.683843   0.242578   0   0.757372   0   4.98457e-05   0   9.1555   0   0.00175637   0   0.998   0   0.00024377   9.15593   0.00175621   0   0.00024375   0   0.998   0   
22   -0.125265   0   0.831933   0   0.00082466   0   0.167242   -0.125259   0.831946   0   0.167229   0   0.000824589   0   0.579145   0   0.167264   0   2.71349e-05   0   0.832709   0.579171   0.167251   0   0.832722   0   2.71269e-05   0   9.14463   0   0.000802888   0   0.999148   0   4.89069e-05   9.14506   0.000802813   0   4.8903e-05   0   0.999148   0   
23   -0.0363466   0   0.935062   0   0.00020345   0   0.0647341   -0.0363444   0.93507   0   0.0647268   0   0.000203431   0   0.496204   0   0.0647334   0   3.75054e-06   0   0.935263   0.496234   0.0647261   0   0.93527   0   3.74932e-06   0   9.13865   0   0.000204116   0   0.999793   0   3.08478e-06   9.13908   0.000204096   0   3.08453e-06   0   0.999793   0   
24   -3.41209e-32   0   1   0   1.79655e-34   0   7.03388e-32   -3.41186e-32   1   0   7.03291e-32   0   1.79638e-34   0   0.461757   0   7.03388e-32   0   2.86783e-33   0   1   0.461789   7.03291e-32   0   1   0   1.53535e-32   0   9.13675   0   1.79655e-34   0   1   0   1.66038e-32   9.13718   1.79638e-34   0   1.63511e-31   0   1   0   
25   -0.0344801   0   0.935031   0   1.3478e-33   0   0.0649688   -0.00187222   0.999795   0   6.76537e-32   0   0.000204817   0   0.461789   6.75422e-32   0   1   0   3.80484e-33   0   0.496237   0   0.0649688   0   1.93297e-32   0   0.935031   9.13675   0   1.64322e-34   0   1   0   3.27327e-33   9.13905   0.000204817   0   3.91792e-33   0   0.999795   0   
26   -0.117623   0   0.831245   0   3.22852e-33   0   0.168755   -0.00745228   0.999186   0   7.92278e-32   0   0.000814271   0   0.461789   8.02027e-32   0   1   0   2.09087e-33   0   0.57938   0   0.168755   0   1.76721e-32   0   0.831245   9.13675   0   1.69607e-34   0   1   0   8.19452e-32   9.14463   0.000814271   0   2.78438e-32   0   0.999186   0   
27   -0.222493   0   0.754624   0   4.35642e-33   0   0.245376   -0.0166314   0.998186   0   1.06183e-31   0   0.00181359   0   0.461789   1.1036e-31   0   1   0   3.93938e-33   0   0.68425   0   0.245376   0   1.33976e-32   0   0.754624   9.13675   0   0   0   1   0   1.81562e-32   9.15381   0.00181359   0   6.16371e-32   0   0.998186   0   
28   -0.335914   0   0.703671   0   5.22444e-33   0   0.296329   -0.0292316   0.996821   0   1.32351e-31   0   0.00317886   0   0.461789   1.3957e-31   0   1   0   2.84138e-32   0   0.797671   0   0.296329   0   1.24061e-32   0   0.703671   9.13675   0   0   0   1   0   7.71053e-33   9.16641   0.00317886   0   6.22605e-32   0   0.996821   0   
29   -0.452201   0   0.668998   0   6.47243e-33   0   0.331002   -0.0450103   0.995122   0   1.13479e-31   0   0.004878   0   0.461789   1.17889e-31   0   1   0   1.61898e-32   0   0.913958   0   0.331002   0   1.30816e-32   0   0.668998   9.13675   0   0   0   1   0   1.08502e-32   9.18219   0.004878   0   2.0203e-32   0   0.995122   0   
30   -0.568553   0   0.644402   0   7.23604e-34   0   0.355598   -0.0636666   0.993128   0   1.06639e-31   0   0.00687209   0   0.461789   1.09574e-31   0   1   0   6.16517e-33   0   1.03031   0   0.355598   0   1.31129e-33   0   0.644402   9.13675   0   0   0   1   0   4.22373e-32   9.20085   0.00687209   0   4.67331e-33   0   0.993128   0   
31   -0.683333   0   0.626272   0   9.03289e-33   0   0.373728   -0.0848487   0.990883   0   1.00075e-31   0   0.00911677   0   0.461789   1.07672e-31   0   1   0   9.2603e-32   0   1.14509   0   0.373728   0   1.51368e-32   0   0.626272   9.13675   0   0   0   1   0   1.18343e-31   9.22203   0.00911677   0   3.51285e-32   0   0.990883   0   
32   -0.795428   0   0.61248   0   1.76633e-33   0   0.38752   -0.108163   0.988436   0   1.26063e-31   0   0.0115639   0   0.461789   1.33774e-31   0   1   0   7.54235e-33   0   1.25718   0   0.38752   0   2.79171e-33   0   0.61248   9.13675   0   0   0   1   0   4.27735e-32   9.24534   0.0115639   0   2.14963e-32   0   0.988436   0   
33   -0.903995   0   0.60172   0   3.63997e-33   0   0.39828   -0.133181   0.985837   0   6.97597e-32   0   0.0141628   0   0.461789   7.09198e-32   0   1   0   1.09221e-32   0   1.36575   0   0.39828   0   5.49925e-33   0   0.60172   9.13675   0   0   0   1   0   1.91898e-32   9.27036   0.0141628   0   1.62912e-33   0   0.985837   0   
34   -1.00834   0   0.593155   0   2.71478e-33   0   0.406845   -0.159451   0.983138   0   4.3272e-31   0   0.0168623   0   0.461789   4.75525e-31   0   1   0   2.53463e-33   0   1.4701   0   0.406845   0   3.95798e-33   0   0.593155   9.13675   0   0   0   1   0   4.22065e-32   9.29663   0.0168623   0   8.93005e-32   0   0.983138   0   
35   -1.10787   0   0.586229   0   2.2855e-33   0   0.413771   -0.186509   0.980389   0   2.45781e-31   0   0.0196114   0   0.461789   2.70146e-31   0   1   0   2.28861e-32   0   1.56963   0   0.413771   0   3.23808e-33   0   0.586229   9.13675   0   0   0   1   0   7.14952e-33   9.32369   0.0196114   0   4.92445e-32   0   0.980389   0   
36   -1.20206   0   0.580561   0   4.80826e-33   0   0.419439   -0.213879   0.977639   0   4.86088e-31   0   0.0223608   0   0.461789   5.35756e-31   0   1   0   2.81941e-33   0   1.66381   0   0.419439   0   6.6553e-33   0   0.580561   9.13675   0   0   0   1   0   3.66313e-32   9.35106   0.0223608   0   8.50214e-32   0   0.977639   0   
37   -1.29042   0   0.575882   0   1.46621e-33   0   0.424118   -0.241095   0.974937   0   3.44929e-31   0   0.0250635   0   0.461789   3.8599e-31   0   1   0   4.91356e-32   0   1.75218   0   0.424118   0   1.99086e-33   0   0.575882   9.13675   0   0   0   1   0   2.75896e-32   9.37828   0.0250635   0   7.46048e-32   0   0.974937   0   
38   -1.37254   0   0.571996   0   3.64068e-33   0   0.428004   -0.267695   0.972324   0   1.07338e-31   0   0.0276757   0   0.461789   1.16661e-31   0   1   0   1.1348e-32   0   1.83429   0   0.428004   0   4.86549e-33   0   0.571996   9.13675   0   0   0   1   0   3.24074e-33   9.40488   0.0276757   0   1.65664e-32   0   0.972324   0   
39   -1.44801   0   0.568759   0   3.18329e-33   0   0.431241   -0.293239   0.969843   0   4.62398e-32   0   0.0301573   0   0.461789   4.75746e-32   0   1   0   3.9172e-32   0   1.90977   0   0.431241   0   4.19841e-33   0   0.568759   9.13675   0   0   0   1   0   3.97532e-33   9.43042   0.0301573   0   3.00918e-33   0   0.969843   0   
40   -1.51649   0   0.566065   0   2.78806e-33   0   0.433935   -0.31731   0.967528   0   9.01376e-31   0   0.032472   0   0.461789   1.02451e-30   0   1   0   5.18496e-32   0   1.97825   0   0.433935   0   3.637e-33   0   0.566065   9.13675   0   0   0   1   0   1.45737e-31   9.45449   0.032472   0   1.93936e-31   0   0.967528   0   
41   -1.57766   0   0.56383   0   9.65479e-33   0   0.43617   -0.339519   0.965412   0   9.48116e-31   0   0.0345876   0   0.461789   1.08226e-30   0   1   0   8.67895e-33   0   2.03942   0   0.43617   0   1.24806e-32   0   0.56383   9.13675   0   0   0   1   0   3.51709e-31   9.4767   0.0345876   0   2.06863e-31   0   0.965412   0   
42   -1.63125   0   0.561993   0   5.26943e-33   0   0.438007   -0.359516   0.963524   0   5.7899e-32   0   0.0364761   0   0.461789   6.11427e-32   0   1   0   4.27486e-33   0   2.09301   0   0.438007   0   6.76105e-33   0   0.561993   9.13675   0   0   0   1   0   8.9118e-33   9.4967   0.0364761   0   5.26705e-33   0   0.963524   0   
43   -1.677   0   0.560506   0   4.83404e-33   0   0.439494   -0.376986   0.961887   0   1.14169e-31   0   0.0381134   0   0.461789   1.2576e-31   0   1   0   1.36314e-32   0   2.13876   0   0.439494   0   6.16507e-33   0   0.560506   9.13675   0   0   0   1   0   1.89248e-32   9.51417   0.0381134   0   1.72263e-32   0   0.961887   0   
44   -1.71472   0   0.559334   0   4.43602e-33   0   0.440666   -0.391658   0.96052   0   5.47742e-32   0   0.0394797   0   0.461789   6.14572e-32   0   1   0   7.91205e-33   0   2.17648   0   0.440666   0   5.6306e-33   0   0.559334   9.13675   0   0   0   1   0   6.78409e-33   9.52884   0.0394797   0   1.2707e-32   0   0.96052   0   
45   -1.74423   0   0.558447   0   4.06962e-33   0   0.441553   -0.403308   0.959441   0   1.01741e-31   0   0.0405588   0   0.461789   1.11486e-31   0   1   0   1.50996e-32   0   2.20599   0   0.441553   0   5.14699e-33   0   0.558447   9.13675   0   0   0   1   0   1.33868e-32   9.54049   0.0405588   0   1.3899e-32   0   0.959441   0   
46   -1.76541   0   0.557827   0   4.04056e-33   0   0.442173   -0.411758   0.958662   0   4.86611e-31   0   0.0413383   0   0.461789   5.53761e-31   0   1   0   9.80097e-33   0   2.22716   0   0.442173   0   5.0974e-33   0   0.557827   9.13675   0   0   0   1   0   9.37114e-32   9.54894   0.0413383   0   9.40063e-32   0   0.958662   0   
47   -1.77815   0   0.55746   0   3.33226e-33   0   0.44254   -0.416879   0.958191   0   7.11274e-32   0   0.0418094   0   0.461789   7.69173e-32   0   1   0   4.11825e-33   0   2.23991   0   0.44254   0   4.19759e-33   0   0.55746   9.13675   0   0   0   1   0   2.23985e-32   9.55406   0.0418094   0   8.54622e-33   0   0.958191   0   
48   -1.7824   0   0.557339   0   3.47158e-33   0   0.442661   -0.418595   0.958033   0   3.73057e-32   0   0.0419671   0   0.461789   3.75917e-32   0   1   0   2.71103e-34   0   2.24416   0   0.442661   0   4.37095e-33   0   0.557339   9.13675   0   0   0   1   0   1.03852e-32   9.55578   0.0419671   0   5.57109e-34   0   0.958033   0   
49   -1.78916   0   0.556331   0   0.000618392   0   0.44305   -0.454792   0.919656   0   0.0382013   0   0.0421427   0   0.492208   0.0385872   0   0.961164   0   0.000248908   0   2.24246   0   0.443603   0   0.000245295   0   0.556152   9.1452   0   6.59376e-05   0   0.999136   0   0.000797749   9.56155   0.0417568   0   0.000634839   0   0.957608   0   
50   -1.8093   0   0.553351   0   0.00245327   0   0.444196   -0.551028   0.839164   0   0.117738   0   0.0430976   0   0.571226   0.119701   0   0.879742   0   0.000557472   0   2.23746   0   0.446387   0   0.000959591   0   0.552653   9.17034   0   0.000261648   0   0.996587   0   0.00315121   9.57877   0.0411354   0   0.00251963   0   0.956345   0   
51   -1.84237   0   0.548523   0   0.00544492   0   0.446032   -0.685124   0.760116   0   0.194694   0   0.04519   0   0.677014   0.199754   0   0.799709   0   0.000536877   0   2.22941   0   0.450896   0   0.00208182   0   0.547022   9.21147   0   0.000580969   0   0.992473   0   0.00694577   9.60708   0.0401306   0   0.00559634   0   0.954273   0   
52   -1.8877   0   0.542042   0   0.00949767   0   0.44846   -0.840838   0.695665   0   0.256074   0   0.0482614   0   0.793901   0.26555   0   0.734154   0   0.000296141   0   2.21869   0   0.456944   0   0.00352146   0   0.539535   9.26752   0   0.00101409   0   0.986981   0   0.012005   9.64591   0.0387855   0   0.00977206   0   0.951442   0   
53   -1.94432   0   0.53416   0   0.0144854   0   0.451354   -1.00869   0.644921   0   0.303064   0   0.0520157   0   0.913187   0.317924   0   0.682012   0   6.41396e-05   0   2.20578   0   0.464291   0   0.00517234   0   0.530536   9.33705   0   0.00154819   0   0.980342   0   0.0181096   9.69448   0.0371556   0   0.0149242   0   0.94792   0   
54   -2.01107   0   0.525164   0   0.0202587   0   0.454578   -1.18308   0.604585   0   0.339212   0   0.0562025   0   1.03022   0.36011   0   0.639881   0   8.9761e-06   0   2.19122   0   0.472668   0   0.00692686   0   0.520405   9.41836   0   0.00216818   0   0.972814   0   0.0250174   9.75183   0.0353041   0   0.0209073   0   0.943789   0   
55   -2.08658   0   0.515354   0   0.0266532   0   0.457993   -1.36033   0.571879   0   0.367486   0   0.060635   0   1.14246   0.394824   0   0.604954   0   0.000222778   0   2.17555   0   0.481789   0   0.00868787   0   0.509524   9.50954   0   0.00285754   0   0.964659   0   0.0324836   9.81684   0.0332974   0   0.0275604   0   0.939142   0   
56   -2.16935   0   0.50503   0   0.0334979   0   0.461472   -1.53778   0.544834   0   0.389991   0   0.0651746   0   1.24848   0.423965   0   0.575295   0   0.000740801   0   2.15927   0   0.491371   0   0.0103765   0   0.498253   9.60858   0   0.0035991   0   0.956126   0   0.0402753   9.88827   0.0312009   0   0.0347144   0   0.934085   0   
57   -2.25776   0   0.494472   0   0.0406229   0   0.464905   -1.71329   0.522104   0   0.40818   0   0.0697156   0   1.3475   0.44882   0   0.54962   0   0.00155969   0   2.14286   0   0.501152   0   0.0119357   0   0.486912   9.71341   0   0.00437571   0   0.947441   0   0.0481829   9.96476   0.0290757   0   0.0421996   0   0.928725   0   
58   -2.35015   0   0.483931   0   0.0478668   0   0.468202   -1.88508   0.502759   0   0.423065   0   0.0741762   0   1.43913   0.470265   0   0.527084   0   0.00265076   0   2.12668   0   0.510898   0   0.01333   0   0.475772   9.82197   0   0.00517085   0   0.938803   0   0.056026   10.0449   0.0269754   0   0.0498516   0   0.923173   0   
59   -2.4448   0   0.473621   0   0.0550813   0   0.471298   -2.05155   0.486147   0   0.435361   0   0.0784919   0   1.52324   0.488908   0   0.507123   0   0.00396951   0   2.11107   0   0.52041   0   0.0145428   0   0.465047   9.93223   0   0.00596902   0   0.930376   0   0.063655   10.1273   0.0249453   0   0.0575162   0   0.917539   0   
60   -2.54003   0   0.46372   0   0.0621343   0   0.474146   -2.21128   0.471797   0   0.445591   0   0.0826116   0   1.59986   0.505182   0   0.489356   0   0.0054625   0   2.09625   0   0.529524   0   0.0155723   0   0.454904   10.0423   0   0.00675601   0   0.922293   0   0.0709506   10.2104   0.0230212   0   0.0650529   0   0.911926   0   
61   -2.6342   0   0.454368   0   0.0689123   0   0.47672   -2.36296   0.459363   0   0.454142   0   0.0864946   0   1.6691   0.519407   0   0.473521   0   0.00707249   0   2.08242   0   0.538113   0   0.0164275   0   0.445459   10.1503   0   0.0075191   0   0.91466   0   0.0778207   10.2928   0.0212298   0   0.0723373   0   0.906433   0   
62   -2.72576   0   0.44567   0   0.0753198   0   0.47901   -2.50543   0.448585   0   0.461306   0   0.090109   0   1.73119   0.531826   0   0.459432   0   0.00874216   0   2.06968   0   0.546083   0   0.0171239   0   0.436793   10.2546   0   0.0082471   0   0.907556   0   0.0841966   10.3732   0.0195896   0   0.0792615   0   0.901149   0   
63   -2.81322   0   0.437704   0   0.0812786   0   0.481017   -2.63759   0.439261   0   0.46731   0   0.0934296   0   1.78634   0.542627   0   0.446956   0   0.0104167   0   2.05813   0   0.553366   0   0.0176806   0   0.428954   10.3536   0   0.00893031   0   0.901041   0   0.0900289   10.4502   0.0181118   0   0.0857345   0   0.896154   0   
64   -2.89523   0   0.430523   0   0.0867264   0   0.48275   -2.75848   0.431236   0   0.472327   0   0.0964368   0   1.83483   0.551962   0   0.435992   0   0.0120457   0   2.0478   0   0.559916   0   0.0181178   0   0.421966   10.4459   0   0.00956045   0   0.895156   0   0.0952838   10.5226   0.0168018   0   0.0916807   0   0.891518   0   
65   -2.97055   0   0.424162   0   0.0916145   0   0.484224   -2.86722   0.424388   0   0.476497   0   0.0991156   0   1.87691   0.559952   0   0.426464   0   0.0135839   0   2.03872   0   0.565707   0   0.0184553   0   0.415837   10.5303   0   0.0101306   0   0.88993   0   0.0999392   10.5893   0.0156605   0   0.097039   0   0.8873   0   
66   -3.03809   0   0.41864   0   0.0959056   0   0.485454   -2.96304   0.418619   0   0.479927   0   0.101454   0   1.91283   0.566696   0   0.418312   0   0.0149922   0   2.03088   0   0.570725   0   0.0187111   0   0.410564   10.6057   0   0.0106349   0   0.885383   0   0.103982   10.6492   0.0146857   0   0.101761   0   0.883553   0   
67   -3.09687   0   0.413969   0   0.0995721   0   0.486459   -3.04525   0.413852   0   0.482704   0   0.103445   0   1.94281   0.572275   0   0.411488   0   0.0162372   0   2.02429   0   0.574962   0   0.018901   0   0.406137   10.6711   0   0.0110688   0   0.881527   0   0.107404   10.7014   0.0138733   0   0.105809   0   0.880318   0   
68   -3.14609   0   0.41015   0   0.102594   0   0.487256   -3.1133   0.410027   0   0.484893   0   0.10508   0   1.96705   0.576755   0   0.405953   0   0.0172914   0   2.01893   0   0.578421   0   0.0190385   0   0.40254   10.7257   0   0.0114285   0   0.878368   0   0.110204   10.7452   0.0132182   0   0.109153   0   0.877628   0   
69   -3.18507   0   0.407185   0   0.104956   0   0.487859   -3.16672   0.407097   0   0.486547   0   0.106356   0   1.98572   0.580188   0   0.401679   0   0.0181332   0   2.01478   0   0.581104   0   0.0191345   0   0.399761   10.7688   0   0.0117111   0   0.875909   0   0.11238   10.78   0.0127152   0   0.111774   0   0.87551   0   
70   -3.21329   0   0.405069   0   0.10665   0   0.488281   -3.20514   0.405028   0   0.487702   0   0.10727   0   1.99896   0.582612   0   0.398642   0   0.018746   0   2.01183   0   0.583016   0   0.0191972   0   0.397787   10.8   0   0.0119144   0   0.874153   0   0.113932   10.8051   0.0123597   0   0.113656   0   0.873984   0   
71   -3.23037   0   0.403801   0   0.107668   0   0.48853   -3.22829   0.403796   0   0.488385   0   0.107819   0   2.00687   0.584056   0   0.396826   0   0.0191182   0   2.01006   0   0.584162   0   0.0192325   0   0.396606   10.8188   0   0.0120369   0   0.8731   0   0.114864   10.8204   0.0121479   0   0.114789   0   0.873063   0   
72   -3.23609   0   0.403379   0   0.108008   0   0.488613   -3.23602   0.403387   0   0.488612   0   0.108002   0   2.00948   0   0.584543   0   0.0192438   0   0.396213   2.0095   0.584536   0   0.396221   0   0.019243   0   10.8251   0   0.0120779   0   0.872748   0   0.115174   10.8255   0.0120776   0   0.115167   0   0.872755   0   
73   -3.23031   0.403809   0   0.488529   0   0.107662   0   -3.22835   0   0.403788   0   0.107825   0   0.488387   2.00685   0   0.584063   0   0.019119   0   0.396818   2.01009   0.584154   0   0.396614   0   0.0192316   0   10.8192   0.0120366   0   0.114857   0   0.873106   0   10.82   0   0.0121482   0   0.873056   0   0.114796   
74   -3.21323   0.405077   0   0.48828   0   0.106644   0   -3.2052   0   0.40502   0   0.107276   0   0.487704   1.99894   0   0.58262   0   0.0187468   0   0.398634   2.01185   0.583009   0   0.397795   0   0.0191963   0   10.8003   0.0119141   0   0.113926   0   0.87416   0   10.8048   0   0.01236   0   0.873977   0   0.113663   
75   -3.18501   0.407192   0   0.487858   0   0.10495   0   -3.16678   0   0.407089   0   0.106362   0   0.486548   1.9857   0   0.580195   0   0.018134   0   0.401671   2.0148   0.581097   0   0.399769   0   0.0191336   0   10.7692   0.0117108   0   0.112373   0   0.875916   0   10.7796   0   0.0127156   0   0.875504   0   0.111781   
76   -3.14603   0.410158   0   0.487254   0   0.102588   0   -3.11337   0   0.410019   0   0.105086   0   0.484895   1.96703   0   0.576762   0   0.0172922   0   0.405945   2.01895   0.578414   0   0.402548   0   0.0190376   0   10.726   0.0114282   0   0.110197   0   0.878375   0   10.7448   0   0.0132186   0   0.877622   0   0.10916   
77   -3.09682   0.413976   0   0.486457   0   0.0995663   0   -3.04531   0   0.413844   0   0.103451   0   0.482705   1.94279   0   0.572282   0   0.0162379   0   0.41148   2.02431   0.574955   0   0.406145   0   0.0189001   0   10.6715   0.0110685   0   0.107398   0   0.881534   0   10.701   0   0.0138737   0   0.880311   0   0.105815   
78   -3.03803   0.418648   0   0.485452   0   0.0959   0   -2.96309   0   0.418611   0   0.10146   0   0.479929   1.91281   0   0.566703   0   0.0149928   0   0.418304   2.0309   0.570717   0   0.410572   0   0.0187101   0   10.6061   0.0106346   0   0.103975   0   0.88539   0   10.6488   0   0.0146862   0   0.883547   0   0.101767   
79   -2.9705   0.424169   0   0.484222   0   0.091609   0   -2.86728   0   0.42438   0   0.0991214   0   0.476498   1.87689   0   0.559959   0   0.0135845   0   0.426457   2.03874   0.5657   0   0.415845   0   0.0184544   0   10.5307   0.0101303   0   0.0999331   0   0.889937   0   10.5889   0   0.0156611   0   0.887294   0   0.0970448   
80   -2.89517   0.430531   0   0.482748   0   0.0867212   0   -2.75854   0   0.431228   0   0.0964425   0   0.472329   1.83481   0   0.551969   0   0.0120462   0   0.435985   2.04782   0.559909   0   0.421974   0   0.0181169   0   10.4463   0.0095602   0   0.0952778   0   0.895162   0   10.5222   0   0.0168025   0   0.891511   0   0.0916862   
81   -2.81317   0.437711   0   0.481015   0   0.0812736   0   -2.63765   0   0.439253   0   0.0934352   0   0.467312   1.78633   0   0.542634   0   0.0104171   0   0.446949   2.05815   0.553359   0   0.428962   0   0.0176796   0   10.354   0.00893008   0   0.0900231   0   0.901047   0   10.4498   0   0.0181126   0   0.896148   0   0.0857397   
82   -2.72571   0.445677   0   0.479008   0   0.075315   0   -2.50548   0   0.448577   0   0.0901145   0   0.461309   1.73117   0   0.531833   0   0.00874246   0   0.459425   2.0697   0.546076   0   0.436801   0   0.0171229   0   10.255   0.00824689   0   0.084191   0   0.907562   0   10.3728   0   0.0195906   0   0.901143   0   0.0792664   
83   -2.63416   0.454375   0   0.476717   0   0.0689079   0   -2.36302   0   0.459355   0   0.0865   0   0.454145   1.66908   0   0.519414   0   0.00707271   0   0.473513   2.08244   0.538106   0   0.445467   0   0.0164265   0   10.1507   0.00751891   0   0.0778154   0   0.914666   0   10.2924   0   0.0212309   0   0.906427   0   0.0723418   
84   -2.53998   0.463727   0   0.474143   0   0.0621302   0   -2.21133   0   0.471789   0   0.0826168   0   0.445594   1.59984   0   0.505189   0   0.00546264   0   0.489349   2.09627   0.529517   0   0.454912   0   0.0155713   0   10.0427   0.00675583   0   0.0709457   0   0.922298   0   10.21   0   0.0230224   0   0.911921   0   0.065057   
85   -2.44476   0.473628   0   0.471295   0   0.0550775   0   -2.0516   0   0.486139   0   0.0784971   0   0.435364   1.52323   0   0.488915   0   0.00396957   0   0.507116   2.11109   0.520403   0   0.465055   0   0.0145418   0   9.93264   0.00596886   0   0.0636504   0   0.930381   0   10.1269   0   0.0249468   0   0.917533   0   0.0575199   
86   -2.35011   0.483937   0   0.468199   0   0.0478635   0   -1.88512   0   0.502751   0   0.0741812   0   0.423068   1.43912   0   0.470272   0   0.00265077   0   0.527077   2.12671   0.510892   0   0.475779   0   0.013329   0   9.82238   0.00517072   0   0.0560218   0   0.938807   0   10.0445   0   0.0269771   0   0.923168   0   0.0498549   
87   -2.25773   0.494478   0   0.464902   0   0.04062   0   -1.71334   0   0.522095   0   0.0697204   0   0.408184   1.34748   0   0.448827   0   0.00155966   0   0.549613   2.14288   0.501146   0   0.486919   0   0.0119348   0   9.71382   0.0043756   0   0.0481792   0   0.947445   0   9.96436   0   0.0290776   0   0.92872   0   0.0422024   
88   -2.16932   0.505036   0   0.461469   0   0.0334954   0   -1.53782   0   0.544826   0   0.0651791   0   0.389995   1.24846   0   0.423971   0   0.000740752   0   0.575288   2.15929   0.491365   0   0.498259   0   0.0103757   0   9.609   0.00359901   0   0.0402721   0   0.956129   0   9.88786   0   0.0312031   0   0.93408   0   0.0347167   
89   -2.08655   0.515359   0   0.457989   0   0.0266513   0   -1.36037   0   0.57187   0   0.0606393   0   0.36749   1.14244   0   0.39483   0   0.000222736   0   0.604947   2.17557   0.481783   0   0.50953   0   0.00868714   0   9.50996   0.00285747   0   0.0324809   0   0.964662   0   9.81643   0   0.0332998   0   0.939138   0   0.0275623   
90   -2.01105   0.525169   0   0.454574   0   0.0202572   0   -1.18312   0   0.604576   0   0.0562066   0   0.339217   1.0302   0   0.360117   0   8.96471e-06   0   0.639874   2.19124   0.472663   0   0.520411   0   0.00692626   0   9.41878   0.00216812   0   0.0250153   0   0.972817   0   9.75142   0   0.0353067   0   0.943784   0   0.0209088   
91   -1.9443   0.534165   0   0.45135   0   0.0144843   0   -1.00873   0   0.644912   0   0.0520196   0   0.303069   0.913165   0   0.31793   0   6.41775e-05   0   0.682006   2.2058   0.464287   0   0.530542   0   0.00517187   0   9.33747   0.00154815   0   0.018108   0   0.980344   0   9.69407   0   0.0371585   0   0.947916   0   0.0149253   
92   -1.88768   0.542047   0   0.448456   0   0.00949693   0   -0.840867   0   0.695655   0   0.0482651   0   0.25608   0.793877   0   0.265556   0   0.000296235   0   0.734148   2.2187   0.456939   0   0.53954   0   0.00352112   0   9.26795   0.00101407   0   0.012004   0   0.986982   0   9.6455   0   0.0387886   0   0.951439   0   0.00977274   
93   -1.84236   0.548527   0   0.446029   0   0.00544449   0   -0.68515   0   0.760107   0   0.0451935   0   0.1947   0.676988   0   0.19976   0   0.000537014   0   0.799703   2.22943   0.450892   0   0.547026   0   0.00208161   0   9.2119   0.000580955   0   0.00694515   0   0.992474   0   9.60667   0   0.0401338   0   0.954269   0   0.00559673   
94   -1.80928   0.553355   0   0.444192   0   0.00245308   0   -0.55105   0   0.839156   0   0.043101   0   0.117743   0.571197   0   0.119705   0   0.000557602   0   0.879737   2.23748   0.446383   0   0.552657   0   0.000959496   0   9.17077   0.000261642   0   0.00315093   0   0.996587   0   9.57836   0   0.0411388   0   0.956341   0   0.0025198   
95   -1.78915   0.556335   0   0.443047   0   0.000618342   0   -0.454812   0   0.919651   0   0.0421462   0   0.0382031   0.492177   0   0.038589   0   0.000248966   0   0.961162   2.24248   0.443599   0   0.556156   0   0.00024527   0   9.14564   6.59359e-05   0   0.000797676   0   0.999136   0   9.56114   0   0.0417602   0   0.957605   0   0.000634884   
96   -1.78239   0.557343   0   0.442657   0   5.42711e-34   0   -0.418613   0   0.958029   0   0.0419705   0   3.73077e-32   0.461757   0   3.75936e-32   0   2.71166e-34   0   1   2.24418   0.442657   0   0.557343   0   6.83319e-34   0   9.13718   0   0   1.22603e-33   0   1   0   9.55536   0   0.0419705   0   0.958029   0   5.57148e-34   
97   -1.77814   0.557464   0   0.442536   0   2.82268e-34   0   -0.416897   0   0.958187   0   0.0418129   0   2.74451e-32   0.461757   0   2.70675e-32   0   6.0086e-34   0   1   2.23992   0.442536   0   0.557464   0   3.55575e-34   0   9.13718   0   0   6.37843e-34   0   1   0   9.55365   0   0.0418129   0   0.958187   0   2.2333e-34   
98   -1.76539   0.557831   0   0.442169   0   1.6866e-33   0   -0.411776   0   0.958658   0   0.0413417   0   5.16408e-32   0.461757   0   5.30982e-32   0   7.56406e-35   0   1   2.22718   0.442169   0   0.557831   0   2.12778e-33   0   9.13718   0   0   3.81439e-33   0   1   0   9.54852   0   0.0413417   0   0.958658   0   1.53308e-33   
99   -1.74422   0.558451   0   0.441549   0   4.78297e-34   0   -0.403326   0   0.959438   0   0.0405622   0   3.59606e-32   0.461757   0   3.60915e-32   0   3.2274e-34   0   1   2.20601   0.441549   0   0.558451   0   6.04928e-34   0   9.13718   0   0   1.08323e-33   0   1   0   9.54007   0   0.0405622   0   0.959438   0   4.53671e-34   
100   -1.71471   0.559338   0   0.440662   0   3.03882e-34   0   -0.391676   0   0.960517   0   0.039483   0   3.00193e-32   0.461757   0   2.97092e-32   0   5.26434e-34   0   1   2.1765   0.440662   0   0.559338   0   3.85721e-34   0   9.13718   0   0   6.89603e-34   0   1   0   9.52842   0   0.039483   0   0.960517   0   2.16352e-34   
101   -1.67699   0.560511   0   0.439489   0   1.8377e-33   0   -0.377002   0   0.961883   0   0.0381167   0   5.05876e-32   0.461757   0   5.1756e-32   0   8.45758e-35   0   1   2.13878   0.439489   0   0.560511   0   2.34374e-33   0   9.13718   0   0   4.18144e-33   0   1   0   9.51375   0   0.0381167   0   0.961883   0   1.25299e-33   
102   -1.63123   0.561997   0   0.438003   0   4.73898e-34   0   -0.359532   0   0.963521   0   0.0364792   0   3.80555e-32   0.461757   0   3.81865e-32   0   3.42333e-34   0   1   2.09302   0.438003   0   0.561997   0   6.08055e-34   0   9.13718   0   0   1.08195e-33   0   1   0   9.49628   0   0.0364792   0   0.963521   0   4.73305e-34   
103   -1.57765   0.563834   0   0.436166   0   2.25827e-34   0   -0.339534   0   0.965409   0   0.0345905   0   3.01556e-32   0.461757   0   2.96655e-32   0   5.88074e-34   0   1   2.03944   0.436166   0   0.563834   0   2.91928e-34   0   9.13718   0   0   5.17756e-34   0   1   0   9.47628   0   0.0345905   0   0.965409   0   9.79753e-35   
104   -1.51648   0.566069   0   0.433931   0   1.44555e-34   0   -0.317324   0   0.967525   0   0.0324747   0   1.86033e-32   0.461757   0   1.76849e-32   0   1.57402e-33   0   1   1.97827   0.433931   0   0.566069   0   1.88574e-34   0   9.13718   0   0   3.33129e-34   0   1   0   9.45407   0   0.0324747   0   0.967525   0   6.55561e-34   
105   -1.448   0.568764   0   0.431236   0   3.37721e-34   0   -0.293252   0   0.96984   0   0.0301599   0   3.81368e-32   0.461757   0   3.79719e-32   0   3.87544e-34   0   1   1.90979   0.431236   0   0.568764   0   4.45426e-34   0   9.13718   0   0   7.83147e-34   0   1   0   9.43   0   0.0301599   0   0.96984   0   2.22681e-34   
106   -1.37252   0.572001   0   0.427999   0   3.43985e-34   0   -0.267707   0   0.972322   0   0.0276781   0   4.04413e-32   0.461757   0   4.03136e-32   0   3.54371e-34   0   1   1.83431   0.427999   0   0.572001   0   4.5972e-34   0   9.13718   0   0   8.03706e-34   0   1   0   9.40446   0   0.0276781   0   0.972322   0   2.26704e-34   
107   -1.29041   0.575887   0   0.424113   0   5.10272e-34   0   -0.241106   0   0.974934   0   0.0250657   0   4.85363e-32   0.461757   0   4.88341e-32   0   2.19138e-34   0   1   1.7522   0.424113   0   0.575887   0   6.9288e-34   0   9.13718   0   0   1.20315e-33   0   1   0   9.37785   0   0.0250657   0   0.974934   0   5.16928e-34   
108   -1.20204   0.580567   0   0.419433   0   2.82239e-34   0   -0.213889   0   0.977637   0   0.0223628   0   4.25694e-32   0.461757   0   4.23302e-32   0   3.86515e-34   0   1   1.66383   0.419433   0   0.580567   0   3.90667e-34   0   9.13718   0   0   6.72905e-34   0   1   0   9.35064   0   0.0223628   0   0.977637   0   1.47321e-34   
109   -1.10786   0.586235   0   0.413765   0   4.12322e-34   0   -0.186517   0   0.980387   0   0.0196132   0   5.08088e-32   0.461757   0   5.09381e-32   0   1.91991e-34   0   1   1.56965   0.413765   0   0.586235   0   5.8419e-34   0   9.13718   0   0   9.96512e-34   0   1   0   9.32327   0   0.0196132   0   0.980387   0   3.21293e-34   
110   -1.00833   0.593161   0   0.406839   0   3.65827e-34   0   -0.159459   0   0.983136   0   0.0168638   0   5.20063e-32   0.461757   0   5.20562e-32   0   2.0097e-34   0   1   1.47012   0.406839   0   0.593161   0   5.33367e-34   0   9.13718   0   0   8.99194e-34   0   1   0   9.29621   0   0.0168638   0   0.983136   0   2.5087e-34   
111   -0.903982   0.601727   0   0.398273   0   3.70016e-34   0   -0.133187   0   0.985836   0   0.0141641   0   5.53492e-32   0.461757   0   5.54467e-32   0   1.60987e-34   0   1   1.36577   0.398273   0   0.601727   0   5.59034e-34   0   9.13718   0   0   9.2905e-34   0   1   0   9.26994   0   0.0141641   0   0.985836   0   2.58535e-34   
112   -0.795416   0.612488   0   0.387512   0   3.73372e-34   0   -0.108168   0   0.988435   0   0.0115649   0   5.87436e-32   0.461757   0   5.88865e-32   0   1.23777e-34   0   1   1.2572   0.387512   0   0.612488   0   5.90138e-34   0   9.13718   0   0   9.63509e-34   0   1   0   9.24492   0   0.0115649   0   0.988435   0   2.66628e-34   
113   -0.683321   0.62628   0   0.37372   0   2.67497e-34   0   -0.0848526   0   0.990882   0   0.00911761   0   5.78728e-32   0.461757   0   5.78115e-32   0   1.9199e-34   0   1   1.14511   0.37372   0   0.62628   0   4.48271e-34   0   9.13718   0   0   7.15768e-34   0   1   0   9.2216   0   0.00911761   0   0.990882   0   1.30739e-34   
114   -0.568542   0.644411   0   0.355589   0   2.76787e-34   0   -0.0636695   0   0.993127   0   0.00687273   0   6.17764e-32   0.461757   0   6.17906e-32   0   1.20236e-34   0   1   1.03033   0.355589   0   0.644411   0   5.01602e-34   0   9.13718   0   0   7.78389e-34   0   1   0   9.20042   0   0.00687273   0   0.993127   0   1.34471e-34   
115   -0.452191   0.669008   0   0.330992   0   1.09112e-34   0   -0.0450124   0   0.995122   0   0.00487846   0   5.81135e-32   0.461757   0   5.77971e-32   0   3.17414e-34   0   1   0.91398   0.330992   0   0.669008   0   2.2054e-34   0   9.13718   0   0   3.29652e-34   0   1   0   9.18176   0   0.00487846   0   0.995122   0   9.62212e-37   
116   -0.335905   0.703683   0   0.296317   0   1.17602e-34   0   -0.029233   0   0.996821   0   0.00317915   0   6.20146e-32   0.461757   0   6.17952e-32   0   2.20023e-34   0   1   0.797694   0.296317   0   0.703683   0   2.79277e-34   0   9.13718   0   0   3.96879e-34   0   1   0   9.16598   0   0.00317915   0   0.996821   0   6.29322e-37   
117   -0.222485   0.754637   0   0.245363   0   1.29193e-34   0   -0.0166322   0   0.998186   0   0.00181376   0   6.5414e-32   0.461757   0   6.52823e-32   0   1.32065e-34   0   1   0.684274   0.245363   0   0.754637   0   3.97345e-34   0   9.13718   0   0   5.26538e-34   0   1   0   9.15338   0   0.00181376   0   0.998186   0   3.60081e-37   
118   -0.117618   0.831258   0   0.168742   0   1.45554e-34   0   -0.00745263   0   0.999186   0   0.000814348   0   6.80666e-32   0.461757   0   6.80052e-32   0   6.15828e-35   0   1   0.579406   0.168742   0   0.831258   0   1.16894e-35   0   9.13718   1.53862e-34   0   3.38089e-36   0   1   0   9.1442   0   0.000814348   0   0.999186   0   1.62012e-37   
119   -0.034478   0.935039   0   0.0649615   0   1.66708e-34   0   -0.0018723   0   0.999795   0   0.000204836   0   6.97575e-32   0.461757   0   6.97417e-32   0   1.58567e-35   0   1   0.496267   0.0649615   0   0.935039   0   3.23259e-37   0   9.13718   1.59517e-34   0   7.51336e-36   0   1   0   9.13862   0   0.000204836   0   0.999795   0   4.0804e-38   
120   -3.41209e-32   0   1   0   1.79655e-34   0   7.03388e-32   -3.41186e-32   1   0   7.03291e-32   0   1.79638e-34   0   0.461757   0   7.03388e-32   0   2.86783e-33   0   1   0.461789   7.03291e-32   0   1   0   1.53535e-32   0   9.13675   0   1.79655e-34   0   1   0   1.66038e-32   9.13718   1.79638e-34   0   1.63511e-31   0   1   0   
121   -0.0363466   0   0.935062   0   0.00020345   0   0.0647341   -0.0363444   0.93507   0   0.0647268   0   0.000203431   0   0.496204   0   0.0647334   0   3.75054e-06   0   0.935263   0.496234   0.0647261   0   0.93527   0   3.74932e-06   0   9.13865   0   0.000204116   0   0.999793   0   3.08478e-06   9.13908   0.000204096   0   3.08453e-06   0   0.999793   0   
122   -0.125265   0   0.831933   0   0.00082466   0   0.167242   -0.125259   0.831946   0   0.167229   0   0.000824589   0   0.579145   0   0.167264   0   2.71349e-05   0   0.832709   0.579171   0.167251   0   0.832722   0   2.71269e-05   0   9.14463   0   0.000802888   0   0.999148   0   4.89069e-05   9.14506   0.000802813   0   4.8903e-05   0   0.999148   0   
123   -0.24081   0   0.755653   0   0.00195028   0   0.242397   -0.240801   0.755665   0   0.242384   0   0.00195011   0   0.683819   0   0.242591   0   4.98607e-05   0   0.757359   0.683843   0.242578   0   0.757372   0   4.98457e-05   0   9.1555   0   0.00175637   0   0.998   0   0.00024377   9.15593   0.00175621   0   0.00024375   0   0.998   0   
124   -0.371315   0   0.703765   0   0.00371049   0   0.292525   -0.371304   0.703776   0   0.292514   0   0.00371017   0   0.797295   0   0.293235   0   4.35766e-05   0   0.706722   0.797317   0.293224   0   0.706733   0   4.35611e-05   0   9.17253   0   0.00300069   0   0.996246   0   0.000753375   9.17296   0.00300041   0   0.000753314   0   0.996246   0   
125   -0.512634   0   0.666484   0   0.00622428   0   0.327291   -0.512621   0.666494   0   0.327282   0   0.00622374   0   0.913841   0   0.329063   0   1.3536e-05   0   0.670923   0.913863   0.329054   0   0.670933   0   1.35276e-05   0   9.1973   0   0.00445248   0   0.993762   0   0.00178534   9.19773   0.00445208   0   0.00178519   0   0.993763   0   
126   -0.663323   0   0.637468   0   0.00957781   0   0.352954   -0.663308   0.637477   0   0.352946   0   0.009577   0   1.03029   0   0.356517   0   2.53574e-06   0   0.643481   1.03031   0.356508   0   0.643489   0   2.53888e-06   0   9.23154   0   0.00601549   0   0.99042   0   0.00356485   9.23197   0.00601497   0   0.00356457   0   0.99042   0   
127   -0.8228   0   0.613112   0   0.0138139   0   0.373074   -0.822782   0.613121   0   0.373066   0   0.0138128   0   1.14439   0   0.379298   0   8.03574e-05   0   0.620621   1.14441   0.379291   0   0.620629   0   8.03703e-05   0   9.27692   0   0.00758926   0   0.986106   0   0.00630503   9.27735   0.00758862   0   0.00630453   0   0.986107   0   
128   -0.990602   0   0.59141   0   0.0189267   0   0.389663   -0.990581   0.591418   0   0.389657   0   0.0189251   0   1.25429   0   0.399511   0   0.000327424   0   0.600162   1.25431   0.399504   0   0.600169   0   0.000327438   0   9.33482   0   0.00907894   0   0.980746   0   0.0101751   9.33524   0.00907821   0   0.0101743   0   0.980747   0   
129   -1.16606   0   0.571269   0   0.0248599   0   0.403871   -1.16603   0.571276   0   0.403866   0   0.0248579   0   1.35842   0   0.418326   0   0.000816764   0   0.580857   1.35844   0.41832   0   0.580864   0   0.000816762   0   9.40615   0   0.0104049   0   0.974323   0   0.0152718   9.40657   0.0104041   0   0.0152706   0   0.974325   0   
130   -1.34812   0   0.552138   0   0.0315105   0   0.416351   -1.34809   0.552146   0   0.416346   0   0.0315081   0   1.45549   0   0.436352   0   0.00159811   0   0.56205   1.4555   0.436345   0   0.562057   0   0.00159807   0   9.49114   0   0.0115103   0   0.966891   0   0.0215984   9.49156   0.0115094   0   0.0215967   0   0.966894   0   
131   -1.5353   0   0.533795   0   0.0387353   0   0.42747   -1.53527   0.533803   0   0.427465   0   0.0387324   0   1.54452   0   0.45384   0   0.00268752   0   0.543472   1.54454   0.453833   0   0.543479   0   0.00268742   0   9.58928   0   0.0123648   0   0.958577   0   0.029058   9.5897   0.012364   0   0.0290559   0   0.95858   0   
132   -1.72565   0   0.516211   0   0.046361   0   0.437428   -1.72561   0.516218   0   0.437424   0   0.0463577   0   1.62492   0   0.470825   0   0.0040645   0   0.525111   1.62494   0.470818   0   0.525118   0   0.00406433   0   9.69924   0   0.0129646   0   0.949574   0   0.0374609   9.69965   0.0129638   0   0.0374582   0   0.949578   0   
133   -1.91678   0   0.499465   0   0.0541962   0   0.446339   -1.91674   0.499473   0   0.446335   0   0.0541924   0   1.6964   0   0.487207   0   0.00567646   0   0.507117   1.69642   0.4872   0   0.507124   0   0.0056762   0   9.81888   0   0.0133281   0   0.940127   0   0.0465446   9.81929   0.0133273   0   0.0465413   0   0.940131   0   
134   -2.10597   0   0.48369   0   0.0620433   0   0.454266   -2.10592   0.483698   0   0.454263   0   0.0620391   0   1.75904   0   0.50282   0   0.00744852   0   0.489731   1.75906   0.502814   0   0.489738   0   0.00744816   0   9.94543   0   0.0134891   0   0.930508   0   0.0560027   9.94584   0.0134884   0   0.0559988   0   0.930513   0   
135   -2.29019   0   0.469033   0   0.0697096   0   0.461257   -2.29014   0.469041   0   0.461254   0   0.069705   0   1.81313   0   0.517476   0   0.00929544   0   0.473228   1.81315   0.517469   0   0.473236   0   0.00929499   0   10.0756   0   0.0134903   0   0.920995   0   0.0655147   10.076   0.0134897   0   0.0655103   0   0.921   0   
136   -2.46628   0   0.455634   0   0.0770156   0   0.467351   -2.46623   0.455641   0   0.467348   0   0.0770107   0   1.85919   0   0.53099   0   0.0111328   0   0.457877   1.85921   0.530983   0   0.457885   0   0.0111322   0   10.2056   0   0.0133761   0   0.911852   0   0.0747723   10.206   0.0133755   0   0.0747674   0   0.911857   0   
137   -2.63103   0   0.443611   0   0.0838016   0   0.472587   -2.63097   0.443619   0   0.472585   0   0.0837964   0   1.89781   0   0.5432   0   0.012885   0   0.443915   1.89783   0.543193   0   0.443922   0   0.0128844   0   10.3317   0   0.0131884   0   0.903313   0   0.0834981   10.3321   0.0131879   0   0.0834928   0   0.903319   0   
138   -2.78127   0   0.433061   0   0.0899301   0   0.477009   -2.78122   0.433068   0   0.477007   0   0.0899246   0   1.92967   0   0.553976   0   0.0144904   0   0.431534   1.92969   0.553968   0   0.431542   0   0.0144897   0   10.4501   0   0.0129637   0   0.89558   0   0.0914568   10.4505   0.0129633   0   0.0914511   0   0.895586   0   
139   -2.91406   0   0.424053   0   0.0952873   0   0.480659   -2.914   0.424061   0   0.480657   0   0.0952817   0   1.95539   0   0.563215   0   0.0159021   0   0.420883   1.95541   0.563208   0   0.420891   0   0.0159014   0   10.5572   0   0.0127317   0   0.888811   0   0.0984578   10.5576   0.0127312   0   0.0984518   0   0.888817   0   
140   -3.02668   0   0.416638   0   0.0997824   0   0.483579   -3.02662   0.416646   0   0.483578   0   0.0997766   0   1.97557   0   0.570846   0   0.0170872   0   0.412066   1.97559   0.570839   0   0.412074   0   0.0170864   0   10.6496   0   0.0125154   0   0.88313   0   0.104354   10.65   0.012515   0   0.104348   0   0.883137   0   
141   -3.11683   0   0.410848   0   0.103345   0   0.485807   -3.11677   0.410855   0   0.485806   0   0.103339   0   1.99072   0   0.57682   0   0.0180241   0   0.405155   1.99074   0.576813   0   0.405163   0   0.0180233   0   10.7246   0   0.0123319   0   0.878631   0   0.109037   10.725   0.0123315   0   0.109031   0   0.878637   0   
142   -3.18261   0   0.406701   0   0.105924   0   0.487374   -3.18255   0.406709   0   0.487373   0   0.105918   0   2.00124   0   0.581105   0   0.0186999   0   0.400195   2.00126   0.581098   0   0.400203   0   0.0186991   0   10.7799   0   0.0121932   0   0.875376   0   0.112431   10.7803   0.0121929   0   0.112425   0   0.875382   0   
143   -3.22265   0   0.40421   0   0.107485   0   0.488305   -3.22258   0.404218   0   0.488303   0   0.107479   0   2.00743   0   0.583683   0   0.0191076   0   0.39721   2.00745   0.583676   0   0.397218   0   0.0191068   0   10.8137   0   0.0121071   0   0.873407   0   0.114486   10.8141   0.0121068   0   0.114479   0   0.873414   0   
144   -3.23609   0   0.403379   0   0.108008   0   0.488613   -3.23602   0.403387   0   0.488612   0   0.108002   0   2.00948   0   0.584543   0   0.0192438   0   0.396213   2.0095   0.584536   0   0.396221   0   0.019243   0   10.8251   0   0.0120779   0   0.872748   0   0.115174   10.8255   0.0120776   0   0.115167   0   0.872755   0   
145   -3.23609   0   0.403379   0   0.108008   0   0.488613   -3.23602   0.403387   0   0.488612   0   0.108002   0   2.00948   0   0.584543   0   0.0192438   0   0.396213   2.0095   0.584536   0   0.396221   0   0.019243   0   10.8251   0   0.0120779   0   0.872748   0   0.115174   10.8255   0.0120776   0   0.115167   0   0.872755   0   
