0   0   0   -9.40328   -9.40328   -9.40322   -9.40322   18.9751   18.9751   18.9752   18.9752   
1   2   1   -10.102   -10.102   -9.5867   -9.5867   18.4932   18.4932   19.0496   19.0496   
2   4   2   -12.0944   -12.0944   -9.99713   -9.99713   17.1092   17.1092   19.2256   19.2256   
3   6   3   -15.0788   -15.0788   -10.2879   -10.2879   14.9851   14.9851   19.4061   19.4061   
4   8   4   -18.5925   -18.5925   -10.0632   -10.0632   12.3249   12.3249   19.5214   19.5214   
5   10   5   -22.0832   -22.0832   -9.02061   -9.02061   9.316   9.316   19.5647   19.5647   
6   12   6   -25.0068   -25.0068   -7.0372   -7.0372   6.09041   6.09041   19.5723   19.5723   
7   14   7   -26.926   -26.926   -4.19976   -4.19976   2.71538   2.71538   19.5809   19.5809   
8   16   8   -27.5859   -27.5859   -0.788701   -0.788701   -0.788669   -0.788669   19.5914   19.5914   
9   15   9   -26.9549   -26.9549   -4.4029   -4.4029   2.77226   2.77226   19.5611   19.5611   
10   14   10   -25.2485   -25.2485   -8.02716   -8.02716   5.97684   5.97684   19.4368   19.4368   
11   13   11   -23.0379   -23.0379   -11.2784   -11.2784   8.27684   8.27684   19.2382   19.2382   
12   12   12   -21.7829   -21.7829   -12.8592   -12.8592   9.13284   9.13284   19.1281   19.1281   
13   11   11   -21.5882   -21.5882   -12.808   -12.808   9.30825   9.30825   19.1416   19.1416   
14   10   10   -21.0148   -21.0148   -12.6561   -12.6561   9.82054   9.82054   19.179   19.179   
15   9   9   -20.0952   -20.0952   -12.4085   -12.4085   10.6297   10.6297   19.2309   19.2309   
16   8   8   -18.8819   -18.8819   -12.076   -12.076   11.6742   11.6742   19.2837   19.2837   
17   7   7   -17.446   -17.446   -11.6757   -11.6757   12.8776   12.8776   19.3222   19.3222   
18   6   6   -15.8742   -15.8742   -11.232   -11.232   14.1548   14.1548   19.3327   19.3327   
19   5   5   -14.2661   -14.2661   -10.7751   -10.7751   15.4188   15.4188   19.3069   19.3069   
20   4   4   -12.7301   -12.7301   -10.3384   -10.3384   16.5858   16.5858   19.2453   19.2453   
21   3   3   -11.3778   -11.3778   -9.9557   -9.9557   17.5801   17.5801   19.1591   19.1591   
22   2   2   -10.3163   -10.3163   -9.65751   -9.65751   18.3386   18.3386   19.0691   19.0691   
23   1   1   -9.63717   -9.63717   -9.46814   -9.46814   18.8135   18.8135   19.0007   19.0007   
24   0   0   -9.40328   -9.40328   -9.40322   -9.40322   18.9751   18.9751   18.9752   18.9752   
# Gamma-->K-->M-->Gamma
