#kindex  E(k,1)  orb=0,UP  orb=0,DOWN orb=1,UP  orb=1,DOWN ... E(k,2)  UP DOWN  .....
0   -2.47524   0.0472707   0   0.650906   0   0.301824   0   -2.47281   0   0.0472907   0   0.301945   0   0.650764   6.75856   0.0183072   0   0.339104   0   0.642589   0   6.76012   0   0.018293   0   0.642468   0   0.339239   10.6946   0.934422   0   0.00999042   0   0.0555874   0   10.6947   0   0.934416   0   0.0555864   0   0.00999728   
1   -2.45755   0.0471933   0   0.651591   0   0.301216   0   -2.45512   0   0.0472133   0   0.301337   0   0.651449   6.74284   0.0182372   0   0.338382   0   0.643381   0   6.7444   0   0.0182231   0   0.64326   0   0.338517   10.6926   0.934569   0   0.0100267   0   0.0554038   0   10.6927   0   0.934564   0   0.0554028   0   0.0100336   
2   -2.40481   0.0469582   0   0.653666   0   0.299376   0   -2.40237   0   0.0469783   0   0.299499   0   0.653523   6.69601   0.0180345   0   0.336202   0   0.645763   0   6.69757   0   0.0180203   0   0.645642   0   0.336338   10.6867   0.935007   0   0.0101322   0   0.0548604   0   10.6868   0   0.935001   0   0.0548594   0   0.0101392   
3   -2.31801   0.0465569   0   0.657182   0   0.296261   0   -2.31556   0   0.0465771   0   0.296385   0   0.657038   6.61903   0.0177187   0   0.332521   0   0.649761   0   6.62058   0   0.0177046   0   0.649637   0   0.332658   10.6769   0.935724   0   0.0102972   0   0.0539784   0   10.677   0   0.935718   0   0.0539775   0   0.0103043   
4   -2.19877   0.0459752   0   0.662232   0   0.291793   0   -2.19631   0   0.0459956   0   0.29192   0   0.662085   6.51349   0.0173195   0   0.327262   0   0.655418   0   6.51503   0   0.0173055   0   0.655292   0   0.327402   10.6632   0.936705   0   0.0105061   0   0.0527886   0   10.6633   0   0.936699   0   0.0527878   0   0.0105133   
5   -2.04936   0.0451934   0   0.668944   0   0.285862   0   -2.04688   0   0.045214   0   0.285992   0   0.668794   6.38162   0.0168715   0   0.320317   0   0.662811   0   6.38313   0   0.0168576   0   0.662682   0   0.32046   10.6457   0.937935   0   0.0107386   0   0.0513263   0   10.6457   0   0.937928   0   0.0513257   0   0.0107459   
6   -1.87267   0.0441862   0   0.67749   0   0.278323   0   -1.87016   0   0.044207   0   0.278457   0   0.677336   6.22622   0.0164102   0   0.311539   0   0.672051   0   6.22771   0   0.0163965   0   0.671918   0   0.311686   10.6244   0.939404   0   0.0109707   0   0.0496257   0   10.6244   0   0.939396   0   0.0496253   0   0.0109782   
7   -1.67219   0.0429235   0   0.688084   0   0.268992   0   -1.66966   0   0.0429445   0   0.26913   0   0.687925   6.05075   0.0159684   0   0.300739   0   0.683292   0   6.05221   0   0.0159548   0   0.683155   0   0.300891   10.5994   0.941108   0   0.0111765   0   0.0477154   0   10.5994   0   0.941101   0   0.0477153   0   0.011184   
8   -1.45202   0.041371   0   0.70098   0   0.257649   0   -1.44945   0   0.0413922   0   0.257792   0   0.700816   5.85918   0.0155727   0   0.287692   0   0.696735   0   5.8606   0   0.0155594   0   0.696593   0   0.287848   10.5708   0.943056   0   0.0113285   0   0.0456152   0   10.5708   0   0.943048   0   0.0456154   0   0.0113362   
9   -1.21682   0.0394925   0   0.716464   0   0.244043   0   -1.2142   0   0.0395138   0   0.24419   0   0.716296   5.65607   0.0152424   0   0.272136   0   0.712621   0   5.65745   0   0.0152292   0   0.712474   0   0.272297   10.5387   0.945265   0   0.0113997   0   0.0433352   0   10.5387   0   0.945257   0   0.0433357   0   0.0114073   
10   -0.971811   0.0372526   0   0.734836   0   0.227912   0   -0.96914   0   0.0372739   0   0.228063   0   0.734663   5.44648   0.0149869   0   0.253801   0   0.731212   0   5.4478   0   0.0149741   0   0.731061   0   0.253965   10.5033   0.947761   0   0.0113636   0   0.0408759   0   10.5033   0   0.947752   0   0.0408768   0   0.0113712   
11   -0.722763   0.0346223   0   0.756361   0   0.209017   0   -0.720029   0   0.0346435   0   0.209171   0   0.756186   5.23595   0.0148041   0   0.232443   0   0.752753   0   5.23721   0   0.0147918   0   0.752598   0   0.232611   10.4647   0.950574   0   0.011196   0   0.0382305   0   10.4648   0   0.950565   0   0.0382318   0   0.0112035   
12   -0.475919   0.0315874   0   0.781194   0   0.187219   0   -0.473113   0   0.0316081   0   0.187373   0   0.781019   5.03042   0.014676   0   0.207931   0   0.777393   0   5.03161   0   0.0146643   0   0.777237   0   0.208099   10.4234   0.953737   0   0.0108754   0   0.035388   0   10.4235   0   0.953728   0   0.0353897   0   0.0108827   
13   -0.237904   0.0281596   0   0.809246   0   0.162594   0   -0.235017   0   0.0281795   0   0.162745   0   0.809076   4.83611   0.0145627   0   0.180369   0   0.805069   0   4.83723   0   0.0145519   0   0.804916   0   0.180532   10.3797   0.957278   0   0.010385   0   0.0323374   0   10.3798   0   0.957269   0   0.0323394   0   0.010392   
14   -0.0155019   0.0243922   0   0.840008   0   0.1356   0   -0.0125253   0   0.0244107   0   0.135742   0   0.839847   4.65929   0.0143956   0   0.150278   0   0.835327   0   4.66032   0   0.014386   0   0.835182   0   0.150432   10.3341   0.961212   0   0.00971422   0   0.0290737   0   10.3342   0   0.961203   0   0.029076   0   0.00972081   
15   0.18475   0.0203941   0   0.872352   0   0.107253   0   0.187821   0   0.0204107   0   0.10738   0   0.872209   4.50579   0.0140714   0   0.118786   0   0.867142   0   4.50673   0   0.0140634   0   0.867013   0   0.118923   10.2874   0.965534   0   0.0088614   0   0.0256042   0   10.2874   0   0.965526   0   0.0256067   0   0.00886746   
16   0.357216   0.0163362   0   0.90445   0   0.0792136   0   0.36038   0   0.0163502   0   0.0793178   0   0.904332   4.3804   0.0134572   0   0.087713   0   0.89883   0   4.38126   0   0.0134511   0   0.898723   0   0.0878258   10.2403   0.970207   0   0.00783682   0   0.0219566   0   10.2404   0   0.970199   0   0.0219591   0   0.00784223   
17   0.498024   0.0124369   0   0.933962   0   0.0536009   0   0.501273   0   0.0124479   0   0.0536784   0   0.933874   4.28596   0.0124159   0   0.0593717   0   0.928212   0   4.28674   0   0.0124119   0   0.928132   0   0.0594556   10.1939   0.975147   0   0.00666605   0   0.0181867   0   10.194   0   0.97514   0   0.0181891   0   0.00667071   
18   0.605924   0.00892064   0   0.958617   0   0.0324627   0   0.609245   0   0.00892865   0   0.0325133   0   0.958558   4.22251   0.010858   0   0.0359906   0   0.953151   0   4.22323   0   0.010856   0   0.953099   0   0.0360453   10.1495   0.980221   0   0.0053928   0   0.0143859   0   10.1495   0   0.980215   0   0.014388   0   0.00539662   
19   0.68272   0.00596167   0   0.976979   0   0.0170598   0   0.686096   0   0.00596695   0   0.0170878   0   0.976945   4.18689   0.00880331   0   0.0189411   0   0.972256   0   4.18755   0   0.00880273   0   0.972226   0   0.0189714   10.1083   0.985235   0   0.00408044   0   0.0106845   0   10.1083   0   0.98523   0   0.0106863   0   0.00408337   
20   0.732935   0.00364307   0   0.988943   0   0.00741429   0   0.736346   0   0.00364619   0   0.00742684   0   0.988927   4.17311   0.0064184   0   0.00824674   0   0.985335   0   4.17375   0   0.00641864   0   0.985321   0   0.00826038   10.0719   0.989939   0   0.00281062   0   0.00725086   0   10.0719   0   0.989935   0   0.00725217   0   0.00281266   
21   0.762727   0.00195643   0   0.995608   0   0.00243571   0   0.766158   0   0.00195804   0   0.00243991   0   0.995602   4.17357   0.00400096   0   0.00271434   0   0.993285   0   4.17419   0   0.00400143   0   0.99328   0   0.0027189   10.0416   0.994043   0   0.00167781   0   0.00427959   0   10.0416   0   0.994041   0   0.00428042   0   0.00167905   
22   0.778487   0.000836248   0   0.998672   0   0.000491647   0   0.781927   0   0.000836903   0   0.000492499   0   0.998671   4.18054   0.00191427   0   0.000548805   0   0.997537   0   4.18116   0   0.00191459   0   0.997536   0   0.000549733   10.0189   0.997249   0   0.000779091   0   0.00197143   0   10.0189   0   0.997249   0   0.00197183   0   0.000779669   
23   0.785591   0.000203727   0   0.999765   0   3.10598e-05   0   0.789034   0   0.000203881   0   3.11137e-05   0   0.999765   4.18755   0.000500233   0   3.47105e-05   0   0.999465   0   4.18817   0   0.000500334   0   0.999465   0   3.47694e-05   10.0048   0.999296   0   0.000200076   0   0.000503884   0   10.0048   0   0.999296   0   0.00050399   0   0.000200225   
24   0.787553   0   0   1   0   1.38667e-32   0   0.790998   0   0   0   3.08149e-33   0   1   4.19037   0   0   2.61926e-32   0   1   0   4.19099   0   0   0   1   0   1.38667e-32   10   0   1   0   0   0   0   10   1   0   0   0   0   0   
25   0.787553   1.75367e-34   0   1   0   3.72151e-33   0   0.78914   0   0.000201636   0   1.60165e-32   0   0.999798   4.18743   0.000506175   0   2.93067e-35   0   0.999494   0   4.19099   0   4.48268e-34   0   1   0   2.98332e-32   10.0019   0   0.999798   0   4.43876e-34   0   0.000201636   10.0029   0.999494   0   1.77419e-34   0   0.000506175   0   
26   0.783603   0   0.00080165   0   3.8003e-33   0   0.999198   0.787553   2.26696e-34   0   1   0   5.5492e-33   0   4.17867   0.00200696   0   3.94113e-32   0   0.997993   0   4.19099   0   4.49634e-34   0   1   0   2.45992e-33   10.0074   0   0.999198   0   4.44221e-34   0   0.00080165   10.0117   0.997993   0   1.7638e-34   0   0.00200696   0   
27   0.774495   0   0.00178556   0   4.0354e-33   0   0.998214   0.787553   3.16225e-34   0   1   0   2.06803e-32   0   4.16429   0.00445048   0   7.32651e-32   0   0.99555   0   4.19099   0   4.7372e-34   0   1   0   2.57592e-31   10.0165   0   0.998214   0   4.5026e-34   0   0.00178556   10.0261   0.99555   0   2.14912e-34   0   0.00445048   0   
28   0.761993   0   0.00312993   0   1.60272e-32   0   0.99687   0.787553   4.11136e-34   0   1   0   2.4731e-32   0   4.14461   0.00775462   0   4.14035e-32   0   0.992245   0   4.19099   0   4.96552e-34   0   1   0   3.12665e-32   10.029   0   0.99687   0   4.32841e-34   0   0.00312993   10.0458   0.992245   0   1.5827e-34   0   0.00775462   0   
29   0.746335   0   0.0048033   0   1.78484e-34   0   0.995197   0.787553   7.71874e-34   0   1   0   2.42973e-32   0   4.12009   0.0118129   0   1.34632e-31   0   0.988187   0   4.19099   0   5.01176e-34   0   1   0   3.19218e-32   10.0447   0   0.995197   0   4.62927e-34   0   0.0048033   10.0703   0.988187   0   4.15084e-34   0   0.0118129   0   
30   0.727821   0   0.00676747   0   1.59873e-32   0   0.993233   0.787553   3.12824e-34   0   1   0   2.52374e-32   0   4.09124   0.0165014   0   5.66971e-33   0   0.983499   0   4.19099   0   3.49174e-34   0   1   0   2.77232e-32   10.0632   0   0.993233   0   3.41623e-34   0   0.00676747   10.0991   0.983499   0   1.31431e-34   0   0.0165014   0   
31   0.706799   0   0.00897892   0   3.72647e-33   0   0.991021   0.787553   1.49688e-33   0   1   0   2.39288e-32   0   4.05867   0.0216862   0   1.25118e-31   0   0.978314   0   4.19099   0   3.6602e-34   0   1   0   2.52557e-31   10.0842   0   0.991021   0   3.91111e-34   0   0.00897892   10.1317   0.978314   0   4.16919e-34   0   0.0216862   0   
32   0.683659   0   0.0113903   0   1.54555e-32   0   0.98861   0.787553   8.69891e-34   0   1   0   2.4015e-33   0   4.02306   0.0272303   0   5.58274e-32   0   0.97277   0   4.19099   0   3.72137e-34   0   1   0   3.3347e-33   10.1073   0   0.98861   0   3.06631e-34   0   0.0113903   10.1673   0.97277   0   3.35683e-34   0   0.0272303   0   
33   0.658827   0   0.0139519   0   1.19779e-32   0   0.986048   0.787553   1.67815e-33   0   1   0   4.90313e-32   0   3.98511   0.0329997   0   6.67858e-32   0   0.967   0   4.19099   0   0   0   1   0   2.77334e-32   10.1322   0   0.986048   0   1.69479e-34   0   0.0139519   10.2053   0.967   0   1.46461e-34   0   0.0329997   0   
34   0.632748   0   0.0166132   0   3.98473e-33   0   0.983387   0.787553   2.37618e-33   0   1   0   9.85119e-32   0   3.94554   0.0388675   0   1.27713e-31   0   0.961133   0   4.19099   0   1.62111e-34   0   1   0   7.10416e-32   10.1582   0   0.983387   0   2.89747e-34   0   0.0166132   10.2448   0.961133   0   7.47086e-34   0   0.0388675   0   
35   0.605887   0   0.0193242   0   1.77419e-32   0   0.980676   0.787553   3.61835e-33   0   1   0   5.42134e-32   0   3.90506   0.0447178   0   1.2805e-31   0   0.955282   0   4.19099   0   9.28288e-34   0   1   0   3.9909e-32   10.1851   0   0.980676   0   4.11509e-34   0   0.0193242   10.2853   0.955282   0   3.75819e-34   0   0.0447178   0   
36   0.578712   0   0.022036   0   1.85047e-32   0   0.977964   0.787553   1.94623e-33   0   1   0   1.69985e-33   0   3.86441   0.0504471   0   6.60134e-32   0   0.949553   0   4.19099   0   1.8759e-33   0   1   0   1.09225e-32   10.2123   0   0.977964   0   7.33489e-34   0   0.022036   10.326   0.949553   0   4.11584e-34   0   0.0504471   0   
37   0.55169   0   0.0247024   0   8.20998e-33   0   0.975298   0.787553   3.29401e-33   0   1   0   1.63891e-32   0   3.82426   0.0559655   0   1.20872e-31   0   0.944035   0   4.19099   0   9.20335e-34   0   1   0   9.6672e-32   10.2393   0   0.975298   0   4.91816e-34   0   0.0247024   10.3661   0.944035   0   9.05566e-34   0   0.0559655   0   
38   0.525276   0   0.0272802   0   8.99699e-33   0   0.97272   0.787553   5.97344e-34   0   1   0   2.16603e-32   0   3.78527   0.061196   0   9.16368e-33   0   0.938804   0   4.19099   0   1.0013e-33   0   1   0   9.87916e-32   10.2657   0   0.97272   0   4.95706e-34   0   0.0272802   10.4051   0.938804   0   1.48972e-34   0   0.061196   0   
39   0.499909   0   0.0297297   0   1.59215e-32   0   0.97027   0.787553   3.75493e-34   0   1   0   2.68489e-32   0   3.74805   0.0660746   0   4.01841e-33   0   0.933925   0   4.19099   0   2.68938e-34   0   1   0   8.96218e-32   10.2911   0   0.97027   0   6.80989e-35   0   0.0297297   10.4423   0.933925   0   1.57833e-34   0   0.0660746   0   
40   0.476004   0   0.0320149   0   6.86268e-33   0   0.967985   0.787553   4.60137e-33   0   1   0   2.21401e-32   0   3.71319   0.0705483   0   1.32527e-31   0   0.929452   0   4.19099   0   1.42885e-33   0   1   0   1.82842e-31   10.315   0   0.967985   0   6.76795e-34   0   0.0320149   10.4772   0.929452   0   1.14213e-33   0   0.0705483   0   
41   0.453945   0   0.0341039   0   1.78459e-33   0   0.965896   0.787553   1.38822e-32   0   1   0   1.18064e-32   0   3.68118   0.0745746   0   3.72561e-31   0   0.925425   0   4.19099   0   3.7589e-34   0   1   0   1.58547e-31   10.3371   0   0.965896   0   3.64463e-34   0   0.0341039   10.5092   0.925425   0   2.82309e-33   0   0.0745746   0   
42   0.434083   0   0.035969   0   1.6255e-32   0   0.964031   0.787553   1.34829e-33   0   1   0   3.35152e-32   0   3.65249   0.0781194   0   3.27835e-32   0   0.921881   0   4.19099   0   1.33322e-33   0   1   0   4.72559e-32   10.3569   0   0.964031   0   4.08344e-34   0   0.035969   10.5379   0.921881   0   4.50051e-34   0   0.0781194   0   
43   0.41673   0   0.0375864   0   2.29058e-32   0   0.962414   0.787553   2.06505e-33   0   1   0   2.87058e-32   0   3.62753   0.0811563   0   2.80001e-32   0   0.918844   0   4.19099   0   1.62347e-33   0   1   0   1.24041e-31   10.3743   0   0.962414   0   3.4644e-34   0   0.0375864   10.5628   0.918844   0   3.89404e-35   0   0.0811563   0   
44   0.402155   0   0.0389361   0   2.69114e-33   0   0.961064   0.787553   2.56346e-34   0   1   0   1.11049e-32   0   3.60664   0.0836649   0   9.88118e-33   0   0.916335   0   4.19099   0   4.17104e-34   0   1   0   3.05856e-32   10.3888   0   0.961064   0   3.50125e-34   0   0.0389361   10.5837   0.916335   0   3.86054e-34   0   0.0836649   0   
45   0.390582   0   0.0400022   0   5.65261e-33   0   0.959998   0.787553   8.15246e-34   0   1   0   1.79817e-32   0   3.59009   0.08563   0   1.06752e-32   0   0.91437   0   4.19099   0   3.40663e-34   0   1   0   4.8852e-33   10.4004   0   0.959998   0   2.41916e-34   0   0.0400022   10.6003   0.91437   0   1.67522e-34   0   0.08563   0   
46   0.382188   0   0.0407724   0   1.37672e-32   0   0.959228   0.787553   3.7557e-33   0   1   0   8.51409e-32   0   3.57812   0.0870409   0   6.10869e-32   0   0.912959   0   4.19099   0   3.4564e-34   0   1   0   6.45038e-32   10.4088   0   0.959228   0   2.92062e-35   0   0.0407724   10.6123   0.912959   0   2.59925e-34   0   0.0870409   0   
47   0.377101   0   0.041238   0   3.61022e-33   0   0.958762   0.787553   1.63891e-33   0   1   0   3.49226e-32   0   3.57087   0.0878903   0   2.51809e-32   0   0.91211   0   4.19099   0   0   0   1   0   1.54074e-32   10.4139   0   0.958762   0   1.55282e-34   0   0.041238   10.6195   0.91211   0   2.14634e-34   0   0.0878903   0   
48   0.375396   0   0.0413937   0   8.05981e-33   0   0.958606   0.787553   1.09889e-33   0   1   0   8.36528e-33   0   3.56844   0.0881738   0   9.44396e-33   0   0.911826   0   4.19099   0   3.59188e-34   0   1   0   6.11165e-33   10.4156   0   0.958606   0   1.79396e-34   0   0.0413937   10.6219   0.911826   0   2.02105e-35   0   0.0881738   0   
49   0.354554   0   0.0413876   0   0.00540422   0   0.953208   0.757684   0.00121677   0   0.989541   0   0.00924213   0   3.59808   0.0868666   0   0.0104358   0   0.902698   0   4.21093   0   1.01089e-05   0   0.994451   0   0.00553899   10.4165   0   0.958602   0   0.000144882   0   0.0412528   10.6222   0.911917   0   2.31114e-05   0   0.0880602   0   
50   0.293645   0   0.0413811   0   0.0205564   0   0.938063   0.672083   0.00446138   0   0.961863   0   0.0336757   0   3.68301   0.0833516   0   0.0380443   0   0.878604   0   4.26914   0   3.1717e-05   0   0.978863   0   0.0211054   10.4192   0   0.958587   0   0.00058072   0   0.0408321   10.6228   0.912187   0   9.26946e-05   0   0.0877203   0   
51   0.197067   0   0.0414028   0   0.0427908   0   0.915806   0.540726   0.00884517   0   0.925011   0   0.0661434   0   3.81323   0.0785207   0   0.0747791   0   0.8467   0   4.36123   0   4.6156e-05   0   0.955898   0   0.0440556   10.4237   0   0.958551   0   0.00131095   0   0.040138   10.624   0.912634   0   0.00020948   0   0.0871564   0   
52   0.0708879   0   0.0414815   0   0.0689497   0   0.889569   0.375488   0.0135498   0   0.886274   0   0.100177   0   3.97689   0.0731973   0   0.113352   0   0.813451   0   4.48115   0   4.02413e-05   0   0.928709   0   0.0712503   10.4299   0   0.958478   0   0.00234082   0   0.0391809   10.6256   0.913253   0   0.000374628   0   0.0863725   0   
53   -0.0783104   0   0.0416351   0   0.0963146   0   0.86205   0.187171   0.0180742   0   0.849958   0   0.131968   0   4.16319   0.0678903   0   0.149453   0   0.782657   0   4.62235   0   1.74764e-05   0   0.900009   0   0.0999738   10.4379   0   0.958347   0   0.00367665   0   0.037976   10.6276   0.914036   0   0.000589641   0   0.0853748   0   
54   -0.244254   0   0.0418676   0   0.122996   0   0.835136   -0.0155483   0.0221945   0   0.817827   0   0.159979   0   4.36345   0.0628334   0   0.181317   0   0.75585   0   4.7786   0   1.27411e-07   0   0.871679   0   0.128321   10.4476   0   0.958132   0   0.00532479   0   0.036543   10.63   0.914972   0   0.000856226   0   0.0841716   0   
55   -0.421384   0   0.0421717   0   0.147901   0   0.809927   -0.226043   0.0258498   0   0.790194   0   0.183957   0   4.57108   0.0580999   0   0.20863   0   0.73327   0   4.94439   0   2.48912e-05   0   0.844809   0   0.155166   10.459   0   0.957803   0   0.0072902   0   0.0349064   10.6329   0.91605   0   0.00117611   0   0.0827736   0   
56   -0.60496   0   0.0425339   0   0.170519   0   0.786947   -0.439296   0.0290552   0   0.766727   0   0.204218   0   4.78106   0.0536904   0   0.231722   0   0.714587   0   5.11508   0   0.000136437   0   0.819906   0   0.179957   10.4719   0   0.95733   0   0.00957476   0   0.0330956   10.6362   0.917254   0   0.0015508   0   0.0811948   0   
57   -0.79101   0   0.0429384   0   0.190711   0   0.766351   -0.651459   0.031854   0   0.746887   0   0.221259   0   4.98958   0.0495796   0   0.251131   0   0.699289   0   5.28679   0   0.000381256   0   0.797114   0   0.202505   10.4862   0   0.95668   0   0.0121752   0   0.0311445   10.6398   0.918566   0   0.00198126   0   0.0794523   0   
58   -0.97622   0   0.0433697   0   0.208541   0   0.748089   -0.859511   0.0342955   0   0.730121   0   0.235583   0   5.19364   0.0457394   0   0.267411   0   0.68685   0   5.45636   0   0.000802457   0   0.776377   0   0.22282   10.5018   0   0.955828   0   0.0150811   0   0.0290911   10.6438   0.919965   0   0.00246754   0   0.0775673   0   
59   -1.15782   0   0.0438134   0   0.224175   0   0.732011   -1.06102   0.0364257   0   0.715934   0   0.24764   0   5.39086   0.0421474   0   0.281058   0   0.676795   0   5.62119   0   0.00143537   0   0.757553   0   0.241012   10.5186   0   0.954751   0   0.0182721   0   0.0269767   10.6481   0.921427   0   0.00300834   0   0.0755647   0   
60   -1.33346   0   0.0442575   0   0.237814   0   0.717929   -1.25399   0.0382847   0   0.703908   0   0.257807   0   5.57928   0.0387896   0   0.292491   0   0.668719   0   5.77916   0   0.00230374   0   0.74047   0   0.257226   10.5363   0   0.953439   0   0.0217165   0   0.0248447   10.6526   0.922926   0   0.00360051   0   0.0734738   0   
61   -1.50115   0   0.0446915   0   0.249662   0   0.705646   -1.43673   0.0399061   0   0.693702   0   0.266392   0   5.75729   0.0356603   0   0.302059   0   0.66228   0   5.92855   0   0.00341641   0   0.724969   0   0.271615   10.5546   0   0.951892   0   0.0253689   0   0.022739   10.6574   0.924434   0   0.00423855   0   0.0713279   0   
62   -1.65921   0   0.0451073   0   0.259912   0   0.694981   -1.6078   0.0413177   0   0.685039   0   0.273643   0   5.92352   0.0327609   0   0.310046   0   0.657193   0   6.06796   0   0.0047648   0   0.710918   0   0.284317   10.5732   0   0.950128   0   0.0291698   0   0.0207023   10.6622   0.925921   0   0.00491418   0   0.0691644   0   
63   -1.80616   0   0.045498   0   0.268735   0   0.685767   -1.76598   0.0425421   0   0.677698   0   0.27976   0   6.07682   0.0300976   0   0.316686   0   0.653216   0   6.19628   0   0.00632129   0   0.698219   0   0.295459   10.5919   0   0.948181   0   0.0330452   0   0.0187741   10.6671   0.92736   0   0.00561595   0   0.0670237   0   
64   -1.94074   0   0.0458582   0   0.27628   0   0.677861   -1.91019   0.0435978   0   0.671498   0   0.284904   0   6.21623   0.0276801   0   0.322172   0   0.650147   0   6.31262   0   0.00803914   0   0.686811   0   0.305149   10.6101   0   0.946103   0   0.0369081   0   0.0169893   10.6719   0.928722   0   0.00632908   0   0.0649488   0   
65   -2.06188   0   0.0461838   0   0.282674   0   0.671142   -2.03951   0.0444998   0   0.6663   0   0.289201   0   6.34093   0.0255197   0   0.326665   0   0.647815   0   6.41633   0   0.00985394   0   0.676665   0   0.313481   10.6275   0   0.943962   0   0.0406612   0   0.0153765   10.6765   0.929981   0   0.00703559   0   0.0629839   0   
66   -2.16866   0   0.0464713   0   0.288022   0   0.665507   -2.15314   0.0452604   0   0.661987   0   0.292753   0   6.45024   0.0236272   0   0.330298   0   0.646075   0   6.50689   0   0.011687   0   0.667777   0   0.320536   10.6438   0   0.941842   0   0.0442007   0   0.0139576   10.6808   0.931112   0   0.00771475   0   0.0611728   0   
67   -2.26028   0   0.0467182   0   0.292412   0   0.66087   -2.2504   0.0458892   0   0.658471   0   0.29564   0   6.54359   0.0220125   0   0.333185   0   0.644803   0   6.58393   0   0.0134501   0   0.660167   0   0.326382   10.6583   0   0.939832   0   0.0474207   0   0.0127476   10.6847   0.932098   0   0.00834392   0   0.0595578   0   
68   -2.33611   0   0.0469226   0   0.295913   0   0.657164   -2.33074   0.046394   0   0.655681   0   0.297925   0   6.62054   0.0206835   0   0.335419   0   0.643898   0   6.64721   0   0.015052   0   0.653867   0   0.331081   10.6709   0   0.938025   0   0.0502194   0   0.0117552   10.6881   0.932923   0   0.00889981   0   0.0581777   0   
69   -2.39562   0   0.0470829   0   0.298582   0   0.654335   -2.39369   0.0467807   0   0.653564   0   0.299656   0   6.68073   0.0196456   0   0.337076   0   0.643278   0   6.69655   0   0.0164052   0   0.648914   0   0.334681   10.6811   0   0.936512   0   0.0525038   0   0.0109842   10.6909   0.933574   0   0.00936   0   0.0570664   0   
70   -2.43891   0.0470539   0   0.652078   0   0.300868   0   -2.43841   0   0.0471981   0   0.30046   0   0.652342   6.72391   0.0189025   0   0.338217   0   0.64288   0   6.73185   0   0.0174327   0   0.645344   0   0.337223   10.6885   0   0.935369   0   0.0541957   0   0.0104351   10.6929   0.934044   0   0.00970464   0   0.0562518   0   
71   -2.46614   0.0472167   0   0.651197   0   0.301586   0   -2.46419   0   0.0472675   0   0.301575   0   0.651157   6.74989   0.0184561   0   0.338885   0   0.642659   0   6.75305   0   0.0180747   0   0.643189   0   0.338736   10.6931   0   0.934658   0   0.0552356   0   0.0101066   10.6942   0.934327   0   0.00991812   0   0.0557546   0   
72   -2.47524   0.0472707   0   0.650906   0   0.301824   0   -2.47281   0   0.0472907   0   0.301945   0   0.650764   6.75856   0.0183072   0   0.339104   0   0.642589   0   6.76012   0   0.018293   0   0.642468   0   0.339239   10.6946   0.934422   0   0.00999042   0   0.0555874   0   10.6947   0   0.934416   0   0.0555864   0   0.00999728   
73   -2.46662   0.0472475   0   0.651299   0   0.301454   0   -2.46371   0   0.0472367   0   0.301708   0   0.651056   6.75145   0   0.0184419   0   0.642539   0   0.339019   6.75149   0.0180888   0   0.338602   0   0.64331   0   10.6931   0.934664   0   0.0100996   0   0.0552367   0   10.6943   0   0.934321   0   0.0557537   0   0.00992491   
74   -2.44084   0.0471781   0   0.652484   0   0.300338   0   -2.43648   0   0.047074   0   0.30099   0   0.651936   6.72547   0   0.0188884   0   0.642759   0   0.338353   6.73029   0.0174468   0   0.337088   0   0.645465   0   10.6885   0.935375   0   0.0104279   0   0.054197   0   10.693   0   0.934038   0   0.0562512   0   0.00971125   
75   -2.39805   0.0470628   0   0.654477   0   0.29846   0   -2.39126   0   0.0468009   0   0.299779   0   0.65342   6.68229   0   0.0196316   0   0.643155   0   0.337214   6.695   0.0164192   0   0.334546   0   0.649035   0   10.681   0.936518   0   0.0109766   0   0.0525055   0   10.691   0   0.933568   0   0.0570662   0   0.00936629   
76   -2.33855   0.0469025   0   0.657308   0   0.29579   0   -2.3283   0   0.0464143   0   0.298049   0   0.655536   6.62209   0   0.0206695   0   0.643773   0   0.335558   6.64567   0.015066   0   0.330945   0   0.653989   0   10.6708   0.938032   0   0.0117469   0   0.0502216   0   10.6882   0   0.932916   0   0.0581781   0   0.0089057   
77   -2.26274   0.0466981   0   0.661015   0   0.292287   0   -2.24795   0   0.0459097   0   0.295766   0   0.658324   6.54514   0   0.0219986   0   0.644675   0   0.333327   6.5824   0.0134638   0   0.326247   0   0.66029   0   10.6583   0.939838   0   0.0127385   0   0.0474234   0   10.6848   0   0.932092   0   0.059559   0   0.00834933   
78   -2.17113   0.0464511   0   0.665653   0   0.287896   0   -2.15068   0   0.0452811   0   0.292881   0   0.661837   6.45177   0   0.0236134   0   0.645944   0   0.330443   6.50537   0.0117004   0   0.320399   0   0.6679   0   10.6437   0.941849   0   0.0139475   0   0.0442039   0   10.6809   0   0.931106   0   0.0611749   0   0.00771963   
79   -2.06437   0.0461635   0   0.67129   0   0.282546   0   -2.03703   0   0.0445208   0   0.289332   0   0.666147   6.34246   0   0.025506   0   0.647681   0   0.326813   6.41483   0.00986679   0   0.313344   0   0.676789   0   10.6275   0.94397   0   0.0153653   0   0.040665   0   10.6766   0   0.929973   0   0.0629869   0   0.00703992   
80   -1.94325   0.0458378   0   0.678012   0   0.27615   0   -1.9077   0   0.0436191   0   0.285039   0   0.671342   6.21775   0   0.0276666   0   0.650009   0   0.322325   6.31115   0.00805125   0   0.305011   0   0.686937   0   10.61   0.946111   0   0.0169769   0   0.0369122   0   10.6719   0   0.928714   0   0.0649528   0   0.00633286   
81   -1.80868   0.0454775   0   0.685919   0   0.268603   0   -1.76347   0   0.0425637   0   0.279899   0   0.677537   6.07832   0   0.0300842   0   0.653072   0   0.316843   6.19483   0.00633246   0   0.29532   0   0.698347   0   10.5918   0.94819   0   0.0187604   0   0.0330496   0   10.6671   0   0.927352   0   0.0670288   0   0.0056192   
82   -1.66176   0.0450867   0   0.695135   0   0.259778   0   -1.60527   0   0.0413397   0   0.273786   0   0.684875   5.92499   0   0.0327477   0   0.657044   0   0.310209   6.06654   0.00477484   0   0.284177   0   0.711048   0   10.5731   0.950138   0   0.0206872   0   0.0291743   0   10.6623   0   0.925913   0   0.0691705   0   0.00491693   
83   -1.50374   0.0446708   0   0.705803   0   0.249526   0   -1.43417   0   0.0399286   0   0.266539   0   0.693532   5.75874   0   0.0356473   0   0.662126   0   0.302227   5.92717   0.00342517   0   0.271474   0   0.725101   0   10.5545   0.951904   0   0.0227225   0   0.0253735   0   10.6574   0   0.924424   0   0.0713351   0   0.00424083   
84   -1.33608   0.0442365   0   0.718088   0   0.237676   0   -1.2514   0   0.0383076   0   0.25796   0   0.703733   5.5807   0   0.0387767   0   0.668558   0   0.292665   5.77782   0.00231109   0   0.257086   0   0.740603   0   10.5362   0.953452   0   0.0248268   0   0.0217209   0   10.6527   0   0.922916   0   0.0734819   0   0.00360237   
85   -1.16048   0.0437923   0   0.732172   0   0.224036   0   -1.0584   0   0.036449   0   0.247799   0   0.715752   5.39224   0   0.0421346   0   0.676628   0   0.281238   5.61989   0.00144127   0   0.240871   0   0.757688   0   10.5185   0.954766   0   0.0269574   0   0.0182762   0   10.6481   0   0.921416   0   0.0755738   0   0.00300984   
86   -0.978925   0.0433483   0   0.74825   0   0.208402   0   -0.856851   0   0.0343192   0   0.235747   0   0.729934   5.19499   0   0.0457268   0   0.686676   0   0.267597   5.45511   0.000806895   0   0.22268   0   0.776513   0   10.5017   0.955845   0   0.0290704   0   0.0150848   0   10.6439   0   0.919954   0   0.0775773   0   0.00246873   
87   -0.793767   0.0429168   0   0.766511   0   0.190573   0   -0.64875   0   0.0318781   0   0.221428   0   0.746694   4.99088   0   0.0495672   0   0.699109   0   0.251324   5.2856   0.000384309   0   0.202367   0   0.797249   0   10.4861   0.956699   0   0.0311226   0   0.0121785   0   10.6399   0   0.918555   0   0.0794631   0   0.00198218   
88   -0.607775   0.0425119   0   0.787104   0   0.170384   0   -0.436529   0   0.0290794   0   0.204391   0   0.766529   4.7823   0   0.0536783   0   0.714402   0   0.231919   5.11395   0.00013824   0   0.179823   0   0.820038   0   10.4718   0.95735   0   0.0330726   0   0.0095775   0   10.6362   0   0.917242   0   0.0812063   0   0.00155149   
89   -0.424265   0.0421492   0   0.810078   0   0.147772   0   -0.223208   0   0.0258738   0   0.184132   0   0.789994   4.57225   0   0.0580885   0   0.733082   0   0.208829   4.94334   2.56425e-05   0   0.155039   0   0.844935   0   10.4589   0.957825   0   0.0348824   0   0.00729242   0   10.6329   0   0.916038   0   0.0827857   0   0.00117662   
90   -0.247207   0.0418445   0   0.835277   0   0.122879   0   -0.0126331   0   0.0222178   0   0.160152   0   0.817631   4.36455   0   0.062823   0   0.755664   0   0.181513   4.77762   8.16979e-08   0   0.128205   0   0.871795   0   10.4475   0.958155   0   0.0365181   0   0.00532649   0   10.6301   0   0.914959   0   0.0841842   0   0.000856586   
91   -0.0813391   0.0416113   0   0.862176   0   0.0962131   0   0.19018   0   0.0180958   0   0.132132   0   0.849772   4.16418   0   0.067882   0   0.78248   0   0.149638   4.62145   1.69313e-05   0   0.099874   0   0.900109   0   10.4378   0.958372   0   0.0379504   0   0.00367788   0   10.6276   0   0.914022   0   0.0853879   0   0.000589883   
92   0.0677813   0.0414568   0   0.889673   0   0.0688698   0   0.378602   0   0.0135685   0   0.10032   0   0.886112   3.97778   0   0.0731923   0   0.813294   0   0.113513   4.48033   3.95087e-05   0   0.0711719   0   0.928789   0   10.4298   0.958504   0   0.0391547   0   0.00234162   0   10.6256   0   0.913239   0   0.086386   0   0.000374779   
93   0.193886   0.0413772   0   0.915886   0   0.0427368   0   0.543953   0   0.00885912   0   0.066252   0   0.924889   3.81401   0   0.0785205   0   0.846578   0   0.0749015   4.36049   4.55124e-05   0   0.0440027   0   0.955952   0   10.4236   0.958577   0   0.0401113   0   0.00131141   0   10.624   0   0.91262   0   0.0871701   0   0.000209563   
94   0.290402   0.0413548   0   0.938117   0   0.0205285   0   0.675416   0   0.00446931   0   0.0337382   0   0.961793   3.68368   0   0.0833576   0   0.878528   0   0.0381148   4.26847   3.13347e-05   0   0.0210781   0   0.978891   0   10.4191   0.958614   0   0.0408052   0   0.000580928   0   10.6229   0   0.912173   0   0.0877342   0   9.27307e-05   
95   0.351267   0.0413606   0   0.953243   0   0.00539655   0   0.761097   0   0.00121913   0   0.00926085   0   0.98952   3.59868   0   0.0868783   0   0.902665   0   0.0104569   4.2103   9.9957e-06   0   0.00553149   0   0.994459   0   10.4164   0.958629   0   0.0412257   0   0.000144934   0   10.6222   0   0.911903   0   0.0880743   0   2.31203e-05   
96   0.372094   0.0413665   0   0.958633   0   3.5943e-33   0   0.790998   0   1.10109e-33   0   8.38276e-33   0   1   3.569   0   0.0881879   0   0.911812   0   9.46364e-33   4.19037   0   0   3.7494e-33   0   1   0   10.4155   0.958633   0   0.0413665   0   1.551e-34   0   10.622   0   0.911812   0   0.0881879   0   2.02183e-35   
97   0.373798   0.0412108   0   0.958789   0   3.61033e-33   0   0.790998   0   6.2633e-34   0   3.59096e-33   0   1   3.57143   0   0.0879043   0   0.912096   0   4.138e-33   4.19037   0   0   3.76551e-33   0   1   0   10.4138   0.958789   0   0.0412108   0   1.5518e-34   0   10.6196   0   0.912096   0   0.0879043   0   7.92894e-35   
98   0.378884   0.0407455   0   0.959254   0   3.65897e-33   0   0.790998   0   1.87196e-33   0   1.946e-32   0   1   3.57868   0   0.0870549   0   0.912945   0   2.13295e-32   4.19037   0   0   3.81439e-33   0   1   0   10.4087   0.959254   0   0.0407455   0   1.55419e-34   0   10.6123   0   0.912945   0   0.0870549   0   2.43759e-36   
99   0.387276   0.0399758   0   0.960024   0   3.74193e-33   0   0.790998   0   9.53089e-34   0   6.89798e-33   0   1   3.59066   0   0.0856438   0   0.914356   0   7.8198e-33   4.19037   0   0   3.89775e-33   0   1   0   10.4003   0.960024   0   0.0399758   0   1.55816e-34   0   10.6003   0   0.914356   0   0.0856438   0   3.12723e-35   
100   0.398845   0.0389103   0   0.96109   0   3.86223e-33   0   0.790998   0   6.36525e-34   0   3.60134e-33   0   1   3.6072   0   0.0836784   0   0.916322   0   4.16922e-33   4.19037   0   0   4.01859e-33   0   1   0   10.3887   0.96109   0   0.0389103   0   1.56365e-34   0   10.5838   0   0.916322   0   0.0836784   0   6.86495e-35   
101   0.413415   0.0375613   0   0.962439   0   4.02438e-33   0   0.790998   0   1.52114e-33   0   1.56212e-32   0   1   3.6281   0   0.0811695   0   0.91883   0   1.71391e-32   4.19037   0   0   4.18144e-33   0   1   0   10.3741   0.962439   0   0.0375613   0   1.5706e-34   0   10.5629   0   0.91883   0   0.0811695   0   3.16147e-36   
102   0.430763   0.035945   0   0.964055   0   4.2348e-33   0   0.790998   0   8.44719e-34   0   6.53738e-33   0   1   3.65306   0   0.0781323   0   0.921868   0   7.33796e-33   4.19037   0   0   4.39269e-33   0   1   0   10.3568   0.964055   0   0.035945   0   1.57895e-34   0   10.5379   0   0.921868   0   0.0781323   0   4.41374e-35   
103   0.450618   0.034081   0   0.965919   0   4.50237e-33   0   0.790998   0   4.58388e-34   0   1.89609e-33   0   1   3.68175   0   0.0745871   0   0.925413   0   2.26563e-33   4.19037   0   0   4.66122e-33   0   1   0   10.3369   0.965919   0   0.034081   0   1.58859e-34   0   10.5092   0   0.925413   0   0.0745871   0   8.88453e-35   
104   0.47267   0.0319932   0   0.968007   0   3.14158e-33   0   0.790998   0   2.0106e-34   0   4.73183e-33   0   1   3.71376   0   0.0705603   0   0.92944   0   4.67302e-33   4.19037   9.29419e-34   0   2.76884e-33   0   1   0   10.3149   0.968007   0   0.0319932   0   5.56673e-34   0   10.4772   0   0.92944   0   0.0705603   0   2.59872e-34   
105   0.496567   0.0297094   0   0.970291   0   5.26224e-33   0   0.790998   0   5.5815e-34   0   3.32549e-33   0   1   3.74863   0   0.066086   0   0.933914   0   3.81637e-33   4.19037   0   0   5.42337e-33   0   1   0   10.291   0.970291   0   0.0297094   0   1.61125e-34   0   10.4424   0   0.933914   0   0.066086   0   6.72626e-35   
106   0.521926   0.0272615   0   0.972739   0   5.79461e-33   0   0.790998   0   5.32096e-34   0   3.23931e-33   0   1   3.78585   0   0.0612067   0   0.938793   0   3.70164e-33   4.19037   0   0   5.95701e-33   0   1   0   10.2656   0.972739   0   0.0272615   0   1.62397e-34   0   10.4051   0   0.938793   0   0.0612067   0   6.97711e-35   
107   0.548331   0.0246853   0   0.975315   0   6.46928e-33   0   0.790998   0   6.53565e-34   0   5.92277e-33   0   1   3.82484   0   0.0559754   0   0.944025   0   6.52127e-33   4.19037   0   0   6.63302e-33   0   1   0   10.2392   0.975315   0   0.0246853   0   1.63738e-34   0   10.3662   0   0.944025   0   0.0559754   0   5.50671e-35   
108   0.575344   0.0220206   0   0.977979   0   7.33367e-33   0   0.790998   0   4.06199e-34   0   2.07402e-33   0   1   3.86499   0   0.0504563   0   0.949544   0   2.38648e-33   4.19037   0   0   7.4988e-33   0   1   0   10.2122   0.977979   0   0.0220206   0   1.65128e-34   0   10.326   0   0.949544   0   0.0504563   0   9.37346e-35   
109   0.60251   0.0193105   0   0.980689   0   8.45798e-33   0   0.790998   0   4.84017e-34   0   3.69678e-33   0   1   3.90565   0   0.044726   0   0.955274   0   4.10591e-33   4.19037   0   0   8.62453e-33   0   1   0   10.185   0.980689   0   0.0193105   0   1.66544e-34   0   10.2853   0   0.955274   0   0.044726   0   7.48934e-35   
110   0.629361   0.0166014   0   0.983399   0   9.9494e-33   0   0.790998   0   4.13326e-34   0   2.85521e-33   0   1   3.94613   0   0.0388748   0   0.961125   0   3.17899e-33   4.19037   0   0   1.01174e-32   0   1   0   10.1582   0.983399   0   0.0166014   0   1.67963e-34   0   10.2449   0   0.961125   0   0.0388748   0   8.95441e-35   
111   0.65543   0.0139419   0   0.986058   0   2.31594e-33   0   0.790998   0   3.82836e-34   0   2.75833e-33   0   1   3.98571   0   0.033006   0   0.966994   0   3.04438e-33   4.19037   1.39376e-34   0   2.47993e-33   0   1   0   10.1321   0.986058   0   0.0139419   0   3.03358e-34   0   10.2053   0   0.966994   0   0.033006   0   9.67855e-35   
112   0.680254   0.011382   0   0.988618   0   2.3117e-33   0   0.790998   0   3.53008e-34   0   2.66422e-33   0   1   4.02367   0   0.0272357   0   0.972764   0   2.91242e-33   4.19037   1.6671e-34   0   2.46396e-33   0   1   0   10.1073   0.988618   0   0.011382   0   3.1897e-34   0   10.1673   0   0.972764   0   0.0272357   0   1.04809e-34   
113   0.703386   0.00897238   0   0.991028   0   1.20483e-33   0   0.790998   0   2.75081e-34   0   1.34739e-33   0   1   4.05928   0   0.0216905   0   0.97831   0   1.49196e-33   4.19037   2.60187e-34   0   1.3095e-33   0   1   0   10.0842   0.991028   0   0.00897238   0   3.64855e-34   0   10.1317   0   0.97831   0   0.0216905   0   1.30511e-34   
114   0.7244   0.00676252   0   0.993237   0   1.19895e-33   0   0.790998   0   2.60556e-34   0   1.30419e-33   0   1   4.09184   0   0.0165047   0   0.983495   0   1.4291e-33   4.19037   2.7865e-34   0   1.29492e-33   0   1   0   10.0632   0.993237   0   0.00676252   0   3.74623e-34   0   10.0991   0   0.983495   0   0.0165047   0   1.35647e-34   
115   0.742907   0.00479976   0   0.9952   0   6.05677e-36   0   0.790998   0   1.81609e-34   0   6.49292e-36   0   1   4.1207   0   0.0118153   0   0.988185   0   1.59829e-35   4.19037   4.26338e-34   0   1.52172e-35   0   1   0   10.0446   0.9952   0   0.00479976   0   4.35498e-34   0   10.0703   0   0.988185   0   0.0118153   0   1.72119e-34   
116   0.758559   0.00312761   0   0.996872   0   3.98278e-36   0   0.790998   0   1.79913e-34   0   4.17021e-36   0   1   4.14523   0   0.00775623   0   0.992244   0   1.03392e-35   4.19037   4.32545e-34   0   1.00094e-35   0   1   0   10.029   0.996872   0   0.00312761   0   4.38572e-34   0   10.0458   0   0.992244   0   0.00775623   0   1.73744e-34   
117   0.771057   0.00178423   0   0.998216   0   2.28873e-36   0   0.790998   0   1.78579e-34   0   2.35183e-36   0   1   4.1649   0   0.00445141   0   0.995549   0   5.86481e-36   4.19037   4.37585e-34   0   5.75328e-36   0   1   0   10.0165   0.998216   0   0.00178423   0   4.41049e-34   0   10.0261   0   0.995549   0   0.00445141   0   1.75066e-34   
118   0.780162   0.000801052   0   0.999199   0   1.03305e-36   0   0.790998   0   1.77619e-34   0   1.0471e-36   0   1   4.17928   0   0.00200738   0   0.997993   0   2.62235e-36   4.19037   4.41303e-34   0   2.59725e-36   0   1   0   10.0074   0.999199   0   0.000801052   0   4.42867e-34   0   10.0117   0   0.997993   0   0.00200738   0   1.76044e-34   
119   0.785697   0.000201486   0   0.999799   0   2.60684e-37   0   0.790998   0   1.7704e-34   0   2.62043e-37   0   1   4.18805   0   0.000506283   0   0.999494   0   6.57977e-37   4.19037   4.43582e-34   0   6.5547e-37   0   1   0   10.0019   0.999799   0   0.000201486   0   4.43977e-34   0   10.0029   0   0.999494   0   0.000506283   0   1.76644e-34   
120   0.787553   0   0   1   0   1.38667e-32   0   0.790998   0   0   0   3.08149e-33   0   1   4.19037   0   0   2.61926e-32   0   1   0   4.19099   0   0   0   1   0   1.38667e-32   10   0   1   0   0   0   0   10   1   0   0   0   0   0   
121   0.785591   0.000203727   0   0.999765   0   3.10598e-05   0   0.789034   0   0.000203881   0   3.11137e-05   0   0.999765   4.18755   0.000500233   0   3.47105e-05   0   0.999465   0   4.18817   0   0.000500334   0   0.999465   0   3.47694e-05   10.0048   0.999296   0   0.000200076   0   0.000503884   0   10.0048   0   0.999296   0   0.00050399   0   0.000200225   
122   0.778487   0.000836248   0   0.998672   0   0.000491647   0   0.781927   0   0.000836903   0   0.000492499   0   0.998671   4.18054   0.00191427   0   0.000548805   0   0.997537   0   4.18116   0   0.00191459   0   0.997536   0   0.000549733   10.0189   0.997249   0   0.000779091   0   0.00197143   0   10.0189   0   0.997249   0   0.00197183   0   0.000779669   
123   0.762727   0.00195643   0   0.995608   0   0.00243571   0   0.766158   0   0.00195804   0   0.00243991   0   0.995602   4.17357   0.00400096   0   0.00271434   0   0.993285   0   4.17419   0   0.00400143   0   0.99328   0   0.0027189   10.0416   0.994043   0   0.00167781   0   0.00427959   0   10.0416   0   0.994041   0   0.00428042   0   0.00167905   
124   0.732935   0.00364307   0   0.988943   0   0.00741429   0   0.736346   0   0.00364619   0   0.00742684   0   0.988927   4.17311   0.0064184   0   0.00824674   0   0.985335   0   4.17375   0   0.00641864   0   0.985321   0   0.00826038   10.0719   0.989939   0   0.00281062   0   0.00725086   0   10.0719   0   0.989935   0   0.00725217   0   0.00281266   
125   0.68272   0.00596167   0   0.976979   0   0.0170598   0   0.686096   0   0.00596695   0   0.0170878   0   0.976945   4.18689   0.00880331   0   0.0189411   0   0.972256   0   4.18755   0   0.00880273   0   0.972226   0   0.0189714   10.1083   0.985235   0   0.00408044   0   0.0106845   0   10.1083   0   0.98523   0   0.0106863   0   0.00408337   
126   0.605924   0.00892064   0   0.958617   0   0.0324627   0   0.609245   0   0.00892865   0   0.0325133   0   0.958558   4.22251   0.010858   0   0.0359906   0   0.953151   0   4.22323   0   0.010856   0   0.953099   0   0.0360453   10.1495   0.980221   0   0.0053928   0   0.0143859   0   10.1495   0   0.980215   0   0.014388   0   0.00539662   
127   0.498024   0.0124369   0   0.933962   0   0.0536009   0   0.501273   0   0.0124479   0   0.0536784   0   0.933874   4.28596   0.0124159   0   0.0593717   0   0.928212   0   4.28674   0   0.0124119   0   0.928132   0   0.0594556   10.1939   0.975147   0   0.00666605   0   0.0181867   0   10.194   0   0.97514   0   0.0181891   0   0.00667071   
128   0.357216   0.0163362   0   0.90445   0   0.0792136   0   0.36038   0   0.0163502   0   0.0793178   0   0.904332   4.3804   0.0134572   0   0.087713   0   0.89883   0   4.38126   0   0.0134511   0   0.898723   0   0.0878258   10.2403   0.970207   0   0.00783682   0   0.0219566   0   10.2404   0   0.970199   0   0.0219591   0   0.00784223   
129   0.18475   0.0203941   0   0.872352   0   0.107253   0   0.187821   0   0.0204107   0   0.10738   0   0.872209   4.50579   0.0140714   0   0.118786   0   0.867142   0   4.50673   0   0.0140634   0   0.867013   0   0.118923   10.2874   0.965534   0   0.0088614   0   0.0256042   0   10.2874   0   0.965526   0   0.0256067   0   0.00886746   
130   -0.0155019   0.0243922   0   0.840008   0   0.1356   0   -0.0125253   0   0.0244107   0   0.135742   0   0.839847   4.65929   0.0143956   0   0.150278   0   0.835327   0   4.66032   0   0.014386   0   0.835182   0   0.150432   10.3341   0.961212   0   0.00971422   0   0.0290737   0   10.3342   0   0.961203   0   0.029076   0   0.00972081   
131   -0.237904   0.0281596   0   0.809246   0   0.162594   0   -0.235017   0   0.0281795   0   0.162745   0   0.809076   4.83611   0.0145627   0   0.180369   0   0.805069   0   4.83723   0   0.0145519   0   0.804916   0   0.180532   10.3797   0.957278   0   0.010385   0   0.0323374   0   10.3798   0   0.957269   0   0.0323394   0   0.010392   
132   -0.475919   0.0315874   0   0.781194   0   0.187219   0   -0.473113   0   0.0316081   0   0.187373   0   0.781019   5.03042   0.014676   0   0.207931   0   0.777393   0   5.03161   0   0.0146643   0   0.777237   0   0.208099   10.4234   0.953737   0   0.0108754   0   0.035388   0   10.4235   0   0.953728   0   0.0353897   0   0.0108827   
133   -0.722763   0.0346223   0   0.756361   0   0.209017   0   -0.720029   0   0.0346435   0   0.209171   0   0.756186   5.23595   0.0148041   0   0.232443   0   0.752753   0   5.23721   0   0.0147918   0   0.752598   0   0.232611   10.4647   0.950574   0   0.011196   0   0.0382305   0   10.4648   0   0.950565   0   0.0382318   0   0.0112035   
134   -0.971811   0.0372526   0   0.734836   0   0.227912   0   -0.96914   0   0.0372739   0   0.228063   0   0.734663   5.44648   0.0149869   0   0.253801   0   0.731212   0   5.4478   0   0.0149741   0   0.731061   0   0.253965   10.5033   0.947761   0   0.0113636   0   0.0408759   0   10.5033   0   0.947752   0   0.0408768   0   0.0113712   
135   -1.21682   0.0394925   0   0.716464   0   0.244043   0   -1.2142   0   0.0395138   0   0.24419   0   0.716296   5.65607   0.0152424   0   0.272136   0   0.712621   0   5.65745   0   0.0152292   0   0.712474   0   0.272297   10.5387   0.945265   0   0.0113997   0   0.0433352   0   10.5387   0   0.945257   0   0.0433357   0   0.0114073   
136   -1.45202   0.041371   0   0.70098   0   0.257649   0   -1.44945   0   0.0413922   0   0.257792   0   0.700816   5.85918   0.0155727   0   0.287692   0   0.696735   0   5.8606   0   0.0155594   0   0.696593   0   0.287848   10.5708   0.943056   0   0.0113285   0   0.0456152   0   10.5708   0   0.943048   0   0.0456154   0   0.0113362   
137   -1.67219   0.0429235   0   0.688084   0   0.268992   0   -1.66966   0   0.0429445   0   0.26913   0   0.687925   6.05075   0.0159684   0   0.300739   0   0.683292   0   6.05221   0   0.0159548   0   0.683155   0   0.300891   10.5994   0.941108   0   0.0111765   0   0.0477154   0   10.5994   0   0.941101   0   0.0477153   0   0.011184   
138   -1.87267   0.0441862   0   0.67749   0   0.278323   0   -1.87016   0   0.044207   0   0.278457   0   0.677336   6.22622   0.0164102   0   0.311539   0   0.672051   0   6.22771   0   0.0163965   0   0.671918   0   0.311686   10.6244   0.939404   0   0.0109707   0   0.0496257   0   10.6244   0   0.939396   0   0.0496253   0   0.0109782   
139   -2.04936   0.0451934   0   0.668944   0   0.285862   0   -2.04688   0   0.045214   0   0.285992   0   0.668794   6.38162   0.0168715   0   0.320317   0   0.662811   0   6.38313   0   0.0168576   0   0.662682   0   0.32046   10.6457   0.937935   0   0.0107386   0   0.0513263   0   10.6457   0   0.937928   0   0.0513257   0   0.0107459   
140   -2.19877   0.0459752   0   0.662232   0   0.291793   0   -2.19631   0   0.0459956   0   0.29192   0   0.662085   6.51349   0.0173195   0   0.327262   0   0.655418   0   6.51503   0   0.0173055   0   0.655292   0   0.327402   10.6632   0.936705   0   0.0105061   0   0.0527886   0   10.6633   0   0.936699   0   0.0527878   0   0.0105133   
141   -2.31801   0.0465569   0   0.657182   0   0.296261   0   -2.31556   0   0.0465771   0   0.296385   0   0.657038   6.61903   0.0177187   0   0.332521   0   0.649761   0   6.62058   0   0.0177046   0   0.649637   0   0.332658   10.6769   0.935724   0   0.0102972   0   0.0539784   0   10.677   0   0.935718   0   0.0539775   0   0.0103043   
142   -2.40481   0.0469582   0   0.653666   0   0.299376   0   -2.40237   0   0.0469783   0   0.299499   0   0.653523   6.69601   0.0180345   0   0.336202   0   0.645763   0   6.69757   0   0.0180203   0   0.645642   0   0.336338   10.6867   0.935007   0   0.0101322   0   0.0548604   0   10.6868   0   0.935001   0   0.0548594   0   0.0101392   
143   -2.45755   0.0471933   0   0.651591   0   0.301216   0   -2.45512   0   0.0472133   0   0.301337   0   0.651449   6.74284   0.0182372   0   0.338382   0   0.643381   0   6.7444   0   0.0182231   0   0.64326   0   0.338517   10.6926   0.934569   0   0.0100267   0   0.0554038   0   10.6927   0   0.934564   0   0.0554028   0   0.0100336   
144   -2.47524   0.0472707   0   0.650906   0   0.301824   0   -2.47281   0   0.0472907   0   0.301945   0   0.650764   6.75856   0.0183072   0   0.339104   0   0.642589   0   6.76012   0   0.018293   0   0.642468   0   0.339239   10.6946   0.934422   0   0.00999042   0   0.0555874   0   10.6947   0   0.934416   0   0.0555864   0   0.00999728   
145   -2.47524   0.0472707   0   0.650906   0   0.301824   0   -2.47281   0   0.0472907   0   0.301945   0   0.650764   6.75856   0.0183072   0   0.339104   0   0.642589   0   6.76012   0   0.018293   0   0.642468   0   0.339239   10.6946   0.934422   0   0.00999042   0   0.0555874   0   10.6947   0   0.934416   0   0.0555864   0   0.00999728   
