#kindex  E(k,1)  orb=0,UP  orb=0,DOWN orb=1,UP  orb=1,DOWN ... E(k,2)  UP DOWN  .....
0   -3.22344   0.404455   0   0.489847   0   0.105698   0   -3.22344   0   0.404455   0   0.105698   0   0.489847   2.00868   0.583547   0   0.397825   0   0.0186276   0   2.00868   0   0.583547   0   0.0186276   0   0.397825   10.9666   0.0119982   0   0.112327   0   0.875674   0   10.9666   0   0.0119982   0   0.875674   0   0.112327   
1   -3.21009   0.40528   0   0.489539   0   0.105182   0   -3.21009   0   0.40528   0   0.105182   0   0.489538   2.0066   0.582695   0   0.398811   0   0.0184939   0   2.0066   0   0.582695   0   0.0184939   0   0.398811   10.9554   0.0120257   0   0.11165   0   0.876324   0   10.9554   0   0.0120257   0   0.876324   0   0.11165   
2   -3.17029   0.407752   0   0.488608   0   0.103641   0   -3.17029   0   0.407752   0   0.103641   0   0.488607   2.00031   0.580141   0   0.401765   0   0.0180938   0   2.00031   0   0.580141   0   0.0180938   0   0.401765   10.9219   0.0121069   0   0.109627   0   0.878266   0   10.9219   0   0.0121069   0   0.878266   0   0.109627   
3   -3.10491   0.411866   0   0.48704   0   0.101094   0   -3.10491   0   0.411866   0   0.101094   0   0.48704   1.98963   0.575897   0   0.406672   0   0.0174311   0   1.98963   0   0.575897   0   0.0174311   0   0.406672   10.8672   0.0122373   0   0.106288   0   0.881475   0   10.8672   0   0.0122373   0   0.881475   0   0.106288   
4   -3.01532   0.417609   0   0.484812   0   0.0975787   0   -3.01532   0   0.417609   0   0.0975787   0   0.484812   1.97427   0.569982   0   0.413505   0   0.0165134   0   1.97427   0   0.569982   0   0.0165134   0   0.413505   10.7929   0.012409   0   0.101683   0   0.885908   0   10.7929   0   0.012409   0   0.885908   0   0.101683   
5   -2.9034   0.42496   0   0.481894   0   0.0931459   0   -2.9034   0   0.42496   0   0.0931459   0   0.481894   1.95381   0.56243   0   0.422216   0   0.0153541   0   1.95381   0   0.56243   0   0.0153541   0   0.422216   10.7015   0.01261   0   0.09589   0   0.8915   0   10.7015   0   0.01261   0   0.8915   0   0.09589   
6   -2.77145   0.433883   0   0.47825   0   0.0878669   0   -2.77145   0   0.433884   0   0.0878668   0   0.47825   1.92776   0.553293   0   0.432731   0   0.0139754   0   1.92776   0   0.553293   0   0.0139754   0   0.432732   10.5956   0.0128234   0   0.0890189   0   0.898158   0   10.5956   0   0.0128234   0   0.898158   0   0.0890189   
7   -2.62215   0.444328   0   0.473839   0   0.0818332   0   -2.62215   0   0.444328   0   0.0818332   0   0.473839   1.89552   0.542646   0   0.444944   0   0.0124104   0   1.89552   0   0.542646   0   0.0124105   0   0.444944   10.4785   0.0130262   0   0.0812175   0   0.905756   0   10.4785   0   0.0130262   0   0.905756   0   0.0812175   
8   -2.45845   0.456219   0   0.468622   0   0.0751591   0   -2.45845   0   0.456219   0   0.0751591   0   0.468622   1.85648   0.530591   0   0.458703   0   0.010706   0   1.85648   0   0.530591   0   0.010706   0   0.458703   10.3539   0.0131893   0   0.0726758   0   0.914135   0   10.3539   0   0.0131893   0   0.914135   0   0.0726758   
9   -2.28348   0.46946   0   0.462559   0   0.0679815   0   -2.28348   0   0.46946   0   0.0679815   0   0.462558   1.80998   0.517263   0   0.473814   0   0.00892308   0   1.80998   0   0.517263   0   0.00892309   0   0.473814   10.2254   0.0132775   0   0.0636271   0   0.923095   0   10.2254   0   0.0132775   0   0.923095   0   0.0636271   
10   -2.10043   0.483928   0   0.455613   0   0.0604595   0   -2.10043   0   0.483928   0   0.0604594   0   0.455613   1.75543   0.502822   0   0.490043   0   0.00713534   0   1.75543   0   0.502822   0   0.00713535   0   0.490043   10.0969   0.0132503   0   0.0543445   0   0.932405   0   10.0969   0   0.0132503   0   0.932405   0   0.0543445   
11   -1.91243   0.499481   0   0.447749   0   0.0527701   0   -1.91243   0   0.499481   0   0.05277   0   0.447749   1.69234   0.487453   0   0.507122   0   0.00542465   0   1.69234   0   0.487453   0   0.00542466   0   0.507122   9.97197   0.0130654   0   0.0451294   0   0.941805   0   9.97197   0   0.0130653   0   0.941805   0   0.0451293   
12   -1.72248   0.515973   0   0.438924   0   0.0451029   0   -1.72248   0   0.515973   0   0.0451029   0   0.438924   1.62042   0.471344   0   0.524783   0   0.00387293   0   1.62042   0   0.471344   0   0.00387293   0   0.524783   9.85393   0.0126828   0   0.036293   0   0.951024   0   9.85394   0   0.0126828   0   0.951024   0   0.036293   
13   -1.53327   0.533271   0   0.429078   0   0.0376512   0   -1.53326   0   0.533271   0   0.0376511   0   0.429077   1.53963   0.454657   0   0.542791   0   0.00255146   0   1.53963   0   0.454657   0   0.00255147   0   0.542791   9.74551   0.0120713   0   0.0281313   0   0.959797   0   9.74551   0   0.0120713   0   0.959797   0   0.0281313   
14   -1.34714   0.551297   0   0.418102   0   0.0306012   0   -1.34714   0   0.551297   0   0.0306012   0   0.418102   1.45024   0.437488   0   0.561002   0   0.00150957   0   1.45024   0   0.437488   0   0.00150958   0   0.561002   9.64878   0.0112151   0   0.0208957   0   0.967889   0   9.64878   0   0.0112151   0   0.967889   0   0.0208957   
15   -1.16603   0.570079   0   0.4058   0   0.0241205   0   -1.16603   0   0.57008   0   0.0241205   0   0.4058   1.35286   0.419801   0   0.579433   0   0.000765513   0   1.35287   0   0.419801   0   0.000765515   0   0.579434   9.56504   0.0101195   0   0.0147665   0   0.975114   0   9.56504   0   0.0101195   0   0.975114   0   0.0147665   
16   -0.991388   0.589843   0   0.391811   0   0.0183468   0   -0.991388   0   0.589843   0   0.0183468   0   0.39181   1.24847   0.401342   0   0.598355   0   0.000302429   0   1.24847   0   0.401342   0   0.000302431   0   0.598356   9.4948   0.00881531   0   0.00983389   0   0.981351   0   9.4948   0   0.00881531   0   0.981351   0   0.00983389   
17   -0.824247   0.611135   0   0.375487   0   0.0133781   0   -0.824247   0   0.611135   0   0.0133781   0   0.375487   1.13833   0.381507   0   0.618421   0   7.14072e-05   0   1.13833   0   0.381507   0   7.14079e-05   0   0.618422   9.4378   0.00735813   0   0.00609136   0   0.986551   0   9.4378   0   0.00735813   0   0.986551   0   0.00609136   
18   -0.665256   0.635043   0   0.355691   0   0.0092666   0   -0.665256   0   0.635043   0   0.0092666   0   0.35569   1.024   0.359132   0   0.640866   0   1.54291e-06   0   1.024   0   0.359132   0   1.54301e-06   0   0.640867   9.39314   0.00582502   0   0.00344312   0   0.990732   0   9.39314   0   0.00582502   0   0.990732   0   0.00344312   
19   -0.514856   0.66357   0   0.330414   0   0.0060159   0   -0.514856   0   0.66357   0   0.0060159   0   0.330414   0.907287   0.332123   0   0.667861   0   1.52155e-05   0   0.907288   0   0.332123   0   1.52152e-05   0   0.667862   9.35945   0.00430706   0   0.00172405   0   0.993969   0   9.35945   0   0.00430706   0   0.993969   0   0.00172405   
20   -0.373603   0.700326   0   0.296092   0   0.0035824   0   -0.373602   0   0.700327   0   0.0035824   0   0.296091   0.790398   0.296774   0   0.703181   0   4.53453e-05   0   0.790398   0   0.296773   0   4.53448e-05   0   0.703181   9.33509   0.00290032   0   0.000727428   0   0.996372   0   9.33509   0   0.00290032   0   0.996372   0   0.000727428   
21   -0.242891   0.751741   0   0.246378   0   0.0018809   0   -0.242891   0   0.751741   0   0.0018809   0   0.246378   0.676429   0.246562   0   0.753387   0   5.10307e-05   0   0.67643   0   0.246562   0   5.10303e-05   0   0.753387   9.31834   0.00169657   0   0.000235358   0   0.998068   0   9.31834   0   0.00169657   0   0.998068   0   0.000235358   
22   -0.12679   0.828007   0   0.171198   0   0.000794692   0   -0.12679   0   0.828007   0   0.000794691   0   0.171198   0.571013   0.171218   0   0.828754   0   2.77472e-05   0   0.571014   0   0.171217   0   2.7747e-05   0   0.828755   9.30766   0.000775221   0   4.72175e-05   0   0.999178   0   9.30766   0   0.000775221   0   0.999178   0   4.72175e-05   
23   -0.0369591   0.932784   0   0.0670202   0   0.000196141   0   -0.0369591   0   0.932784   0   0.000196141   0   0.0670199   0.487056   0.0670193   0   0.932977   0   3.86971e-06   0   0.487057   0   0.067019   0   3.86967e-06   0   0.932977   9.30178   0.000197032   0   2.97817e-06   0   0.9998   0   9.30178   0   0.000197032   0   0.9998   0   2.97817e-06   
24   -3.47959e-32   1   0   7.34204e-32   0   1.73406e-34   0   -3.47958e-32   0   1   0   1.73406e-34   0   7.342e-32   0.451963   7.34204e-32   0   1   0   6.35557e-33   0   0.451964   0   7.342e-32   0   9.94938e-33   0   1   9.29992   1.73406e-34   0   2.08725e-32   0   1   0   9.29992   0   1.73406e-34   0   1   0   1.58235e-32   
25   -0.0351275   0   0.932734   0   1.65987e-34   0   0.0672658   -0.00183947   0.999802   0   7.32978e-32   0   0.000197716   0   0.451963   7.34125e-32   0   1   0   8.05767e-32   0   0.487091   0   0.0672658   0   1.61688e-33   0   0.932734   9.29992   0   1.60086e-34   0   1   0   3.87993e-33   9.30176   0.000197716   0   2.61076e-32   0   0.999802   0   
26   -0.119295   0   0.827247   0   6.98872e-34   0   0.172753   -0.00732208   0.999214   0   8.34904e-32   0   0.00078609   0   0.451963   8.45009e-32   0   1   0   2.86077e-33   0   0.571259   0   0.172753   0   3.30375e-33   0   0.827247   9.29992   0   1.54094e-34   0   1   0   2.40311e-33   9.30724   0.00078609   0   2.73952e-32   0   0.999214   0   
27   -0.224916   0   0.750591   0   3.23012e-34   0   0.249409   -0.0163414   0.998249   0   1.06846e-31   0   0.001751   0   0.451963   1.10746e-31   0   1   0   3.3085e-33   0   0.67688   0   0.249409   0   9.72098e-34   0   0.750591   9.29992   0   0   0   1   0   8.72061e-32   9.31626   0.001751   0   5.91978e-32   0   0.998249   0   
28   -0.338834   0   0.700049   0   2.87681e-34   0   0.299951   -0.0287233   0.99693   0   5.9059e-32   0   0.00306959   0   0.451963   5.87752e-32   0   1   0   7.86905e-32   0   0.790798   0   0.299951   0   6.71413e-34   0   0.700049   9.29992   0   0   0   1   0   3.21448e-32   9.32864   0.00306959   0   3.74937e-33   0   0.99693   0   
29   -0.455459   0   0.665812   0   1.45305e-33   0   0.334188   -0.0442302   0.995289   0   8.34337e-32   0   0.00471116   0   0.451963   8.47825e-32   0   1   0   8.36001e-32   0   0.907422   0   0.334188   0   2.89496e-33   0   0.665812   9.29992   0   0   0   1   0   8.3635e-32   9.34415   0.00471116   0   5.68958e-33   0   0.995289   0   
30   -0.57205   0   0.641587   0   3.55388e-34   0   0.358413   -0.0625674   0.993362   0   4.45229e-32   0   0.00663842   0   0.451963   4.39686e-32   0   1   0   4.20936e-32   0   1.02401   0   0.358413   0   6.36173e-34   0   0.641587   9.29992   0   0   0   1   0   3.90389e-33   9.36248   0.00663842   0   3.77129e-33   0   0.993362   0   
31   -0.687005   0   0.62376   0   1.37834e-34   0   0.37624   -0.0833903   0.991191   0   6.52827e-32   0   0.00880881   0   0.451963   6.74991e-32   0   1   0   1.33434e-32   0   1.13897   0   0.37624   0   2.28512e-34   0   0.62376   9.29992   0   0   0   1   0   8.99936e-32   9.38331   0.00880881   0   1.31576e-32   0   0.991191   0   
32   -0.799234   0   0.610212   0   2.43977e-34   0   0.389788   -0.106313   0.988824   0   1.2086e-31   0   0.011176   0   0.451963   1.26271e-31   0   1   0   7.20169e-33   0   1.2512   0   0.389788   0   3.81944e-34   0   0.610212   9.29992   0   0   0   1   0   4.7052e-33   9.40623   0.011176   0   1.21359e-32   0   0.988824   0   
33   -0.907906   0   0.599649   0   1.50966e-33   0   0.400351   -0.130915   0.986309   0   2.09702e-31   0   0.0136915   0   0.451963   2.22239e-31   0   1   0   1.36932e-32   0   1.35987   0   0.400351   0   2.26118e-33   0   0.599649   9.29992   0   0   0   1   0   1.12081e-32   9.43083   0.0136915   0   2.15805e-32   0   0.986309   0   
34   -1.01234   0   0.591246   0   2.08419e-33   0   0.408754   -0.156753   0.983694   0   2.34991e-31   0   0.0163056   0   0.451963   2.52988e-31   0   1   0   1.38393e-33   0   1.4643   0   0.408754   0   3.01469e-33   0   0.591246   9.29992   0   0   0   1   0   6.75403e-32   9.45667   0.0163056   0   3.47102e-32   0   0.983694   0   
35   -1.11193   0   0.584453   0   1.86481e-33   0   0.415547   -0.18337   0.981031   0   1.96179e-31   0   0.0189693   0   0.451963   2.0833e-31   0   1   0   1.05507e-34   0   1.5639   0   0.415547   0   2.62279e-33   0   0.584453   9.29992   0   0   0   1   0   7.02471e-33   9.48329   0.0189693   0   1.71409e-32   0   0.981031   0   
36   -1.20617   0   0.578896   0   1.73031e-33   0   0.421104   -0.2103   0.978365   0   4.89278e-31   0   0.0216347   0   0.451963   5.37053e-31   0   1   0   3.18597e-33   0   1.65814   0   0.421104   0   2.37867e-33   0   0.578896   9.29992   0   0   0   1   0   5.55954e-32   9.51022   0.0216347   0   8.14437e-32   0   0.978365   0   
37   -1.29458   0   0.574308   0   1.65518e-33   0   0.425692   -0.237082   0.975744   0   3.47265e-31   0   0.0242562   0   0.451963   3.86885e-31   0   1   0   5.06551e-32   0   1.74655   0   0.425692   0   2.23304e-33   0   0.574308   9.29992   0   0   0   1   0   6.50693e-32   9.537   0.0242562   0   7.1903e-32   0   0.975744   0   
38   -1.37674   0   0.5705   0   2.17332e-33   0   0.4295   -0.263264   0.973209   0   5.6967e-32   0   0.0267913   0   0.451963   5.84607e-32   0   1   0   3.17e-33   0   1.8287   0   0.4295   0   2.88678e-33   0   0.5705   9.29992   0   0   0   1   0   8.29923e-32   9.56318   0.0267913   0   2.63345e-33   0   0.973209   0   
39   -1.45224   0   0.567328   0   1.62233e-33   0   0.432672   -0.28841   0.970799   0   5.76998e-32   0   0.0292009   0   0.451963   5.95959e-32   0   1   0   8.54324e-33   0   1.90421   0   0.432672   0   2.12722e-33   0   0.567328   9.29992   0   0   0   1   0   7.34913e-32   9.58833   0.0292009   0   3.23182e-33   0   0.970799   0   
40   -1.52075   0   0.564687   0   1.12803e-33   0   0.435313   -0.312109   0.968551   0   1.06564e-30   0   0.0314495   0   0.451963   1.2078e-30   0   1   0   3.93598e-32   0   1.97271   0   0.435313   0   1.46328e-33   0   0.564687   9.29992   0   0   0   1   0   1.73388e-31   9.61203   0.0314495   0   2.24548e-31   0   0.968551   0   
41   -1.58194   0   0.562498   0   3.98926e-34   0   0.437502   -0.333979   0.966494   0   8.56072e-31   0   0.0335056   0   0.451963   9.74772e-31   0   1   0   4.88317e-32   0   2.03391   0   0.437502   0   5.129e-34   0   0.562498   9.29992   0   0   0   1   0   1.73901e-31   9.6339   0.0335056   0   1.85059e-31   0   0.966494   0   
42   -1.63554   0   0.560698   0   1.92972e-33   0   0.439302   -0.353673   0.964658   0   1.79804e-31   0   0.0353416   0   0.451963   1.99103e-31   0   1   0   4.50799e-32   0   2.08751   0   0.439302   0   2.46298e-33   0   0.560698   9.29992   0   0   0   1   0   0   9.65359   0.0353416   0   2.84523e-32   0   0.964658   0   
43   -1.68131   0   0.559241   0   1.84301e-33   0   0.440759   -0.37088   0.963066   0   1.18185e-31   0   0.0369341   0   0.451963   1.26001e-31   0   1   0   1.34558e-32   0   2.13328   0   0.440759   0   2.33843e-33   0   0.559241   9.29992   0   0   0   1   0   3.08149e-33   9.6708   0.0369341   0   8.87312e-33   0   0.963066   0   
44   -1.71904   0   0.558092   0   2.01482e-33   0   0.441908   -0.385333   0.961737   0   6.98235e-32   0   0.0382633   0   0.451963   7.69657e-32   0   1   0   4.21264e-33   0   2.17101   0   0.441908   0   2.54455e-33   0   0.558092   9.29992   0   0   0   1   0   4.02678e-32   9.68525   0.0382633   0   1.23082e-32   0   0.961737   0   
45   -1.74856   0   0.557224   0   4.93569e-34   0   0.442776   -0.39681   0.960687   0   7.2197e-32   0   0.0393133   0   0.451963   7.70289e-32   0   1   0   4.08932e-33   0   2.20053   0   0.442776   0   6.21145e-34   0   0.557224   9.29992   0   0   0   1   0   7.07703e-34   9.69673   0.0393133   0   6.87401e-33   0   0.960687   0   
46   -1.76974   0   0.556616   0   2.73968e-33   0   0.443384   -0.405135   0.959928   0   1.16107e-31   0   0.0400719   0   0.451963   1.26365e-31   0   1   0   3.01721e-32   0   2.22171   0   0.443384   0   3.43935e-33   0   0.556616   9.29992   0   0   0   1   0   4.83759e-32   9.70505   0.0400719   0   1.37057e-32   0   0.959928   0   
47   -1.78249   0   0.556257   0   3.11047e-34   0   0.443743   -0.41018   0.959469   0   1.92884e-31   0   0.0405305   0   0.451963   2.16531e-31   0   1   0   2.39822e-33   0   2.23445   0   0.443743   0   3.89915e-34   0   0.556257   9.29992   0   0   0   1   0   1.32616e-32   9.7101   0.0405305   0   3.38613e-32   0   0.959469   0   
48   -1.78674   0   0.556138   0   5.26984e-34   0   0.443862   -0.411871   0.959316   0   8.14433e-32   0   0.040684   0   0.451963   8.80091e-32   0   1   0   4.49441e-33   0   2.23871   0   0.443862   0   6.60286e-34   0   0.556138   9.29992   0   0   0   1   0   1.18727e-33   9.71179   0.040684   0   9.36592e-33   0   0.959316   0   
49   -1.79341   0   0.555153   0   0.000600449   0   0.444247   -0.448421   0.91993   0   0.0392279   0   0.0408417   0   0.482809   0.0395855   0   0.960157   0   0.000257821   0   2.23706   0   0.444782   0   0.000232341   0   0.554986   9.30823   0   6.55341e-05   0   0.999167   0   0.000767255   9.71749   0.0404841   0   0.000615446   0   0.9589   0   
50   -1.81326   0   0.552237   0   0.00238239   0   0.445381   -0.545293   0.838085   0   0.120154   0   0.041761   0   0.562684   0.122021   0   0.877404   0   0.000575353   0   2.23221   0   0.447503   0   0.000909342   0   0.551588   9.33293   0   0.000260041   0   0.996708   0   0.00303169   9.73449   0.0398935   0   0.00244287   0   0.957664   0   
51   -1.84587   0   0.547512   0   0.00528871   0   0.4472   -0.679811   0.758543   0   0.197648   0   0.043809   0   0.669258   0.202519   0   0.796925   0   0.00055546   0   2.22439   0   0.451911   0   0.00197429   0   0.546115   9.37337   0   0.000577378   0   0.992737   0   0.00668563   9.76243   0.0389379   0   0.00542663   0   0.955636   0   
52   -1.89057   0   0.541166   0   0.00922782   0   0.449606   -0.835633   0.694163   0   0.259013   0   0.0468239   0   0.786749   0.268179   0   0.73151   0   0.000311553   0   2.21396   0   0.457826   0   0.00334294   0   0.538831   9.42849   0   0.00100777   0   0.987429   0   0.011563   9.80076   0.0376579   0   0.00947756   0   0.952865   0   
53   -1.94642   0   0.533444   0   0.0140788   0   0.452477   -1.00334   0.643701   0   0.305788   0   0.0505109   0   0.906508   0.320193   0   0.679734   0   7.28859e-05   0   2.20141   0   0.465018   0   0.00491609   0   0.530066   9.49689   0   0.00153846   0   0.981005   0   0.0174564   9.84872   0.0361058   0   0.014478   0   0.949416   0   
54   -2.01227   0   0.524622   0   0.0196982   0   0.45568   -1.17741   0.603692   0   0.341685   0   0.0546234   0   1.02395   0.361967   0   0.638027   0   5.50871e-06   0   2.18723   0   0.473223   0   0.00659268   0   0.520184   9.57692   0   0.00215443   0   0.973709   0   0.0241365   9.90534   0.0343409   0   0.020288   0   0.945371   0   
55   -2.08678   0   0.514995   0   0.0259277   0   0.459077   -1.35422   0.571297   0   0.369724   0   0.0589788   0   1.13656   0.396277   0   0.603523   0   0.000199794   0   2.17194   0   0.482166   0   0.00828088   0   0.509553   9.66672   0   0.00283925   0   0.965791   0   0.0313693   9.96954   0.0324259   0   0.0267527   0   0.940821   0   
56   -2.16848   0   0.504853   0   0.0326022   0   0.462544   -1.53116   0.544529   0   0.392029   0   0.0634416   0   1.24295   0.425048   0   0.574262   0   0.000690315   0   2.15605   0   0.491571   0   0.00990549   0   0.498524   9.76432   0   0.00357587   0   0.957492   0   0.0389318   10.0401   0.0304228   0   0.0337091   0   0.935868   0   
57   -2.25578   0   0.494472   0   0.0395573   0   0.465971   -1.70612   0.522039   0   0.410053   0   0.0679085   0   1.34235   0.449572   0   0.548954   0   0.00147405   0   2.13999   0   0.501181   0   0.0114114   0   0.487408   9.86767   0   0.00434727   0   0.949031   0   0.0466214   10.1156   0.0283894   0   0.0409932   0   0.930617   0   
58   -2.34703   0   0.484096   0   0.0466359   0   0.469268   -1.87733   0.502899   0   0.424802   0   0.0722991   0   1.43438   0.470724   0   0.526752   0   0.0025234   0   2.12415   0   0.510767   0   0.0127637   0   0.476469   9.97476   0   0.00513704   0   0.9406   0   0.0542626   10.1948   0.026377   0   0.0484455   0   0.925177   0   
59   -2.44054   0   0.473938   0   0.0536933   0   0.472369   -2.04322   0.48646   0   0.43699   0   0.07655   0   1.51889   0.489111   0   0.507093   0   0.00379539   0   2.10883   0   0.520132   0   0.0139453   0   0.465923   10.0836   0   0.0059298   0   0.932361   0   0.0617088   10.2762   0.0244289   0   0.0559165   0   0.919655   0   
60   -2.53466   0   0.464173   0   0.0606002   0   0.475227   -2.20238   0.472256   0   0.447133   0   0.0806105   0   1.59592   0.505164   0   0.489598   0   0.00523835   0   2.09428   0   0.529115   0   0.0149531   0   0.455931   10.1923   0   0.00671146   0   0.924447   0   0.0688418   10.3583   0.0225798   0   0.0632691   0   0.914151   0   
61   -2.62777   0   0.45494   0   0.0672445   0   0.477815   -2.35353   0.459946   0   0.455614   0   0.0844403   0   1.66558   0.519199   0   0.474004   0   0.00679681   0   2.08068   0   0.53759   0   0.0157946   0   0.446615   10.299   0   0.0074694   0   0.916961   0   0.0755697   10.4398   0.0208555   0   0.0703816   0   0.908763   0   
62   -2.71831   0   0.446346   0   0.0735317   0   0.480122   -2.49548   0.44927   0   0.462723   0   0.0880074   0   1.72806   0.531456   0   0.460129   0   0.00841511   0   2.06814   0   0.545461   0   0.0164837   0   0.438055   10.4021   0   0.0081925   0   0.909985   0   0.0818228   10.5193   0.0192744   0   0.0771481   0   0.903578   0   
63   -2.80483   0   0.438469   0   0.079384   0   0.482147   -2.62716   0.440032   0   0.468681   0   0.0912864   0   1.78361   0.54212   0   0.44784   0   0.0100399   0   2.05675   0   0.55266   0   0.0170378   0   0.430302   10.5   0   0.00887113   0   0.903578   0   0.0875507   10.5954   0.0178477   0   0.0834786   0   0.898674   0   
64   -2.88597   0   0.431363   0   0.0847389   0   0.483898   -2.74761   0.432079   0   0.473664   0   0.0942576   0   1.83247   0.55134   0   0.437038   0   0.011622   0   2.04656   0   0.55914   0   0.0174759   0   0.423384   10.5913   0   0.00949708   0   0.897785   0   0.0927177   10.667   0.0165812   0   0.0892984   0   0.89412   0   
65   -2.96052   0   0.425063   0   0.0895472   0   0.48539   -2.85596   0.425289   0   0.477805   0   0.0969055   0   1.87489   0.559234   0   0.427648   0   0.0131173   0   2.03759   0   0.564873   0   0.0178163   0   0.41731   10.6748   0   0.0100634   0   0.892636   0   0.0973001   10.733   0.0154764   0   0.0945464   0   0.889977   0   
66   -3.02737   0   0.419592   0   0.0937711   0   0.486637   -2.95143   0.419568   0   0.481214   0   0.0992184   0   1.91111   0.5659   0   0.419612   0   0.0144872   0   2.02986   0   0.569843   0   0.0180763   0   0.41208   10.7494   0   0.0105645   0   0.888153   0   0.101283   10.7922   0.0145316   0   0.099174   0   0.886294   0   
67   -3.08558   0   0.414961   0   0.0973823   0   0.487657   -3.03335   0.41484   0   0.483973   0   0.101187   0   1.94135   0.571417   0   0.412884   0   0.015699   0   2.02334   0   0.574044   0   0.0182709   0   0.407685   10.8141   0   0.0109955   0   0.884347   0   0.104658   10.8439   0.0137434   0   0.103143   0   0.883114   0   
68   -3.13431   0   0.411174   0   0.10036   0   0.488466   -3.10116   0.411044   0   0.48615   0   0.102806   0   1.96582   0.575848   0   0.407426   0   0.0167258   0   2.01804   0   0.577473   0   0.0184129   0   0.404114   10.8682   0   0.0113529   0   0.881227   0   0.10742   10.8872   0.0131072   0   0.106424   0   0.880468   0   
69   -3.17292   0   0.408232   0   0.102688   0   0.48908   -3.15439   0.408137   0   0.487794   0   0.104069   0   1.98467   0.579244   0   0.40321   0   0.0175459   0   2.01393   0   0.580135   0   0.0185127   0   0.401352   10.9109   0   0.0116337   0   0.878799   0   0.109568   10.9216   0.0126184   0   0.108996   0   0.878385   0   
70   -3.20086   0   0.406132   0   0.104358   0   0.489509   -3.19267   0.406084   0   0.488943   0   0.104973   0   1.99804   0.581644   0   0.400213   0   0.0181431   0   2.01101   0   0.582032   0   0.0185784   0   0.39939   10.9417   0   0.0118357   0   0.877063   0   0.111101   10.9465   0.0122726   0   0.110844   0   0.876884   0   
71   -3.21778   0   0.404874   0   0.105363   0   0.489763   -3.21574   0.404861   0   0.489622   0   0.105517   0   2.00602   0.583073   0   0.398422   0   0.0185059   0   2.00926   0   0.583168   0   0.0186156   0   0.398216   10.9604   0   0.0119575   0   0.876022   0   0.112021   10.9616   0.0120666   0   0.111956   0   0.875977   0   
72   -3.22344   0.404455   0   0.489847   0   0.105698   0   -3.22344   0   0.404455   0   0.105698   0   0.489847   2.00868   0.583547   0   0.397825   0   0.0186276   0   2.00868   0   0.583547   0   0.0186276   0   0.397825   10.9666   0.0119982   0   0.112327   0   0.875674   0   10.9666   0   0.0119982   0   0.875674   0   0.112327   
73   -3.21778   0.404874   0   0.489763   0   0.105363   0   -3.21574   0   0.404861   0   0.105517   0   0.489622   2.00602   0   0.583072   0   0.0185059   0   0.398422   2.00926   0.583169   0   0.398216   0   0.0186156   0   10.9604   0.0119575   0   0.112021   0   0.876022   0   10.9616   0   0.0120666   0   0.875977   0   0.111956   
74   -3.20086   0.406132   0   0.489509   0   0.104358   0   -3.19266   0   0.406084   0   0.104973   0   0.488943   1.99804   0   0.581644   0   0.0181431   0   0.400213   2.01101   0.582032   0   0.39939   0   0.0185784   0   10.9417   0.0118357   0   0.111101   0   0.877063   0   10.9465   0   0.0122726   0   0.876884   0   0.110844   
75   -3.17292   0.408231   0   0.48908   0   0.102689   0   -3.15439   0   0.408137   0   0.104069   0   0.487794   1.98467   0   0.579244   0   0.0175459   0   0.40321   2.01393   0.580135   0   0.401352   0   0.0185127   0   10.9109   0.0116337   0   0.109568   0   0.878799   0   10.9216   0   0.0126184   0   0.878385   0   0.108996   
76   -3.13431   0.411174   0   0.488467   0   0.10036   0   -3.10116   0   0.411045   0   0.102806   0   0.48615   1.96582   0   0.575848   0   0.0167258   0   0.407426   2.01804   0.577473   0   0.404114   0   0.0184129   0   10.8682   0.0113529   0   0.10742   0   0.881227   0   10.8872   0   0.0131072   0   0.880468   0   0.106424   
77   -3.08558   0.414961   0   0.487657   0   0.0973823   0   -3.03335   0   0.41484   0   0.101187   0   0.483973   1.94135   0   0.571417   0   0.015699   0   0.412884   2.02334   0.574044   0   0.407685   0   0.0182708   0   10.8141   0.0109955   0   0.104658   0   0.884347   0   10.8439   0   0.0137434   0   0.883114   0   0.103143   
78   -3.02737   0.419592   0   0.486637   0   0.0937712   0   -2.95143   0   0.419568   0   0.0992184   0   0.481213   1.91111   0   0.5659   0   0.0144872   0   0.419613   2.02986   0.569844   0   0.41208   0   0.0180763   0   10.7494   0.0105645   0   0.101283   0   0.888153   0   10.7922   0   0.0145316   0   0.886294   0   0.099174   
79   -2.96052   0.425063   0   0.48539   0   0.0895472   0   -2.85596   0   0.425289   0   0.0969055   0   0.477805   1.87489   0   0.559234   0   0.0131173   0   0.427649   2.03759   0.564873   0   0.41731   0   0.0178163   0   10.6748   0.0100634   0   0.0973001   0   0.892636   0   10.733   0   0.0154764   0   0.889977   0   0.0945464   
80   -2.88597   0.431363   0   0.483899   0   0.0847389   0   -2.74761   0   0.432079   0   0.0942576   0   0.473663   1.83247   0   0.55134   0   0.0116221   0   0.437038   2.04656   0.55914   0   0.423384   0   0.0174759   0   10.5913   0.00949708   0   0.0927177   0   0.897785   0   10.667   0   0.0165812   0   0.89412   0   0.0892984   
81   -2.80483   0.438469   0   0.482147   0   0.079384   0   -2.62716   0   0.440032   0   0.0912864   0   0.468681   1.78361   0   0.54212   0   0.0100399   0   0.44784   2.05675   0.55266   0   0.430302   0   0.0170378   0   10.5   0.00887113   0   0.0875507   0   0.903578   0   10.5954   0   0.0178477   0   0.898674   0   0.0834786   
82   -2.71831   0.446346   0   0.480122   0   0.0735317   0   -2.49548   0   0.44927   0   0.0880074   0   0.462723   1.72806   0   0.531456   0   0.00841512   0   0.460129   2.06814   0.545461   0   0.438055   0   0.0164837   0   10.4021   0.0081925   0   0.0818229   0   0.909985   0   10.5193   0   0.0192744   0   0.903578   0   0.0771481   
83   -2.62777   0.45494   0   0.477815   0   0.0672445   0   -2.35352   0   0.459946   0   0.0844403   0   0.455614   1.66558   0   0.519199   0   0.00679682   0   0.474004   2.08068   0.53759   0   0.446615   0   0.0157946   0   10.299   0.0074694   0   0.0755697   0   0.916961   0   10.4398   0   0.0208555   0   0.908763   0   0.0703816   
84   -2.53466   0.464173   0   0.475227   0   0.0606002   0   -2.20238   0   0.472256   0   0.0806105   0   0.447133   1.59592   0   0.505164   0   0.00523836   0   0.489598   2.09428   0.529116   0   0.455931   0   0.0149531   0   10.1923   0.00671146   0   0.0688419   0   0.924447   0   10.3583   0   0.0225797   0   0.914151   0   0.0632691   
85   -2.44054   0.473938   0   0.472369   0   0.0536933   0   -2.04322   0   0.48646   0   0.07655   0   0.43699   1.51889   0   0.489111   0   0.0037954   0   0.507093   2.10883   0.520132   0   0.465922   0   0.0139453   0   10.0836   0.0059298   0   0.0617088   0   0.932361   0   10.2762   0   0.0244289   0   0.919655   0   0.0559165   
86   -2.34703   0.484096   0   0.469268   0   0.0466359   0   -1.87733   0   0.502899   0   0.0722991   0   0.424802   1.43438   0   0.470724   0   0.0025234   0   0.526752   2.12415   0.510767   0   0.476469   0   0.0127637   0   9.97476   0.00513704   0   0.0542626   0   0.9406   0   10.1948   0   0.026377   0   0.925177   0   0.0484455   
87   -2.25578   0.494472   0   0.465971   0   0.0395573   0   -1.70612   0   0.522039   0   0.0679085   0   0.410053   1.34235   0   0.449572   0   0.00147405   0   0.548954   2.13999   0.501181   0   0.487407   0   0.0114114   0   9.86767   0.00434727   0   0.0466214   0   0.949031   0   10.1156   0   0.0283894   0   0.930617   0   0.0409932   
88   -2.16848   0.504853   0   0.462545   0   0.0326022   0   -1.53116   0   0.54453   0   0.0634416   0   0.392029   1.24295   0   0.425048   0   0.000690319   0   0.574262   2.15605   0.491571   0   0.498524   0   0.00990549   0   9.76432   0.00357587   0   0.0389318   0   0.957492   0   10.0401   0   0.0304228   0   0.935868   0   0.0337091   
89   -2.08678   0.514995   0   0.459078   0   0.0259277   0   -1.35422   0   0.571297   0   0.0589788   0   0.369724   1.13656   0   0.396277   0   0.000199796   0   0.603523   2.17194   0.482166   0   0.509553   0   0.00828088   0   9.66672   0.00283925   0   0.0313693   0   0.965791   0   9.96955   0   0.0324259   0   0.940821   0   0.0267527   
90   -2.01227   0.524622   0   0.45568   0   0.0196982   0   -1.17741   0   0.603692   0   0.0546234   0   0.341684   1.02395   0   0.361967   0   5.50906e-06   0   0.638028   2.18723   0.473224   0   0.520184   0   0.00659268   0   9.57692   0.00215443   0   0.0241365   0   0.973709   0   9.90535   0   0.0343409   0   0.945371   0   0.020288   
91   -1.94642   0.533444   0   0.452478   0   0.0140788   0   -1.00334   0   0.643701   0   0.0505109   0   0.305788   0.906508   0   0.320193   0   7.28846e-05   0   0.679734   2.20141   0.465018   0   0.530066   0   0.00491609   0   9.49689   0.00153846   0   0.0174564   0   0.981005   0   9.84872   0   0.0361058   0   0.949416   0   0.014478   
92   -1.89057   0.541166   0   0.449606   0   0.00922782   0   -0.835632   0   0.694164   0   0.0468239   0   0.259012   0.78675   0   0.268178   0   0.00031155   0   0.73151   2.21396   0.457826   0   0.538831   0   0.00334294   0   9.42849   0.00100777   0   0.011563   0   0.987429   0   9.80077   0   0.0376579   0   0.952865   0   0.00947756   
93   -1.84587   0.547512   0   0.4472   0   0.00528871   0   -0.679811   0   0.758543   0   0.043809   0   0.197648   0.669259   0   0.202519   0   0.000555455   0   0.796926   2.22439   0.451911   0   0.546115   0   0.00197429   0   9.37337   0.000577378   0   0.00668563   0   0.992737   0   9.76243   0   0.0389378   0   0.955636   0   0.00542663   
94   -1.81326   0.552237   0   0.445381   0   0.00238239   0   -0.545292   0   0.838086   0   0.041761   0   0.120153   0.562686   0   0.122021   0   0.00057535   0   0.877404   2.23221   0.447503   0   0.551587   0   0.000909342   0   9.33293   0.000260041   0   0.00303169   0   0.996708   0   9.73449   0   0.0398935   0   0.957664   0   0.00244287   
95   -1.79341   0.555152   0   0.444247   0   0.000600449   0   -0.448421   0   0.91993   0   0.0408417   0   0.0392278   0.48281   0   0.0395854   0   0.000257819   0   0.960157   2.23706   0.444782   0   0.554986   0   0.000232341   0   9.30823   6.55342e-05   0   0.000767255   0   0.999167   0   9.71749   0   0.0404841   0   0.9589   0   0.000615446   
96   -1.78675   0.556138   0   0.443862   0   5.26984e-34   0   -0.411871   0   0.959316   0   0.040684   0   3.84337e-32   0.451964   0   3.86922e-32   0   2.81601e-34   0   1   2.23871   0.443862   0   0.556138   0   6.60286e-34   0   9.29992   0   0   1.18727e-33   0   1   0   9.71179   0   0.040684   0   0.959316   0   5.40075e-34   
97   -1.78249   0.556257   0   0.443743   0   2.73948e-34   0   -0.41018   0   0.959469   0   0.0405305   0   2.83745e-32   0.451964   0   2.79837e-32   0   6.07289e-34   0   1   2.23445   0.443743   0   0.556257   0   3.4341e-34   0   9.29992   0   0   6.17358e-34   0   1   0   9.7101   0   0.0405305   0   0.959469   0   2.16525e-34   
98   -1.76974   0.556616   0   0.443384   0   1.69124e-33   0   -0.405134   0   0.959928   0   0.0400719   0   5.3026e-32   0.451964   0   5.44263e-32   0   8.34211e-35   0   1   2.22171   0.443384   0   0.556616   0   2.12315e-33   0   9.29992   0   0   3.81439e-33   0   1   0   9.70505   0   0.0400719   0   0.959928   0   1.48373e-33   
99   -1.74856   0.557224   0   0.442776   0   4.64348e-34   0   -0.39681   0   0.960687   0   0.0393133   0   3.70791e-32   0.451964   0   3.71861e-32   0   3.32774e-34   0   1   2.20053   0.442776   0   0.557224   0   5.84371e-34   0   9.29992   0   0   1.04872e-33   0   1   0   9.69673   0   0.0393133   0   0.960687   0   4.39814e-34   
100   -1.71904   0.558092   0   0.441908   0   2.94876e-34   0   -0.385333   0   0.961737   0   0.0382633   0   3.10324e-32   0.451964   0   3.0708e-32   0   5.34209e-34   0   1   2.17101   0.441908   0   0.558092   0   3.72404e-34   0   9.29992   0   0   6.6728e-34   0   1   0   9.68525   0   0.0382633   0   0.961737   0   2.09888e-34   
101   -1.68131   0.559241   0   0.440759   0   1.84301e-33   0   -0.37088   0   0.963066   0   0.0369341   0   5.20089e-32   0.451964   0   5.3128e-32   0   9.32753e-35   0   1   2.13328   0.440759   0   0.559241   0   2.33843e-33   0   9.29992   0   0   4.18144e-33   0   1   0   9.6708   0   0.0369341   0   0.963066   0   1.21246e-33   
102   -1.63555   0.560698   0   0.439302   0   4.59971e-34   0   -0.353673   0   0.964658   0   0.0353416   0   3.92688e-32   0.451964   0   3.93758e-32   0   3.51476e-34   0   1   2.08751   0.439302   0   0.560698   0   5.87078e-34   0   9.29992   0   0   1.04705e-33   0   1   0   9.65359   0   0.0353416   0   0.964658   0   4.58415e-34   
103   -1.58194   0.562497   0   0.437503   0   2.18953e-34   0   -0.333979   0   0.966494   0   0.0335056   0   3.12395e-32   0.451964   0   3.07394e-32   0   5.95288e-34   0   1   2.03391   0.437503   0   0.562497   0   2.81508e-34   0   9.29992   0   0   5.00461e-34   0   1   0   9.6339   0   0.0335056   0   0.966494   0   9.52072e-35   
104   -1.52075   0.564687   0   0.435313   0   1.4049e-34   0   -0.312109   0   0.968551   0   0.0314495   0   1.94081e-32   0.451964   0   1.84808e-32   0   1.55865e-33   0   1   1.97271   0.435313   0   0.564687   0   1.82243e-34   0   9.29992   0   0   3.22733e-34   0   1   0   9.61203   0   0.0314495   0   0.968551   0   6.31305e-34   
105   -1.45224   0.567328   0   0.432672   0   3.27497e-34   0   -0.28841   0   0.970799   0   0.0292009   0   3.94597e-32   0.451964   0   3.92786e-32   0   3.96924e-34   0   1   1.9042   0.432672   0   0.567328   0   4.2942e-34   0   9.29992   0   0   7.56917e-34   0   1   0   9.58833   0   0.0292009   0   0.970799   0   2.15873e-34   
106   -1.37674   0.570499   0   0.429501   0   3.33511e-34   0   -0.263264   0   0.973209   0   0.0267913   0   4.18586e-32   0.451964   0   4.17144e-32   0   3.63866e-34   0   1   1.8287   0.429501   0   0.570499   0   4.42998e-34   0   9.29992   0   0   7.76509e-34   0   1   0   9.56318   0   0.0267913   0   0.973209   0   2.19682e-34   
107   -1.29458   0.574308   0   0.425692   0   4.94925e-34   0   -0.237082   0   0.975744   0   0.0242562   0   5.01717e-32   0.451964   0   5.04438e-32   0   2.27653e-34   0   1   1.74655   0.425692   0   0.574308   0   6.67712e-34   0   9.29992   0   0   1.16264e-33   0   1   0   9.537   0   0.0242562   0   0.975744   0   4.99783e-34   
108   -1.20617   0.578896   0   0.421104   0   2.73434e-34   0   -0.2103   0   0.978365   0   0.0216347   0   4.41439e-32   0.451964   0   4.38918e-32   0   3.94873e-34   0   1   1.65814   0.421104   0   0.578896   0   3.75892e-34   0   9.29992   0   0   6.49326e-34   0   1   0   9.51022   0   0.0216347   0   0.978365   0   1.42735e-34   
109   -1.11193   0.584453   0   0.415547   0   3.99612e-34   0   -0.18337   0   0.981031   0   0.0189693   0   5.26307e-32   0.451964   0   5.27405e-32   0   2.00918e-34   0   1   1.5639   0.415547   0   0.584453   0   5.62041e-34   0   9.29992   0   0   9.61654e-34   0   1   0   9.48329   0   0.0189693   0   0.981031   0   3.10655e-34   
110   -1.01234   0.591245   0   0.408755   0   3.54395e-34   0   -0.156753   0   0.983694   0   0.0163056   0   5.3932e-32   0.451964   0   5.39653e-32   0   2.09256e-34   0   1   1.4643   0.408755   0   0.591245   0   5.12617e-34   0   9.29992   0   0   8.67012e-34   0   1   0   9.45667   0   0.0163056   0   0.983694   0   2.42533e-34   
111   -0.907906   0.599649   0   0.400351   0   3.58379e-34   0   -0.130915   0   0.986309   0   0.0136915   0   5.74333e-32   0.451964   0   5.75147e-32   0   1.68336e-34   0   1   1.35987   0.400351   0   0.599649   0   5.36783e-34   0   9.29992   0   0   8.95163e-34   0   1   0   9.43083   0   0.0136915   0   0.986309   0   2.49773e-34   
112   -0.799235   0.610212   0   0.389788   0   3.61563e-34   0   -0.106313   0   0.988824   0   0.011176   0   6.09949e-32   0.451964   0   6.11225e-32   0   1.29843e-34   0   1   1.2512   0.389788   0   0.610212   0   5.66024e-34   0   9.29992   0   0   9.27587e-34   0   1   0   9.40623   0   0.011176   0   0.988824   0   2.57413e-34   
113   -0.687005   0.623759   0   0.376241   0   2.58748e-34   0   -0.0833903   0   0.991191   0   0.00880881   0   6.01978e-32   0.451964   0   6.01271e-32   0   1.96952e-34   0   1   1.13897   0.376241   0   0.623759   0   4.28971e-34   0   9.29992   0   0   6.87718e-34   0   1   0   9.38331   0   0.00880881   0   0.991191   0   1.26247e-34   
114   -0.57205   0.641587   0   0.358413   0   2.67683e-34   0   -0.0625674   0   0.993362   0   0.00663841   0   6.42888e-32   0.451964   0   6.42943e-32   0   1.24303e-34   0   1   1.02401   0.358413   0   0.641587   0   4.79173e-34   0   9.29992   0   0   7.46856e-34   0   1   0   9.36249   0   0.00663841   0   0.993362   0   1.29772e-34   
115   -0.455459   0.665811   0   0.334189   0   1.04926e-34   0   -0.0442302   0   0.995289   0   0.00471116   0   6.06273e-32   0.451964   0   6.03098e-32   0   3.18391e-34   0   1   0.907422   0.334189   0   0.665811   0   2.09047e-34   0   9.29992   0   0   3.13974e-34   0   1   0   9.34415   0   0.00471116   0   0.995289   0   8.93578e-37   
116   -0.338834   0.700049   0   0.299951   0   1.13008e-34   0   -0.0287233   0   0.99693   0   0.00306959   0   6.47086e-32   0.451964   0   6.44884e-32   0   2.20723e-34   0   1   0.790797   0.299951   0   0.700049   0   2.63746e-34   0   9.29992   0   0   3.76754e-34   0   1   0   9.32864   0   0.00306959   0   0.99693   0   5.84253e-37   
117   -0.224916   0.750591   0   0.249409   0   1.24082e-34   0   -0.0163414   0   0.998249   0   0.001751   0   6.82657e-32   0.451964   0   6.81336e-32   0   1.32497e-34   0   1   0.676879   0.249409   0   0.750591   0   3.73422e-34   0   9.29992   0   0   4.97505e-34   0   1   0   9.31626   0   0.001751   0   0.998249   0   3.34211e-37   
118   -0.119295   0.827247   0   0.172753   0   1.39839e-34   0   -0.00732208   0   0.999214   0   0.000786089   0   7.10418e-32   0.451964   0   7.09802e-32   0   6.17884e-35   0   1   0.571258   0.172753   0   0.827247   0   1.22975e-35   0   9.29992   1.49159e-34   0   2.97739e-36   0   1   0   9.30724   0   0.000786089   0   0.999214   0   1.50345e-37   
119   -0.0351275   0.932734   0   0.0672661   0   1.60526e-34   0   -0.00183947   0   0.999802   0   0.000197716   0   7.28116e-32   0.451964   0   7.27958e-32   0   1.59103e-35   0   1   0.48709   0.0672661   0   0.932734   0   5.82404e-37   0   9.29992   1.54612e-34   0   6.49735e-36   0   1   0   9.30176   0   0.000197716   0   0.999802   0   3.78614e-38   
120   -3.47959e-32   1   0   7.34204e-32   0   1.73406e-34   0   -3.47958e-32   0   1   0   1.73406e-34   0   7.342e-32   0.451963   7.34204e-32   0   1   0   6.35557e-33   0   0.451964   0   7.342e-32   0   9.94938e-33   0   1   9.29992   1.73406e-34   0   2.08725e-32   0   1   0   9.29992   0   1.73406e-34   0   1   0   1.58235e-32   
121   -0.0369591   0.932784   0   0.0670202   0   0.000196141   0   -0.0369591   0   0.932784   0   0.000196141   0   0.0670199   0.487056   0.0670193   0   0.932977   0   3.86971e-06   0   0.487057   0   0.067019   0   3.86967e-06   0   0.932977   9.30178   0.000197032   0   2.97817e-06   0   0.9998   0   9.30178   0   0.000197032   0   0.9998   0   2.97817e-06   
122   -0.12679   0.828007   0   0.171198   0   0.000794692   0   -0.12679   0   0.828007   0   0.000794691   0   0.171198   0.571013   0.171218   0   0.828754   0   2.77472e-05   0   0.571014   0   0.171217   0   2.7747e-05   0   0.828755   9.30766   0.000775221   0   4.72175e-05   0   0.999178   0   9.30766   0   0.000775221   0   0.999178   0   4.72175e-05   
123   -0.242891   0.751741   0   0.246378   0   0.0018809   0   -0.242891   0   0.751741   0   0.0018809   0   0.246378   0.676429   0.246562   0   0.753387   0   5.10307e-05   0   0.67643   0   0.246562   0   5.10303e-05   0   0.753387   9.31834   0.00169657   0   0.000235358   0   0.998068   0   9.31834   0   0.00169657   0   0.998068   0   0.000235358   
124   -0.373603   0.700326   0   0.296092   0   0.0035824   0   -0.373602   0   0.700327   0   0.0035824   0   0.296091   0.790398   0.296774   0   0.703181   0   4.53453e-05   0   0.790398   0   0.296773   0   4.53448e-05   0   0.703181   9.33509   0.00290032   0   0.000727428   0   0.996372   0   9.33509   0   0.00290032   0   0.996372   0   0.000727428   
125   -0.514856   0.66357   0   0.330414   0   0.0060159   0   -0.514856   0   0.66357   0   0.0060159   0   0.330414   0.907287   0.332123   0   0.667861   0   1.52155e-05   0   0.907288   0   0.332123   0   1.52152e-05   0   0.667862   9.35945   0.00430706   0   0.00172405   0   0.993969   0   9.35945   0   0.00430706   0   0.993969   0   0.00172405   
126   -0.665256   0.635043   0   0.355691   0   0.0092666   0   -0.665256   0   0.635043   0   0.0092666   0   0.35569   1.024   0.359132   0   0.640866   0   1.54291e-06   0   1.024   0   0.359132   0   1.54301e-06   0   0.640867   9.39314   0.00582502   0   0.00344312   0   0.990732   0   9.39314   0   0.00582502   0   0.990732   0   0.00344312   
127   -0.824247   0.611135   0   0.375487   0   0.0133781   0   -0.824247   0   0.611135   0   0.0133781   0   0.375487   1.13833   0.381507   0   0.618421   0   7.14072e-05   0   1.13833   0   0.381507   0   7.14079e-05   0   0.618422   9.4378   0.00735813   0   0.00609136   0   0.986551   0   9.4378   0   0.00735813   0   0.986551   0   0.00609136   
128   -0.991388   0.589843   0   0.391811   0   0.0183468   0   -0.991388   0   0.589843   0   0.0183468   0   0.39181   1.24847   0.401342   0   0.598355   0   0.000302429   0   1.24847   0   0.401342   0   0.000302431   0   0.598356   9.4948   0.00881531   0   0.00983389   0   0.981351   0   9.4948   0   0.00881531   0   0.981351   0   0.00983389   
129   -1.16603   0.570079   0   0.4058   0   0.0241205   0   -1.16603   0   0.57008   0   0.0241205   0   0.4058   1.35286   0.419801   0   0.579433   0   0.000765513   0   1.35287   0   0.419801   0   0.000765515   0   0.579434   9.56504   0.0101195   0   0.0147665   0   0.975114   0   9.56504   0   0.0101195   0   0.975114   0   0.0147665   
130   -1.34714   0.551297   0   0.418102   0   0.0306012   0   -1.34714   0   0.551297   0   0.0306012   0   0.418102   1.45024   0.437488   0   0.561002   0   0.00150957   0   1.45024   0   0.437488   0   0.00150958   0   0.561002   9.64878   0.0112151   0   0.0208957   0   0.967889   0   9.64878   0   0.0112151   0   0.967889   0   0.0208957   
131   -1.53327   0.533271   0   0.429078   0   0.0376512   0   -1.53326   0   0.533271   0   0.0376511   0   0.429077   1.53963   0.454657   0   0.542791   0   0.00255146   0   1.53963   0   0.454657   0   0.00255147   0   0.542791   9.74551   0.0120713   0   0.0281313   0   0.959797   0   9.74551   0   0.0120713   0   0.959797   0   0.0281313   
132   -1.72248   0.515973   0   0.438924   0   0.0451029   0   -1.72248   0   0.515973   0   0.0451029   0   0.438924   1.62042   0.471344   0   0.524783   0   0.00387293   0   1.62042   0   0.471344   0   0.00387293   0   0.524783   9.85393   0.0126828   0   0.036293   0   0.951024   0   9.85394   0   0.0126828   0   0.951024   0   0.036293   
133   -1.91243   0.499481   0   0.447749   0   0.0527701   0   -1.91243   0   0.499481   0   0.05277   0   0.447749   1.69234   0.487453   0   0.507122   0   0.00542465   0   1.69234   0   0.487453   0   0.00542466   0   0.507122   9.97197   0.0130654   0   0.0451294   0   0.941805   0   9.97197   0   0.0130653   0   0.941805   0   0.0451293   
134   -2.10043   0.483928   0   0.455613   0   0.0604595   0   -2.10043   0   0.483928   0   0.0604594   0   0.455613   1.75543   0.502822   0   0.490043   0   0.00713534   0   1.75543   0   0.502822   0   0.00713535   0   0.490043   10.0969   0.0132503   0   0.0543445   0   0.932405   0   10.0969   0   0.0132503   0   0.932405   0   0.0543445   
135   -2.28348   0.46946   0   0.462559   0   0.0679815   0   -2.28348   0   0.46946   0   0.0679815   0   0.462558   1.80998   0.517263   0   0.473814   0   0.00892308   0   1.80998   0   0.517263   0   0.00892309   0   0.473814   10.2254   0.0132775   0   0.0636271   0   0.923095   0   10.2254   0   0.0132775   0   0.923095   0   0.0636271   
136   -2.45845   0.456219   0   0.468622   0   0.0751591   0   -2.45845   0   0.456219   0   0.0751591   0   0.468622   1.85648   0.530591   0   0.458703   0   0.010706   0   1.85648   0   0.530591   0   0.010706   0   0.458703   10.3539   0.0131893   0   0.0726758   0   0.914135   0   10.3539   0   0.0131893   0   0.914135   0   0.0726758   
137   -2.62215   0.444328   0   0.473839   0   0.0818332   0   -2.62215   0   0.444328   0   0.0818332   0   0.473839   1.89552   0.542646   0   0.444944   0   0.0124104   0   1.89552   0   0.542646   0   0.0124105   0   0.444944   10.4785   0.0130262   0   0.0812175   0   0.905756   0   10.4785   0   0.0130262   0   0.905756   0   0.0812175   
138   -2.77145   0.433883   0   0.47825   0   0.0878669   0   -2.77145   0   0.433884   0   0.0878668   0   0.47825   1.92776   0.553293   0   0.432731   0   0.0139754   0   1.92776   0   0.553293   0   0.0139754   0   0.432732   10.5956   0.0128234   0   0.0890189   0   0.898158   0   10.5956   0   0.0128234   0   0.898158   0   0.0890189   
139   -2.9034   0.42496   0   0.481894   0   0.0931459   0   -2.9034   0   0.42496   0   0.0931459   0   0.481894   1.95381   0.56243   0   0.422216   0   0.0153541   0   1.95381   0   0.56243   0   0.0153541   0   0.422216   10.7015   0.01261   0   0.09589   0   0.8915   0   10.7015   0   0.01261   0   0.8915   0   0.09589   
140   -3.01532   0.417609   0   0.484812   0   0.0975787   0   -3.01532   0   0.417609   0   0.0975787   0   0.484812   1.97427   0.569982   0   0.413505   0   0.0165134   0   1.97427   0   0.569982   0   0.0165134   0   0.413505   10.7929   0.012409   0   0.101683   0   0.885908   0   10.7929   0   0.012409   0   0.885908   0   0.101683   
141   -3.10491   0.411866   0   0.48704   0   0.101094   0   -3.10491   0   0.411866   0   0.101094   0   0.48704   1.98963   0.575897   0   0.406672   0   0.0174311   0   1.98963   0   0.575897   0   0.0174311   0   0.406672   10.8672   0.0122373   0   0.106288   0   0.881475   0   10.8672   0   0.0122373   0   0.881475   0   0.106288   
142   -3.17029   0.407752   0   0.488608   0   0.103641   0   -3.17029   0   0.407752   0   0.103641   0   0.488607   2.00031   0.580141   0   0.401765   0   0.0180938   0   2.00031   0   0.580141   0   0.0180938   0   0.401765   10.9219   0.0121069   0   0.109627   0   0.878266   0   10.9219   0   0.0121069   0   0.878266   0   0.109627   
143   -3.21009   0.40528   0   0.489539   0   0.105182   0   -3.21009   0   0.40528   0   0.105182   0   0.489538   2.0066   0.582695   0   0.398811   0   0.0184939   0   2.0066   0   0.582695   0   0.0184939   0   0.398811   10.9554   0.0120257   0   0.11165   0   0.876324   0   10.9554   0   0.0120257   0   0.876324   0   0.11165   
144   -3.22344   0.404455   0   0.489847   0   0.105698   0   -3.22344   0   0.404455   0   0.105698   0   0.489847   2.00868   0.583547   0   0.397825   0   0.0186276   0   2.00868   0   0.583547   0   0.0186276   0   0.397825   10.9666   0.0119982   0   0.112327   0   0.875674   0   10.9666   0   0.0119982   0   0.875674   0   0.112327   
145   -3.22344   0.404455   0   0.489847   0   0.105698   0   -3.22344   0   0.404455   0   0.105698   0   0.489847   2.00868   0.583547   0   0.397825   0   0.0186276   0   2.00868   0   0.583547   0   0.0186276   0   0.397825   10.9666   0.0119982   0   0.112327   0   0.875674   0   10.9666   0   0.0119982   0   0.875674   0   0.112327   
